450	1
500	0
550	1
600	11
650	48
700	33
750	23
800	17
850	8
900	2
950	6
1000	2
1050	0
1100	6
1150	2
1200	2
1250	2
1300	2
1350	6
1400	6
1450	5
1500	15
1550	6
1600	16
1650	22
1700	26
1750	16
1800	11
1850	29
1900	15
1950	19
2000	11
2050	4
2100	2
2150	7
2200	8
2250	4
2300	3
2350	6
2400	10
2450	6
2500	2
2550	2
2600	5
2650	1
2700	0
2750	1
2800	3
2850	1
2900	1
2950	2
3000	0
3050	3
3100	2
3150	1
3200	1
3250	0
3300	1
3350	2
3400	0
3450	3
3500	0
3550	0
3600	0
3650	0
3700	2
3750	0
3800	1
3850	1
3900	0
3950	0
4000	0
4050	0
4100	0
4150	1
4200	2
4250	0
4300	0
4350	0
4400	0
4450	0
4500	0
4550	0
4600	0
4650	1
4700	0
4750	0
4800	0
4850	0
4900	0
4950	0
5000	0
5050	0
5100	0
5150	0
5200	0
5250	0
5300	0
5350	0
5400	0
5450	0
5500	0
5550	0
5600	0
5650	0
5700	0
5750	0
5800	0
5850	0
5900	0
5950	0
6000	0
6050	0
6100	0
6150	0
6200	0
6250	0
6300	0
6350	0
6400	0
6450	0
6500	0
6550	0
6600	0
6650	0
6700	0
6750	0
6800	0
6850	0
6900	0
6950	0
7000	0
7050	0
7100	0
7150	0
7200	0
7250	0
7300	0
7350	0
7400	0
7450	0
7500	0
7550	0
7600	0
7650	0
7700	0
7750	0
7800	0
7850	0
7900	0
7950	0
8000	0
8050	0
8100	0
8150	1
