130	1
135	0
140	0
145	0
150	1
155	0
160	0
165	0
170	4
175	3
180	2
185	5
190	3
195	3
200	0
205	1
210	5
215	1
220	4
225	3
230	5
235	5
240	3
245	4
250	2
255	3
260	4
265	6
270	6
275	5
280	3
285	1
290	1
295	2
300	2
305	1
310	0
315	0
320	1
325	1
330	2
335	1
340	1
345	3
350	1
355	0
360	0
365	0
370	0
375	0
380	0
385	0
390	0
395	0
400	2
405	2
410	0
415	2
420	3
425	1
430	2
435	1
440	2
445	0
450	1
455	0
460	3
465	2
470	4
475	1
480	2
485	2
490	2
495	1
500	2
505	2
510	1
515	4
520	1
525	3
530	3
535	3
540	2
545	2
550	1
555	3
560	1
565	1
570	1
575	0
580	0
585	0
590	0
595	0
600	0
605	0
610	0
615	1
620	1
625	2
630	0
635	2
640	1
645	0
650	2
655	0
660	1
665	0
670	0
675	1
680	1
685	0
690	1
695	0
700	1
705	0
710	1
715	0
720	2
725	2
730	2
735	0
740	0
745	0
750	0
755	0
760	0
765	0
770	0
775	0
780	0
785	0
790	0
795	0
800	0
805	0
810	0
815	0
820	0
825	0
830	0
835	0
840	0
845	0
850	0
855	0
860	0
865	0
870	0
875	0
880	0
885	0
890	0
895	0
900	0
905	0
910	0
915	0
920	0
925	0
930	0
935	0
940	0
945	0
950	0
955	0
960	0
965	0
970	0
975	0
980	0
985	0
990	0
995	0
1000	0
1005	0
1010	0
1015	0
1020	0
1025	0
1030	0
1035	0
1040	0
1045	0
1050	0
1055	0
1060	0
1065	0
1070	0
1075	0
1080	0
1085	0
1090	0
1095	0
1100	0
1105	0
1110	0
1115	0
1120	0
1125	0
1130	0
1135	0
1140	0
1145	0
1150	0
1155	0
1160	0
1165	0
1170	0
1175	0
1180	0
1185	1
