550	12
600	37
650	63
700	32
750	18
800	10
850	19
900	14
950	21
1000	19
1050	11
1100	9
1150	4
1200	0
1250	1
1300	2
1350	0
1400	5
1450	1
1500	1
1550	6
1600	11
1650	5
1700	3
1750	10
1800	17
1850	6
1900	10
1950	10
2000	10
2050	6
2100	12
2150	6
2200	14
2250	2
2300	12
2350	22
2400	11
2450	16
2500	10
2550	13
2600	2
2650	4
2700	0
2750	5
2800	1
2850	2
2900	10
2950	3
3000	16
3050	15
3100	7
3150	12
3200	5
3250	0
3300	2
3350	4
3400	0
3450	5
3500	0
3550	8
3600	5
3650	5
3700	0
3750	2
3800	4
3850	0
3900	0
3950	5
4000	0
4050	0
4100	0
4150	0
4200	5
4250	9
4300	0
4350	0
4400	1
4450	10
4500	0
4550	0
4600	3
4650	6
4700	5
4750	9
4800	1
4850	5
4900	0
4950	7
5000	3
5050	0
5100	1
5150	5
5200	0
5250	4
5300	1
5350	4
5400	0
5450	5
5500	0
5550	5
5600	0
5650	0
5700	0
5750	0
5800	0
5850	0
5900	10
5950	0
6000	5
6050	0
6100	0
6150	0
6200	0
6250	0
6300	1
6350	4
6400	5
6450	0
6500	0
6550	0
6600	0
6650	0
6700	0
6750	0
6800	1
6850	4
