0	92
5000	184
10000	0
15000	92
20000	0
25000	0
30000	0
35000	0
40000	0
45000	0
50000	0
55000	0
60000	0
65000	0
70000	0
75000	0
80000	0
85000	0
90000	0
95000	0
1e+05	0
105000	19
110000	73
115000	0
120000	0
125000	0
130000	0
135000	0
140000	0
145000	0
150000	0
155000	0
160000	0
165000	0
170000	0
175000	0
180000	0
185000	0
190000	0
195000	0
2e+05	0
205000	0
210000	0
215000	0
220000	0
225000	0
230000	0
235000	0
240000	0
245000	0
250000	0
255000	0
260000	0
265000	0
270000	0
275000	0
280000	0
285000	92
