15	2
20	3
25	12
30	12
35	9
40	6
45	3
50	5
55	5
60	7
65	5
70	2
75	3
80	3
85	5
90	7
95	7
100	8
105	4
110	8
115	5
120	10
125	13
130	6
135	5
140	7
145	10
150	8
155	6
160	5
165	7
170	10
175	7
180	9
185	10
190	10
195	10
200	10
205	4
210	10
215	7
220	1
225	7
230	5
235	1
240	3
245	5
250	4
255	8
260	9
265	4
270	0
275	0
280	1
285	1
290	0
295	0
300	0
305	0
310	0
315	0
320	0
325	0
330	0
335	0
340	0
345	0
350	0
355	0
360	0
365	0
370	0
375	0
380	0
385	0
390	0
395	0
400	0
405	0
410	0
415	0
420	0
425	0
430	0
435	0
440	0
445	0
450	0
455	0
460	0
465	0
470	0
475	0
480	0
485	0
490	0
495	0
500	0
505	0
510	0
515	0
520	0
525	1
530	0
535	1
540	0
545	1
550	0
555	0
560	0
565	0
570	0
575	0
580	0
585	0
590	0
595	0
600	0
605	0
610	0
615	0
620	0
625	0
630	0
635	0
640	0
645	0
650	0
655	0
660	0
665	0
670	0
675	0
680	0
685	0
690	0
695	0
700	1
705	0
710	0
715	0
720	0
725	0
730	0
735	0
740	0
745	0
750	0
755	0
760	0
765	0
770	0
775	0
780	0
785	0
790	0
795	0
800	0
805	0
810	0
815	0
820	0
825	0
830	0
835	0
840	0
845	1
850	1
855	0
860	0
865	1
870	0
875	0
880	0
885	0
890	0
895	0
900	0
905	0
910	0
915	0
920	1
925	0
930	0
935	0
940	0
945	0
950	0
955	0
960	0
965	0
970	0
975	0
980	0
985	0
990	0
995	0
1000	0
1005	0
1010	0
1015	1
1020	0
1025	0
1030	0
1035	0
1040	0
1045	0
1050	0
1055	0
1060	0
1065	1
1070	0
1075	0
1080	0
1085	1
1090	1
1095	0
1100	1
1105	0
1110	0
1115	0
1120	0
1125	0
1130	0
1135	0
1140	0
1145	0
1150	0
1155	0
1160	0
1165	0
1170	0
1175	1
1180	0
1185	0
1190	0
1195	0
1200	0
1205	0
1210	0
1215	0
1220	0
1225	0
1230	0
1235	0
1240	0
1245	0
1250	0
1255	0
1260	0
1265	0
1270	0
1275	0
1280	0
1285	0
1290	0
1295	0
1300	0
1305	0
1310	0
1315	0
1320	0
1325	0
1330	0
1335	0
1340	0
1345	1
1350	0
1355	0
1360	0
1365	0
1370	1
1375	0
1380	0
1385	1
