50	3
100	99
150	42
200	32
250	4
300	3
350	0
400	2
450	22
500	3
550	0
600	1
650	1
700	2
750	13
800	16
850	19
900	12
950	7
1000	3
1050	3
1100	3
1150	3
1200	1
1250	4
1300	2
1350	4
1400	3
1450	6
1500	10
1550	4
1600	6
1650	6
1700	5
1750	6
1800	9
1850	3
1900	12
1950	13
2000	14
2050	5
2100	10
2150	9
2200	7
2250	5
2300	3
2350	7
2400	3
2450	4
2500	5
2550	5
2600	4
2650	4
2700	0
2750	6
2800	1
2850	2
2900	6
2950	4
3000	3
3050	2
3100	0
3150	0
3200	0
3250	0
3300	0
3350	1
3400	2
3450	2
3500	2
3550	0
3600	0
3650	3
3700	3
3750	2
3800	0
3850	0
3900	1
3950	1
4000	1
4050	1
4100	0
4150	2
4200	1
4250	0
4300	1
4350	3
4400	0
4450	0
4500	0
4550	1
4600	2
4650	4
4700	1
4750	1
4800	0
4850	3
4900	0
4950	0
5000	1
5050	0
5100	1
5150	0
5200	0
5250	2
5300	0
5350	0
5400	1
5450	0
5500	2
5550	0
5600	1
5650	1
5700	1
5750	0
5800	0
5850	1
5900	1
5950	2
6000	0
6050	0
6100	0
6150	0
6200	3
6250	0
6300	0
6350	0
6400	0
6450	0
6500	0
6550	0
6600	0
6650	0
6700	0
6750	0
6800	0
6850	1
