48	1
49	0
50	0
51	0
52	0
53	0
54	0
55	0
56	1
57	0
58	1
59	0
60	2
61	2
62	3
63	3
64	3
65	0
66	1
67	1
68	0
69	0
70	1
71	1
72	2
73	0
74	0
75	0
76	0
77	0
78	2
79	0
80	1
81	0
82	0
83	0
84	0
85	1
86	0
87	1
88	2
89	0
90	1
91	0
92	0
93	3
94	0
95	2
96	2
97	2
98	2
99	1
100	2
101	2
102	0
103	1
104	2
105	1
106	1
107	1
108	1
109	1
110	0
111	1
112	1
113	1
114	1
115	0
116	1
117	1
118	0
119	1
120	0
121	1
122	2
123	1
124	1
125	0
126	4
127	2
128	3
129	4
130	3
131	5
132	2
133	2
134	0
135	3
136	1
137	1
138	0
139	1
140	1
141	0
142	4
143	0
144	2
145	1
146	0
147	1
148	0
149	1
150	2
151	1
152	3
153	1
154	0
155	1
156	2
157	0
158	0
159	2
160	1
161	3
162	0
163	2
164	1
165	0
166	1
167	0
168	1
169	2
170	2
171	1
172	0
173	2
174	2
175	0
176	0
177	2
178	2
179	0
180	1
181	2
182	0
183	2
184	1
185	2
186	1
187	1
188	1
189	0
190	0
191	0
192	0
193	0
194	0
195	1
196	2
197	0
198	1
199	0
200	0
201	1
202	2
203	0
204	0
205	0
206	0
207	0
208	0
209	0
210	0
211	1
212	0
213	0
214	1
215	0
216	0
217	1
218	0
219	0
220	0
221	2
222	1
223	0
224	0
225	1
226	0
227	0
228	1
229	0
230	1
231	1
232	0
233	0
234	1
235	0
236	1
237	0
238	0
239	1
240	0
241	2
242	0
243	0
244	0
245	0
246	1
247	1
248	0
249	2
250	0
251	0
252	0
253	0
254	0
255	0
256	0
257	0
258	0
259	0
260	1
261	0
262	0
263	1
264	0
265	0
266	0
267	2
268	0
269	0
270	0
271	0
272	0
273	1
274	0
275	0
276	0
277	1
