0	27
20	66
40	39
60	61
80	101
100	99
120	76
140	85
160	77
180	67
200	43
220	44
240	29
260	33
280	26
300	20
320	11
340	8
360	4
380	2
400	6
420	5
440	4
460	4
480	2
500	2
520	2
540	4
560	5
580	2
600	2
620	4
640	1
660	2
680	1
700	1
720	0
740	0
760	0
780	1
800	1
820	0
840	2
860	0
880	0
900	3
920	3
940	3
960	1
980	4
1000	3
1020	2
1040	2
1060	2
1080	1
1100	2
1120	2
1140	3
1160	0
1180	2
1200	3
1220	1
1240	0
1260	0
1280	1
1300	0
1320	2
1340	0
1360	0
1380	2
1400	1
1420	1
1440	0
1460	0
1480	0
1500	0
1520	0
1540	0
1560	0
1580	0
1600	0
1620	0
1640	0
1660	0
1680	0
1700	0
1720	0
1740	0
1760	0
1780	0
1800	0
1820	0
1840	0
1860	0
1880	0
1900	0
1920	0
1940	0
1960	0
1980	0
2000	0
2020	0
2040	0
2060	0
2080	0
2100	0
2120	0
2140	0
2160	0
2180	0
2200	0
2220	0
2240	0
2260	0
2280	0
2300	0
2320	0
2340	0
2360	0
2380	0
2400	0
2420	0
2440	0
2460	0
2480	0
2500	0
2520	0
2540	0
2560	0
2580	0
2600	0
2620	0
2640	0
2660	0
2680	0
2700	0
2720	0
2740	0
2760	0
2780	0
2800	0
2820	0
2840	0
2860	0
2880	0
2900	0
2920	0
2940	0
2960	0
2980	0
3000	0
3020	0
3040	0
3060	0
3080	0
3100	0
3120	0
3140	0
3160	0
3180	0
3200	0
3220	0
3240	0
3260	0
3280	0
3300	0
3320	0
3340	0
3360	0
3380	0
3400	0
3420	0
3440	0
3460	0
3480	0
3500	0
3520	1
3540	0
3560	0
3580	0
3600	0
3620	0
3640	0
3660	1
3680	1
3700	0
3720	0
3740	0
3760	0
3780	0
3800	0
3820	0
3840	0
3860	0
3880	0
3900	0
3920	0
3940	1
3960	0
3980	0
4000	0
4020	0
4040	1
4060	0
4080	0
4100	0
4120	0
4140	0
4160	0
4180	0
4200	1
4220	0
4240	0
4260	1
4280	0
4300	0
4320	0
4340	0
4360	0
4380	0
4400	0
4420	0
4440	0
4460	0
4480	0
4500	0
4520	0
4540	0
4560	0
4580	0
4600	0
4620	0
4640	1
4660	0
4680	0
4700	0
4720	0
4740	0
4760	0
4780	0
4800	0
4820	0
4840	1
4860	0
4880	0
4900	0
4920	0
4940	1
