360	2
370	5
380	6
390	12
400	11
410	9
420	8
430	8
440	5
450	11
460	10
470	8
480	4
490	9
500	7
510	5
520	6
530	4
540	8
550	11
560	5
570	9
580	4
590	4
600	2
610	4
620	3
630	3
640	3
650	3
660	4
670	3
680	6
690	8
700	3
710	9
720	8
730	2
740	3
750	3
760	4
770	1
780	4
790	7
800	5
810	5
820	5
830	4
840	6
850	6
860	5
870	6
880	2
890	5
900	4
910	2
920	1
930	0
940	5
950	0
960	4
970	2
980	3
990	1
1000	1
1010	3
1020	2
1030	0
1040	1
1050	1
1060	2
1070	6
1080	0
1090	2
1100	0
1110	1
1120	0
1130	1
1140	1
1150	1
1160	0
1170	0
1180	1
1190	0
1200	0
1210	1
1220	0
1230	0
1240	0
1250	2
1260	0
1270	0
1280	0
1290	0
1300	1
1310	0
1320	0
1330	0
1340	0
1350	0
1360	1
1370	1
1380	0
1390	0
1400	0
1410	0
1420	0
1430	0
1440	0
1450	0
1460	0
1470	0
1480	0
1490	0
1500	0
1510	0
1520	0
1530	0
1540	0
1550	0
1560	0
1570	0
1580	0
1590	0
1600	0
1610	0
1620	0
1630	0
1640	0
1650	0
1660	0
1670	0
1680	0
1690	0
1700	0
1710	1
1720	1
1730	0
1740	0
1750	0
1760	0
1770	0
1780	0
1790	0
1800	0
1810	0
1820	0
1830	0
1840	0
1850	0
1860	1
1870	1
1880	0
1890	0
1900	0
1910	0
1920	0
1930	0
1940	0
1950	0
1960	0
1970	0
1980	0
1990	0
2000	0
2010	0
2020	0
2030	1
2040	0
2050	0
2060	0
2070	0
2080	0
2090	0
2100	0
2110	0
2120	0
2130	0
2140	0
2150	0
2160	0
2170	0
2180	0
2190	0
2200	0
2210	0
2220	0
2230	1
