860	6
880	2
900	0
920	3
940	3
960	1
980	0
1000	0
1020	0
1040	0
1060	12
1080	16
1100	31
1120	37
1140	26
1160	29
1180	10
1200	20
1220	17
1240	9
1260	12
1280	15
1300	7
1320	10
1340	3
1360	0
1380	0
1400	10
1420	0
1440	0
1460	1
1480	0
1500	0
1520	1
1540	2
1560	1
1580	2
1600	2
1620	0
1640	1
1660	1
1680	1
1700	0
1720	0
1740	1
1760	0
1780	0
1800	1
1820	0
1840	1
1860	0
1880	0
1900	0
1920	1
1940	1
1960	0
1980	0
2000	0
2020	0
2040	0
2060	0
2080	0
2100	0
2120	0
2140	0
2160	0
2180	1
2200	0
2220	0
2240	0
2260	0
2280	0
2300	0
2320	2
2340	0
2360	1
2380	0
2400	1
2420	0
2440	0
2460	1
2480	0
2500	0
2520	0
2540	0
2560	0
2580	0
2600	0
2620	0
2640	0
2660	1
2680	0
2700	1
2720	1
2740	1
2760	1
2780	4
2800	0
2820	3
2840	1
2860	2
2880	2
2900	0
2920	0
2940	1
2960	0
2980	0
3000	0
3020	2
3040	0
3060	0
3080	1
3100	0
3120	0
3140	1
3160	0
3180	1
3200	0
3220	1
3240	0
3260	1
3280	2
3300	1
3320	1
3340	0
3360	0
3380	0
3400	1
3420	1
3440	0
3460	1
3480	0
3500	3
3520	0
3540	1
3560	0
3580	0
3600	0
3620	0
3640	1
3660	2
3680	0
3700	2
3720	0
3740	0
3760	0
3780	1
3800	0
3820	0
3840	0
3860	1
3880	0
3900	0
3920	0
3940	0
3960	0
3980	0
4000	0
4020	0
4040	0
4060	0
4080	0
4100	0
4120	0
4140	0
4160	0
4180	1
4200	0
4220	0
4240	1
4260	0
4280	0
4300	0
4320	0
4340	0
4360	0
4380	0
4400	0
4420	0
4440	0
4460	0
4480	0
4500	0
4520	0
4540	0
4560	0
4580	0
4600	0
4620	0
4640	0
4660	0
4680	0
4700	0
4720	0
4740	0
4760	0
4780	0
4800	0
4820	0
4840	0
4860	0
4880	0
4900	0
4920	0
4940	0
4960	0
4980	0
5000	0
5020	0
5040	0
5060	0
5080	0
5100	0
5120	1
5140	0
5160	0
5180	0
5200	0
5220	0
5240	0
5260	0
5280	0
5300	0
5320	0
5340	0
5360	0
5380	0
5400	0
5420	0
5440	0
5460	0
5480	0
5500	0
5520	0
5540	1
5560	0
5580	0
5600	0
5620	0
5640	1
5660	0
5680	0
5700	0
5720	0
5740	0
5760	0
5780	0
5800	0
5820	0
5840	0
5860	0
5880	0
5900	0
5920	0
5940	0
5960	0
5980	0
6000	0
6020	0
6040	0
6060	0
6080	0
6100	0
6120	1
