430	5
440	7
450	6
460	5
470	9
480	6
490	12
500	10
510	7
520	10
530	7
540	10
550	11
560	8
570	9
580	6
590	5
600	5
610	7
620	4
630	1
640	1
650	3
660	0
670	2
680	0
690	3
700	0
710	2
720	1
730	0
740	1
750	1
760	0
770	0
780	0
790	2
800	0
810	0
820	1
830	2
840	0
850	0
860	0
870	1
880	0
890	1
900	1
910	0
920	0
930	0
940	1
950	2
960	0
970	1
980	1
990	0
1000	0
1010	1
1020	0
1030	0
1040	1
1050	0
1060	0
1070	0
1080	0
1090	0
1100	0
1110	1
1120	1
1130	0
1140	1
1150	0
1160	0
1170	0
1180	0
1190	0
1200	0
1210	0
1220	0
1230	0
1240	0
1250	0
1260	0
1270	0
1280	0
1290	0
1300	0
1310	0
1320	0
1330	0
1340	0
1350	0
1360	0
1370	0
1380	0
1390	0
1400	0
1410	0
1420	0
1430	0
1440	0
1450	0
1460	0
1470	0
1480	0
1490	0
1500	0
1510	0
1520	0
1530	0
1540	0
1550	0
1560	0
1570	0
1580	0
1590	0
1600	0
1610	0
1620	0
1630	0
1640	0
1650	0
1660	0
1670	0
1680	0
1690	0
1700	0
1710	0
1720	0
1730	0
1740	0
1750	0
1760	0
1770	0
1780	0
1790	0
1800	0
1810	0
1820	0
1830	0
1840	0
1850	0
1860	0
1870	0
1880	0
1890	0
1900	1
1910	0
1920	0
1930	0
1940	0
1950	0
1960	0
1970	0
1980	0
1990	0
2000	0
2010	0
2020	1
