starttime,duration,size,total
623.0,177,33515,2189
623.0,158,22354,2170
882.0,52,14657,2064
2194.0,286,93775,2298
2198.0,213,13519,2225
2199.0,144,10123,2156
2199.0,206,6675,2218
2200.0,141,19398,2153
815.0,25,33515,2037
815.0,16,22354,2028
1052.0,20,14657,2032
1687.0,117,93775,2129
1691.0,24,13519,2036
1692.0,26,10123,2038
1692.0,98,6675,2110
1693.0,115,19398,2127
582.0,9,33515,2021
583.0,14,22354,2026
866.0,66,14657,2078
2204.0,55,93775,2067
2208.0,22,13519,2034
2209.0,37,10123,2049
2210.0,52,6675,2064
2210.0,34,19398,2046
627.0,15,33515,2027
628.0,7,22354,2019
1009.0,22,14657,2034
2363.0,32,13519,2044
2363.0,83,10123,2095
2364.0,162,6675,2174
2365.0,26,19398,2038
577.0,8,33515,2020
577.0,16,22354,2028
841.0,81,14657,2093
1516.0,181,93775,2193
1520.0,184,13519,2196
1521.0,158,10123,2170
1522.0,85,6675,2097
1522.0,159,19398,2171
712.0,9,33515,2021
713.0,15,22354,2027
966.0,23,14657,2035
2281.0,104,93775,2116
2285.0,110,13519,2122
2286.0,103,10123,2115
2286.0,105,6675,2117
2287.0,101,19398,2113
595.0,9,33515,2021
596.0,13,22354,2025
846.0,36,14657,2048
1396.0,43,93775,2055
1401.0,24,13519,2036
1402.0,21,10123,2033
1402.0,58,6675,2070
1403.0,41,19398,2053
697.0,15,33515,2027
697.0,7,22354,2019
951.0,95,14657,2107
1503.0,98,93775,2110
1508.0,101,13519,2113
1509.0,78,10123,2090
1509.0,95,6675,2107
1510.0,94,19398,2106
680.0,10,33515,2022
681.0,14,22354,2026
940.0,23,14657,2035
2307.0,52,93775,2064
2312.0,56,13519,2068
2312.0,60,10123,2072
2313.0,56,6675,2068
2314.0,49,19398,2061
627.0,13,33515,2025
628.0,23,22354,2035
863.0,85,14657,2097
1473.0,118,93775,2130
1478.0,119,13519,2131
1479.0,115,10123,2127
1479.0,116,6675,2128
1480.0,188,19398,2200
654.0,8,33515,2020
655.0,13,22354,2025
1031.0,81,14657,2093
2381.0,131,93775,2143
2385.0,130,13519,2142
2386.0,101,10123,2113
2386.0,112,6675,2124
2387.0,110,19398,2122
579.0,9,33515,2021
580.0,13,22354,2025
829.0,33,14657,2045
2455.0,65,93775,2077
2460.0,29,13519,2041
2460.0,22,10123,2034
2461.0,45,6675,2057
2462.0,24,19398,2036
647.0,8,33515,2020
647.0,16,22354,2028
908.0,28,14657,2040
1528.0,89,93775,2101
1532.0,89,13519,2101
1533.0,92,10123,2104
1534.0,89,6675,2101
1534.0,85,19398,2097
608.0,12,33515,2024
608.0,6,22354,2018
990.0,15,14657,2027
2310.0,53,93775,2065
2314.0,57,13519,2069
2315.0,59,10123,2071
2315.0,62,6675,2074
2316.0,51,19398,2063
672.0,17,33515,2029
673.0,10,22354,2022
926.0,74,14657,2086
1787.0,70,93775,2082
1792.0,44,13519,2056
1793.0,52,10123,2064
1793.0,40,6675,2052
1794.0,46,19398,2058
601.0,9,33515,2021
601.0,13,22354,2025
977.0,13,14657,2025
1640.0,696,93775,2708
1645.0,676,13519,2688
1646.0,677,10123,2689
1646.0,12,6675,2024
1647.0,670,19398,2682
560.0,19,33515,2031
560.0,11,22354,2023
807.0,72,14657,2084
2678.0,372,93775,2384
2686.0,377,13519,2389
2687.0,378,10123,2390
2687.0,370,6675,2382
2688.0,366,19398,2378
671.0,17,33515,2029
672.0,8,22354,2020
928.0,94,14657,2106
2506.0,356,93775,2368
2511.0,17,13519,2029
2511.0,12,10123,2024
2512.0,337,6675,2349
2512.0,354,19398,2366
654.0,22,33515,2034
655.0,13,22354,2025
900.0,43,14657,2055
1935.0,62,93775,2074
1940.0,61,13519,2073
1940.0,41,10123,2053
1941.0,57,6675,2069
1941.0,36,19398,2048
677.0,8,33515,2020
678.0,13,22354,2025
939.0,86,14657,2098
1779.0,46,93775,2058
1784.0,52,13519,2064
1785.0,58,10123,2070
1786.0,54,6675,2066
1786.0,26,19398,2038
636.0,18,33515,2030
636.0,11,22354,2023
856.0,12,14657,2024
1654.0,157,93775,2169
1658.0,134,13519,2146
1659.0,138,10123,2150
1659.0,129,6675,2141
1660.0,135,19398,2147
617.0,15,33515,2027
618.0,7,22354,2019
1006.0,90,14657,2102
1654.0,115,93775,2127
1658.0,113,13519,2125
1659.0,114,10123,2126
1660.0,115,6675,2127
1661.0,94,19398,2106
564.0,16,33515,2028
565.0,8,22354,2020
809.0,98,14657,2110
2929.0,115,93775,2127
2933.0,22,13519,2034
2934.0,23,10123,2035
2934.0,89,6675,2101
2935.0,94,19398,2106
656.0,19,33515,2031
657.0,25,22354,2037
1029.0,78,14657,2090
1745.0,1193,93775,3205
1749.0,1194,13519,3206
1750.0,1175,10123,3187
1750.0,1195,6675,3207
1751.0,1190,19398,3202
689.0,27,33515,2039
690.0,40,22354,2052
925.0,82,14657,2094
3288.0,367,93775,2379
3293.0,365,13519,2377
3293.0,346,10123,2358
3294.0,341,6675,2353
3295.0,13,19398,2025
628.0,14,33515,2026
628.0,7,22354,2019
1399.0,33,14657,2045
1731.0,1191,93775,3203
1736.0,1191,13519,3203
1736.0,1168,10123,3180
1737.0,1170,6675,3182
1737.0,1172,19398,3184
725.0,12,33515,2024
726.0,18,22354,2030
996.0,101,14657,2113
3137.0,51,93775,2063
3141.0,50,13519,2062
3142.0,33,10123,2045
3142.0,28,6675,2040
3143.0,51,19398,2063
715.0,13,33515,2025
715.0,7,22354,2019
1084.0,25,14657,2037
3040.0,34,93775,2046
3045.0,33,13519,2045
3046.0,13,10123,2025
3046.0,29,6675,2041
3047.0,718,19398,2730
666.0,27,33515,2039
667.0,19,22354,2031
912.0,103,14657,2115
1829.0,43,93775,2055
1834.0,46,13519,2058
1835.0,42,10123,2054
1836.0,23,6675,2035
1836.0,39,19398,2051
649.0,25,33515,2037
649.0,18,22354,2030
863.0,25,14657,2037
1891.0,49,93775,2061
1895.0,31,13519,2043
1896.0,24,10123,2036
1897.0,46,6675,2058
1898.0,26,19398,2038
660.0,29,33515,2041
660.0,19,22354,2031
915.0,92,14657,2104
1825.0,150,93775,2162
1830.0,148,13519,2160
1830.0,126,10123,2138
1831.0,151,6675,2163
1832.0,129,19398,2141
607.0,15,33515,2027
608.0,7,22354,2019
846.0,25,14657,2037
2094.0,53,93775,2065
2099.0,51,13519,2063
2099.0,52,10123,2064
2100.0,53,6675,2065
2101.0,134,19398,2146
661.0,25,33515,2037
662.0,12,22354,2024
921.0,39,14657,2051
3324.0,51,93775,2063
3328.0,27,13519,2039
3329.0,32,10123,2044
3330.0,12,6675,2024
3331.0,29,19398,2041
565.0,17,33515,2029
566.0,8,22354,2020
936.0,78,14657,2090
2081.0,44,93775,2056
2085.0,23,13519,2035
2086.0,15,10123,2027
2087.0,24,6675,2036
2087.0,19,19398,2031
617.0,9,33515,2021
617.0,13,22354,2025
874.0,39,14657,2051
1937.0,104,93775,2116
1942.0,103,13519,2115
1942.0,100,10123,2112
1943.0,103,6675,2115
1944.0,24,19398,2036
624.0,17,33515,2029
625.0,9,22354,2021
1000,92,14657,2104
3425.0,46,93775,2058
3429.0,29,13519,2041
3430.0,25,10123,2037
3431.0,43,6675,2055
3431.0,22,19398,2034
626.0,10,33515,2022
626.0,15,22354,2027
976.0,33,14657,2045
3950.0,37,93775,2049
3955.0,41,13519,2053
3956.0,38,10123,2050
3956.0,42,6675,2054
3957.0,34,19398,2046
677.0,16,33515,2028
678.0,10,22354,2022
1398.0,103,14657,2115
1741.0,92,93775,2104
1746.0,73,13519,2085
1746.0,69,10123,2081
1747.0,64,6675,2076
1748.0,67,19398,2079
660.0,27,33515,2039
661.0,32,22354,2044
915.0,79,14657,2091
1867.0,161,93775,2173
1873.0,133,13519,2145
1874.0,156,10123,2168
1875.0,133,6675,2145
1875.0,136,19398,2148
623.0,15,33515,2027
624.0,9,22354,2021
889.0,30,14657,2042
1986.0,102,93775,2114
1990.0,100,13519,2112
1991.0,106,10123,2118
1991.0,100,6675,2112
1992.0,103,19398,2115
656.0,27,33515,2039
657.0,20,22354,2032
888.0,93,14657,2105
1880.0,66,93775,2078
1885.0,44,13519,2056
1886.0,47,10123,2059
1886.0,44,6675,2056
1887.0,40,19398,2052
729.0,12,33515,2024
730.0,23,22354,2035
995.0,112,14657,2124
3538.0,40,93775,2052
3542.0,17,13519,2029
3543.0,38,10123,2050
3544.0,35,6675,2047
3544.0,19,19398,2031
790.0,9,33515,2021
791.0,15,22354,2027
1173.0,22,14657,2034
4189.0,42,93775,2054
4193.0,52,13519,2064
4194.0,60,10123,2072
4195.0,62,6675,2074
4195.0,54,19398,2066
622.0,10,33515,2022
623.0,16,22354,2028
992.0,26,14657,2038
3628.0,36,93775,2048
3633.0,17,13519,2029
3633.0,55,10123,2067
3634.0,11,6675,2023
3635.0,33,19398,2045
666.0,19,33515,2031
667.0,32,22354,2044
878.0,93,14657,2105
2068.0,43,93775,2055
2073.0,42,13519,2054
2074.0,39,10123,2051
2074.0,19,6675,2031
2075.0,164,19398,2176
734.0,12,33515,2024
735.0,17,22354,2029
993.0,30,14657,2042
2074.0,81,93775,2093
2078.0,57,13519,2069
2079.0,61,10123,2073
2080.0,76,6675,2088
2080.0,80,19398,2092
671.0,29,33515,2041
672.0,21,22354,2033
936.0,25,14657,2037
2381.0,122,93775,2134
2386.0,120,13519,2132
2386.0,26,10123,2038
2387.0,24,6675,2036
2388.0,102,19398,2114
612.0,31,33515,2043
612.0,18,22354,2030
924.0,31,14657,2043
4591.0,96,93775,2108
4595.0,97,13519,2109
4596.0,93,10123,2105
4597.0,102,6675,2114
4598.0,100,19398,2112
691.0,23,33515,2035
692.0,28,22354,2040
947.0,95,14657,2107
4632.0,160,93775,2172
4638.0,159,13519,2171
4638.0,139,10123,2151
4639.0,155,6675,2167
4640.0,160,19398,2172
634.0,27,33515,2039
634.0,34,22354,2046
878.0,41,14657,2053
2460.0,119,93775,2131
2464.0,100,13519,2112
2464.0,32,10123,2044
2465.0,29,6675,2041
2466.0,25,19398,2037
882.0,18,33515,2030
882.0,11,22354,2023
1181.0,99,14657,2111
4760.0,45,93775,2057
4764.0,15,13519,2027
4765.0,22,10123,2034
4766.0,26,6675,2038
4766.0,19,19398,2031
627.0,23,33515,2035
628.0,14,22354,2026
976.0,87,14657,2099
2362.0,147,93775,2159
2366.0,123,13519,2135
2366.0,126,10123,2138
2367.0,123,6675,2135
2368.0,128,19398,2140
683.0,28,33515,2040
683.0,35,22354,2047
1018.0,72,14657,2084
3726.0,89,93775,2101
3731.0,92,13519,2104
3731.0,87,10123,2099
3732.0,65,6675,2077
3733.0,68,19398,2080
617.0,10,33515,2022
617.0,16,22354,2028
857.0,99,14657,2111
2345.0,44,93775,2056
2350.0,26,13519,2038
2350.0,251,10123,2263
2351.0,242,6675,2254
2352.0,246,19398,2258
646.0,20,33515,2032
647.0,12,22354,2024
869.0,82,14657,2094
2538.0,56,93775,2068
2543.0,57,13519,2069
2543.0,53,10123,2065
2544.0,54,6675,2066
2545.0,60,19398,2072
695.0,28,33515,2040
695.0,20,22354,2032
1050.0,47,14657,2059
4479.0,168,93775,2180
4484.0,148,13519,2160
4485.0,143,10123,2155
4486.0,13,6675,2025
4486.0,165,19398,2177
895.0,11,33515,2023
896.0,17,22354,2029
1249.0,76,14657,2088
4974.0,42,93775,2054
4978.0,25,13519,2037
4979.0,19,10123,2031
4980.0,16,6675,2028
4981.0,40,19398,2052
618.0,43,33515,2055
618.0,29,22354,2041
834.0,55,14657,2067
2564.0,108,93775,2120
2569.0,105,13519,2117
2569.0,89,10123,2101
2570.0,23,6675,2035
2571.0,107,19398,2119
769.0,12,33515,2024
770.0,18,22354,2030
1025.0,79,14657,2091
2323.0,40,93775,2052
2327.0,39,13519,2051
2327.0,18,10123,2030
2328.0,19,6675,2031
2329.0,92,19398,2104
600.0,36,33515,2048
601.0,29,22354,2041
851.0,106,14657,2118
2464.0,114,93775,2126
2468.0,91,13519,2103
2469.0,111,10123,2123
2469.0,26,6675,2038
2470.0,93,19398,2105
848.0,18,33515,2030
849.0,11,22354,2023
1234.0,97,14657,2109
2170.0,34,93775,2046
2175.0,32,13519,2044
2176.0,14,10123,2026
2177.0,29,6675,2041
2177.0,34,19398,2046
644.0,20,33515,2032
645.0,13,22354,2025
1019.0,37,14657,2049
5137.0,42,93775,2054
5142.0,41,13519,2053
5142.0,45,10123,2057
5143.0,41,6675,2053
5144.0,17,19398,2029
751.0,13,33515,2025
751.0,19,22354,2031
1030.0,96,14657,2108
4730.0,162,93775,2174
4735.0,138,13519,2150
4735.0,143,10123,2155
4736.0,144,6675,2156
4736.0,141,19398,2153
697.0,25,33515,2037
698.0,37,22354,2049
952.0,92,14657,2104
2386.0,40,93775,2052
2390.0,42,13519,2054
2391.0,45,10123,2057
2391.0,42,6675,2054
2392.0,37,19398,2049
654.0,26,33515,2038
655.0,32,22354,2044
1010.0,26,14657,2038
2264.0,80,93775,2092
2269.0,77,13519,2089
2270.0,61,10123,2073
2271.0,78,6675,2090
2271.0,81,19398,2093
702.0,48,33515,2060
703.0,26,22354,2038
1511.0,41,14657,2053
2146.0,93,93775,2105
2151.0,74,13519,2086
2152.0,70,10123,2082
2153.0,70,6675,2082
2154.0,89,19398,2101
763.0,12,33515,2024
764.0,19,22354,2031
1056.0,29,14657,2041
4660.0,49,93775,2061
4665.0,54,13519,2066
4665.0,50,10123,2062
4666.0,47,6675,2059
4667.0,45,19398,2057
708.0,35,33515,2047
708.0,27,22354,2039
883.0,123,14657,2135
2681.0,103,93775,2115
2687.0,78,13519,2090
2688.0,75,10123,2087
2689.0,96,6675,2108
2690.0,80,19398,2092
709.0,28,33515,2040
710.0,19,22354,2031
963.0,37,14657,2049
5371.0,114,93775,2126
5376.0,87,13519,2099
5377.0,96,10123,2108
5377.0,92,6675,2104
5378.0,88,19398,2100
639.0,32,33515,2044
640.0,17,22354,2029
843.0,134,14657,2146
5840.0,196,93775,2208
5845.0,178,13519,2190
5845.0,193,10123,2205
5846.0,197,6675,2209
5847.0,172,19398,2184
807.0,18,33515,2030
808.0,11,22354,2023
1068.0,47,14657,2059
4203.0,58,93775,2070
4208.0,9,13519,2021
4208.0,55,10123,2067
4209.0,58,6675,2070
4209.0,22,19398,2034
632.0,14,33515,2026
633.0,20,22354,2032
1048.0,29,14657,2041
3558.0,35,13519,2047
3559.0,44,10123,2056
3559.0,32,6675,2044
3560.0,39,19398,2051
711.0,32,33515,2044
712.0,24,22354,2036
1090.0,98,14657,2110
5109.0,180,93775,2192
5114.0,163,13519,2175
5114.0,13,10123,2025
5115.0,177,6675,2189
5115.0,159,19398,2171
640.0,16,33515,2028
641.0,28,22354,2040
966.0,42,14657,2054
5542.0,43,93775,2055
5546.0,41,13519,2053
5547.0,43,10123,2055
5547.0,16,6675,2028
5548.0,19,19398,2031
865.0,19,33515,2031
866.0,12,22354,2024
1131.0,46,14657,2058
4172.0,82,13519,2094
4173.0,85,10123,2097
4174.0,88,6675,2100
4174.0,91,19398,2103
626.0,45,33515,2057
627.0,50,22354,2062
900.0,52,14657,2064
3097.0,29,13519,2041
3098.0,18,10123,2030
3098.0,25,6675,2037
3099.0,21,19398,2033
817.0,11,33515,2023
818.0,18,22354,2030
1080.0,29,14657,2041
5246.0,109,93775,2121
5251.0,107,13519,2119
5252.0,88,10123,2100
5252.0,106,6675,2118
5253.0,111,19398,2123
643.0,44,33515,2056
644.0,29,22354,2041
832.0,100,14657,2112
2951.0,39,93775,2051
2954.0,96,13519,2108
2955.0,94,10123,2106
2956.0,91,6675,2103
2956.0,98,19398,2110
721.0,26,33515,2038
722.0,32,22354,2044
983.0,111,14657,2123
5753.0,195,93775,2207
5758.0,168,13519,2180
5759.0,176,10123,2188
5759.0,168,6675,2180
5760.0,173,19398,2185
553.0,98,33515,2110
554.0,89,22354,2101
802.0,95,14657,2107
2914.0,124,93775,2136
2919.0,99,13519,2111
2920.0,105,10123,2117
2921.0,99,6675,2111
2921.0,102,19398,2114
860.0,16,33515,2028
861.0,10,22354,2022
1164.0,483,14657,2495
4938.0,47,93775,2059
4943.0,46,13519,2058
4943.0,29,10123,2041
4944.0,27,6675,2039
4944.0,48,19398,2060
661.0,47,33515,2059
662.0,31,22354,2043
848.0,42,14657,2054
3002.0,53,93775,2065
3008.0,49,13519,2061
3009.0,25,10123,2037
3009.0,50,6675,2062
3010.0,31,19398,2043
833.0,24,33515,2036
834.0,14,22354,2026
1110.0,53,14657,2065
4411.0,31,93775,2043
4416.0,53,13519,2065
4417.0,57,10123,2069
4417.0,54,6675,2066
4418.0,48,19398,2060
714.0,26,33515,2038
714.0,41,22354,2053
919.0,112,14657,2124
5753.0,195,93775,2207
5756.0,174,13519,2186
5757.0,169,10123,2181
5758.0,171,6675,2183
5758.0,176,19398,2188
598.0,92,33515,2104
599.0,76,22354,2088
862.0,90,14657,2102
3110.0,39,93775,2051
3114.0,41,13519,2053
3115.0,42,10123,2054
3115.0,35,6675,2047
3116.0,37,19398,2049
660.0,48,33515,2060
660.0,33,22354,2045
851.0,114,14657,2126
6371.0,45,93775,2057
6375.0,54,13519,2066
6376.0,43,10123,2055
6376.0,41,6675,2053
6377.0,59,19398,2071
736.0,61,33515,2073
737.0,32,22354,2044
890.0,81,14657,2093
2945.0,102,93775,2114
2950.0,102,13519,2114
2951.0,104,10123,2116
2952.0,102,6675,2114
2952.0,98,19398,2110
658.0,12,33515,2024
659.0,20,22354,2032
920.0,112,14657,2124
3111.0,39,93775,2051
3117.0,38,13519,2050
3118.0,34,10123,2046
3119.0,38,6675,2050
3119.0,60,19398,2072
738.0,33,33515,2045
738.0,25,22354,2037
967.0,28,14657,2040
4426.0,55,93775,2067
4431.0,33,13519,2045
4432.0,52,10123,2064
4432.0,36,6675,2048
4433.0,33,19398,2045
643.0,21,33515,2033
644.0,34,22354,2046
857.0,44,14657,2056
6806.0,74,93775,2086
6811.0,73,13519,2085
6812.0,52,10123,2064
6812.0,14,6675,2026
6813.0,55,19398,2067
814.0,33,33515,2045
815.0,39,22354,2051
1071.0,51,14657,2063
6333.0,40,93775,2052
6337.0,42,13519,2054
6338.0,17,10123,2029
6338.0,12,6675,2024
6339.0,37,19398,2049
761.0,58,33515,2070
762.0,30,22354,2042
895.0,84,14657,2096
3090.0,129,93775,2141
3094.0,127,13519,2139
3095.0,107,10123,2119
3096.0,109,6675,2121
3097.0,128,19398,2140
