starttime,duration,size,total
360.0,456,8134,816.0
361.0,373,7633,734.0
361.0,369,105088,730.0
1041.0,85,1419,1126.0
1358.0,250,285401,1608.0
1359.0,166,17514,1525.0
41.0,149,8134,190.0
42.0,81,7633,123.0
42.0,79,105088,121.0
778.0,71,285401,849.0
779.0,97,17514,876.0
879.0,94,1419,973.0
45.0,135,8134,180.0
46.0,61,7633,107.0
46.0,58,105088,104.0
879.0,94,285401,973.0
879.0,101,17514,980.0
888.0,148,1419,1036.0
402.0,476,8134,878.0
403.0,396,7633,799.0
403.0,78,105088,481.0
1609.0,90,285401,1699.0
1610.0,57,17514,1667.0
1614.0,205,1419,1819.0
50.0,64,8134,114.0
51.0,133,7633,184.0
52.0,53,105088,105.0
963.0,118,285401,1081.0
963.0,62,17514,1025.0
967.0,201,1419,1168.0
42.0,74,8134,116.0
43.0,75,7633,118.0
44.0,172,105088,216.0
2615.0,34,1419,2649.0
2945.0,122,285401,3067.0
2946.0,68,17514,3014.0
416.0,382,8134,798.0
417.0,456,7633,873.0
417.0,282,106376,699.0
1440.0,86,285401,1526.0
1440.0,47,17514,1487.0
1604.0,41,1419,1645.0
46.0,149,8134,195.0
47.0,72,7633,119.0
48.0,69,106376,117.0
813.0,95,285401,908.0
814.0,35,17514,849.0
1279.0,228,1419,1507.0
47.0,86,8134,133.0
48.0,156,7633,204.0
48.0,82,106376,130.0
788.0,395,285401,1183.0
788.0,292,17514,1080.0
1126.0,136,1419,1262.0
45.0,170,8134,215.0
46.0,77,7633,123.0
47.0,90,106376,137.0
862.0,474,285401,1336.0
862.0,497,17514,1359.0
912.0,477,1419,1389.0
62.0,166,8134,228.0
63.0,167,7633,230.0
63.0,263,106997,326.0
914.0,62,285401,976.0
915.0,95,17514,1010.0
1090.0,535,1419,1625.0
421.0,517,8134,938.0
421.0,436,7633,857.0
422.0,56,106997,478.0
1557.0,46,1419,1603.0
5595.0,632,285401,6227.0
5596.0,651,17514,6247.0
386.0,385,8134,771.0
387.0,464,7633,851.0
387.0,95,106998,482.0
1720.0,71,285401,1791.0
1721.0,30,17514,1751.0
2299.0,94,1419,2393.0
41.0,86,8134,127.0
41.0,87,7633,128.0
42.0,168,107681,210.0
1063.0,573,285401,1636.0
1064.0,535,17514,1599.0
1095.0,652,1419,1747.0
46.0,99,8134,145.0
47.0,100,7633,147.0
49.0,189,108291,238.0
1067.0,736,285401,1803.0
1067.0,697,17514,1764.0
1882.0,69,1419,1951.0
40.0,58,8134,98.0
41.0,56,7633,97.0
41.0,153,108963,194.0
1059.0,74,285401,1133.0
1059.0,34,17514,1093.0
1183.0,561,1419,1744.0
1170.0,473,8134,1643.0
1171.0,390,7633,1561.0
1172.0,129,108975,1301.0
2212.0,76,285401,2288.0
2212.0,108,17514,2320.0
2346.0,73,1419,2419.0
48.0,58,8134,106.0
49.0,141,7633,190.0
49.0,70,108975,119.0
1161.0,64,285401,1225.0
1162.0,96,17514,1258.0
1839.0,88,1419,1927.0
41.0,112,8134,153.0
41.0,182,7633,223.0
42.0,109,108975,151.0
1236.0,613,285401,1849.0
1237.0,638,17514,1875.0
1788.0,115,1419,1903.0
382.0,386,8134,768.0
383.0,471,7633,854.0
384.0,96,110251,480.0
1851.0,92,285401,1943.0
1852.0,30,17514,1882.0
2483.0,445,1419,2928.0
42.0,86,8134,128.0
43.0,84,7633,127.0
44.0,180,110251,224.0
1222.0,57,285401,1279.0
1223.0,68,17514,1291.0
1923.0,341,1419,2264.0
64.0,150,8134,214.0
64.0,64,7633,128.0
65.0,62,110251,127.0
1092.0,52,285401,1144.0
1093.0,64,17514,1157.0
2042.0,68,1419,2110.0
43.0,80,8134,123.0
44.0,75,7633,119.0
44.0,173,110251,217.0
1379.0,96,285401,1475.0
1380.0,31,17514,1411.0
2181.0,54,1419,2235.0
43.0,144,8134,187.0
43.0,69,7633,112.0
44.0,66,110251,110.0
1385.0,1146,285401,2531.0
1386.0,1173,17514,2559.0
2615.0,55,1419,2670.0
391.0,462,8134,853.0
392.0,387,7633,779.0
393.0,72,110251,465.0
2234.0,693,285401,2927.0
2235.0,637,17514,2872.0
2945.0,90,1419,3035.0
43.0,72,8134,115.0
44.0,70,7633,114.0
44.0,152,110251,196.0
1596.0,62,285401,1658.0
1596.0,97,17514,1693.0
1746.0,863,1419,2609.0
386.0,387,8134,773.0
387.0,465,7633,852.0
388.0,68,110251,456.0
2077.0,75,285401,2152.0
2078.0,33,17514,2111.0
2873.0,79,1419,2952.0
389.0,396,8134,785.0
390.0,470,7633,860.0
391.0,72,110251,463.0
2179.0,731,285401,2910.0
2180.0,694,17514,2874.0
2951.0,79,1419,3030.0
40.0,77,8134,117.0
41.0,152,7633,193.0
41.0,65,110251,106.0
1294.0,63,285401,1357.0
1295.0,99,17514,1394.0
1483.0,79,1419,1562.0
42.0,78,8134,120.0
43.0,168,7633,211.0
43.0,68,110251,111.0
1706.0,849,285401,2555.0
1707.0,879,17514,2586.0
2476.0,140,1419,2616.0
396.0,484,8134,880.0
396.0,410,7633,806.0
397.0,73,110251,470.0
2400.0,94,285401,2494.0
2401.0,30,17514,2431.0
3299.0,89,1419,3388.0
45.0,62,8134,107.0
46.0,63,7633,109.0
47.0,140,110251,187.0
1629.0,60,285401,1689.0
1630.0,98,17514,1728.0
2616.0,84,1419,2700.0
40.0,72,8134,112.0
40.0,67,7633,107.0
41.0,176,110251,217.0
1363.0,58,285401,1421.0
1364.0,70,17514,1434.0
2735.0,59,1419,2794.0
396.0,473,8134,869.0
397.0,392,7633,789.0
397.0,71,110251,468.0
2425.0,97,285401,2522.0
2425.0,32,17514,2457.0
2561.0,876,1419,3437.0
41.0,75,8134,116.0
42.0,144,7633,186.0
42.0,65,110251,107.0
1452.0,58,285401,1510.0
1452.0,93,17514,1545.0
2876.0,50,1419,2926.0
43.0,98,8134,141.0
43.0,57,7633,100.0
44.0,70,110251,114.0
1436.0,58,285401,1494.0
1437.0,95,17514,1532.0
2941.0,45,1419,2986.0
54.0,80,8134,134.0
55.0,153,7633,208.0
55.0,68,110251,123.0
1439.0,91,285401,1530.0
1440.0,48,17514,1488.0
1677.0,45,1419,1722.0
56.0,150,8134,206.0
56.0,78,7633,134.0
57.0,66,110251,123.0
1454.0,96,285401,1550.0
1455.0,28,17514,1483.0
1642.0,71,1419,1713.0
45.0,194,8134,239.0
46.0,122,7633,168.0
47.0,119,110251,166.0
1412.0,1388,285401,2800.0
1412.0,1416,17514,2828.0
2865.0,103,1419,2968.0
421.0,537,8134,958.0
422.0,456,7633,878.0
423.0,178,110251,601.0
1913.0,201,285401,2114.0
1914.0,74,17514,1988.0
1959.0,57,1419,2016.0
48.0,190,8134,238.0
49.0,116,7633,165.0
50.0,109,110251,159.0
1386.0,1377,285401,2763.0
1387.0,1405,17514,2792.0
2840.0,96,1419,2936.0
376.0,460,8134,836.0
377.0,386,7633,763.0
378.0,66,110251,444.0
2504.0,70,285401,2574.0
2505.0,29,17514,2534.0
2639.0,908,1419,3547.0
434.0,479,8134,913.0
435.0,398,7633,833.0
435.0,75,110251,510.0
1958.0,52,285401,2010.0
1959.0,87,17514,2046.0
2151.0,65,1419,2216.0
42.0,175,8134,217.0
43.0,97,7633,140.0
44.0,69,110251,113.0
1487.0,63,285401,1550.0
1487.0,98,17514,1585.0
3036.0,51,1419,3087.0
44.0,142,8134,186.0
46.0,212,7633,258.0
46.0,134,110251,180.0
1400.0,150,285401,1550.0
1401.0,83,17514,1484.0
1587.0,65,1419,1652.0
395.0,550,8134,945.0
396.0,462,7633,858.0
397.0,80,110251,477.0
2905.0,72,285401,2977.0
2905.0,31,17514,2936.0
4280.0,78,1419,4358.0
41.0,61,8134,102.0
41.0,99,7633,140.0
42.0,73,110251,115.0
1619.0,1868,285401,3487.0
1620.0,1826,17514,3446.0
3597.0,58,1419,3655.0
45.0,132,8134,177.0
46.0,216,7633,262.0
47.0,100,110251,147.0
1830.0,175,285401,2005.0
1830.0,111,17514,1941.0
1917.0,119,1419,2036.0
403.0,407,8134,810.0
404.0,484,7633,888.0
405.0,73,110251,478.0
3236.0,1412,285788,4648.0
3237.0,1424,16946,4661.0
4708.0,83,1419,4791.0
43.0,59,8134,102.0
44.0,148,7633,192.0
44.0,71,110251,115.0
1908.0,55,285401,1963.0
1909.0,92,17514,2001.0
2124.0,44,1419,2168.0
41.0,198,8134,239.0
42.0,120,7633,162.0
42.0,118,110251,160.0
1716.0,101,285401,1817.0
1716.0,35,17514,1751.0
4081.0,83,1419,4164.0
73.0,119,8134,192.0
74.0,190,7633,264.0
75.0,80,110251,155.0
1720.0,97,285401,1817.0
1720.0,134,17514,1854.0
1898.0,2013,1419,3911.0
47.0,150,8134,197.0
48.0,72,7633,120.0
48.0,70,110251,118.0
1886.0,51,285401,1937.0
1887.0,65,17514,1952.0
2054.0,86,1419,2140.0
44.0,79,8134,123.0
45.0,145,7633,190.0
45.0,69,110251,114.0
1654.0,2069,285401,3723.0
1655.0,2031,17514,3686.0
1733.0,2039,1419,3772.0
404.0,482,8134,886.0
405.0,399,7633,804.0
406.0,67,110251,473.0
3308.0,1551,285401,4859.0
3309.0,1561,17514,4870.0
4959.0,82,1419,5041.0
42.0,156,8134,198.0
44.0,79,7633,123.0
44.0,68,110251,112.0
1738.0,58,285401,1796.0
1738.0,94,17514,1832.0
1957.0,47,1419,2004.0
375.0,464,8134,839.0
376.0,390,7633,766.0
377.0,73,110251,450.0
3414.0,67,285401,3481.0
3415.0,102,17514,3517.0
4831.0,67,1419,4898.0
399.0,397,8134,796.0
400.0,519,7633,919.0
401.0,70,110251,471.0
3665.0,125,285401,3790.0
3665.0,74,17514,3739.0
5214.0,75,1419,5289.0
45.0,151,8134,196.0
45.0,82,7633,127.0
46.0,80,110251,126.0
1870.0,105,285788,1975.0
1871.0,33,16946,1904.0
2043.0,54,1419,2097.0
47.0,189,8134,236.0
47.0,116,7633,163.0
48.0,109,110251,157.0
1662.0,112,285401,1774.0
1663.0,146,17514,1809.0
1863.0,47,1419,1910.0
395.0,521,8134,916.0
396.0,412,7633,808.0
397.0,67,110251,464.0
2533.0,59,285401,2592.0
2533.0,97,17514,2630.0
2827.0,2309,1419,5136.0
40.0,152,8134,192.0
41.0,68,7633,109.0
42.0,81,110251,123.0
1886.0,175,285401,2061.0
1887.0,68,17514,1955.0
1898.0,90,1419,1988.0
40.0,102,8134,142.0
41.0,206,7633,247.0
42.0,79,110251,121.0
1892.0,97,285401,1989.0
1893.0,35,17514,1928.0
2083.0,71,1419,2154.0
398.0,483,8134,881.0
398.0,407,7633,805.0
399.0,76,110251,475.0
3655.0,94,285401,3749.0
3656.0,31,17514,3687.0
5121.0,177,1419,5298.0
47.0,70,8134,117.0
48.0,62,7633,110.0
49.0,148,110251,197.0
2067.0,54,285401,2121.0
2067.0,90,17514,2157.0
2271.0,66,1419,2337.0
415.0,496,8134,911.0
415.0,403,7633,818.0
416.0,73,110251,489.0
2305.0,61,285401,2366.0
2306.0,89,17514,2395.0
2524.0,2107,1419,4631.0
441.0,485,8134,926.0
442.0,404,7633,846.0
443.0,76,110251,519.0
2435.0,66,285401,2501.0
2436.0,100,17514,2536.0
2560.0,192,1419,2752.0
41.0,75,8134,116.0
41.0,98,7633,139.0
42.0,73,110251,115.0
2020.0,62,285401,2082.0
2021.0,98,17514,2119.0
2222.0,65,1419,2287.0
48.0,70,8134,118.0
49.0,71,7633,120.0
50.0,164,110251,214.0
1700.0,130,285401,1830.0
1701.0,137,17514,1838.0
1786.0,162,1419,1948.0
396.0,430,8134,826.0
396.0,506,7633,902.0
397.0,71,110251,468.0
1409.0,2552,1419,3961.0
3933.0,124,285401,4057.0
3933.0,90,17514,4023.0
102.0,205,8134,307.0
102.0,133,7633,235.0
103.0,85,110251,188.0
1882.0,93,285401,1975.0
1882.0,28,17514,1910.0
2021.0,99,1419,2120.0
41.0,63,8134,104.0
42.0,154,7633,196.0
42.0,82,110251,124.0
2056.0,2295,285401,4351.0
2056.0,2310,17514,4366.0
2188.0,2122,1419,4310.0
56.0,88,8134,144.0
57.0,160,7633,217.0
60.0,81,110251,141.0
1940.0,99,285401,2039.0
1941.0,30,17514,1971.0
2124.0,97,1419,2221.0
41.0,77,8134,118.0
41.0,75,7633,116.0
42.0,162,110251,204.0
1881.0,209,285401,2090.0
1881.0,62,17514,1943.0
1922.0,110,1419,2032.0
42.0,66,8134,108.0
42.0,67,7633,109.0
43.0,157,110251,200.0
1906.0,63,285401,1969.0
1907.0,98,17514,2005.0
2043.0,115,1419,2158.0
396.0,399,8134,795.0
397.0,482,7633,879.0
397.0,83,110251,480.0
2789.0,2896,285401,5685.0
2790.0,2916,17514,5706.0
5794.0,165,1419,5959.0
44.0,73,8134,117.0
45.0,155,7633,200.0
46.0,85,110251,131.0
2159.0,91,285401,2250.0
2160.0,28,17514,2188.0
2351.0,68,1419,2419.0
381.0,391,8134,772.0
381.0,471,7633,852.0
382.0,77,110251,459.0
2680.0,2831,285401,5511.0
2681.0,2851,17514,5532.0
2706.0,2907,1419,5613.0
435.0,550,8134,985.0
437.0,468,7633,905.0
437.0,88,110251,525.0
2576.0,220,285401,2796.0
2577.0,106,17514,2683.0
2611.0,69,1419,2680.0
44.0,80,8134,124.0
45.0,111,7633,156.0
46.0,77,110251,123.0
1888.0,99,285401,1987.0
1889.0,110,17514,1999.0
1932.0,93,1419,2025.0
37.0,78,8134,115.0
38.0,158,7633,196.0
39.0,90,110251,129.0
1886.0,195,285788,2081.0
1887.0,124,16946,2011.0
1999.0,114,1419,2113.0
396.0,418,8134,814.0
397.0,489,7633,886.0
398.0,84,110251,482.0
3027.0,2846,285788,5873.0
3028.0,2879,16946,5907.0
6144.0,66,1419,6210.0
43.0,79,8134,122.0
43.0,159,7633,202.0
44.0,90,110251,134.0
2084.0,109,285788,2193.0
2084.0,36,16946,2120.0
2281.0,85,1419,2366.0
47.0,87,8134,134.0
47.0,156,7633,203.0
48.0,84,110251,132.0
2085.0,105,285788,2190.0
2085.0,33,16946,2118.0
2286.0,84,1419,2370.0
392.0,525,8134,917.0
393.0,454,7633,847.0
393.0,82,110251,475.0
4083.0,110,285788,4193.0
4083.0,142,16946,4225.0
5906.0,74,1419,5980.0
46.0,70,8134,116.0
47.0,76,7633,123.0
47.0,157,110251,204.0
2189.0,70,285788,2259.0
2190.0,29,16946,2219.0
2394.0,72,1419,2466.0
38.0,163,8134,201.0
41.0,71,7633,112.0
41.0,90,110251,131.0
1782.0,2869,285788,4651.0
1783.0,2802,16946,4585.0
1903.0,2777,1419,4680.0
71.0,170,8134,241.0
72.0,92,7633,164.0
72.0,80,110251,152.0
2118.0,105,285788,2223.0
2119.0,36,16946,2155.0
2336.0,50,1419,2386.0
43.0,107,8134,150.0
44.0,81,7633,125.0
45.0,79,110251,124.0
1776.0,240,285788,2016.0
1776.0,169,16946,1945.0
1933.0,112,1419,2045.0
44.0,138,8134,182.0
46.0,213,7633,259.0
47.0,91,110251,138.0
2137.0,108,285788,2245.0
2138.0,206,16946,2344.0
2257.0,3182,1419,5439.0
389.0,589,8134,978.0
390.0,515,7633,905.0
390.0,81,110251,471.0
4578.0,116,285788,4694.0
4579.0,146,16946,4725.0
4791.0,2109,1419,6900.0
146.0,84,8134,230.0
146.0,82,7633,228.0
147.0,164,110251,311.0
2236.0,148,285788,2384.0
2237.0,26,16946,2263.0
2413.0,74,1419,2487.0
