starttime,duration,size,total
377.0,517,149774,894.0
1496.0,304,3128,1800.0
404.0,103,149774,507.0
1669.0,42,3128,1711.0
432.0,78,149774,510.0
1739.0,146,3128,1885.0
384.0,74,149774,458.0
1079.0,77,3128,1156.0
373.0,101,149774,474.0
1668.0,106,3128,1774.0
366.0,102,149774,468.0
1838.0,176,3128,2014.0
378.0,76,149774,454.0
1804.0,239,3128,2043.0
375.0,76,149774,451.0
1467.0,283,3128,1750.0
364.0,104,149774,468.0
1755.0,86,3128,1841.0
369.0,77,149774,446.0
1569.0,94,3128,1663.0
378.0,108,149774,486.0
1754.0,67,3128,1821.0
375.0,109,149774,484.0
1795.0,388,3128,2183.0
373.0,81,149774,454.0
2017.0,48,3128,2065.0
368.0,256,149774,624.0
1142.0,699,3128,1841.0
382.0,82,149774,464.0
1804.0,91,3128,1895.0
379.0,220,149774,599.0
1931.0,123,3128,2054.0
368.0,84,149774,452.0
1961.0,544,3128,2505.0
363.0,84,149774,447.0
1918.0,788,3128,2706.0
449.0,86,149774,535.0
1899.0,763,3128,2662.0
377.0,85,149774,462.0
1869.0,432,3128,2301.0
362.0,87,149774,449.0
1982.0,797,3128,2779.0
364.0,119,149774,483.0
2141.0,463,3128,2604.0
367.0,90,149774,457.0
1139.0,105,3128,1244.0
365.0,93,149774,458.0
2327.0,93,3128,2420.0
974.0,95,149774,1069.0
3373.0,79,3128,3452.0
461.0,95,149774,556.0
2333.0,53,3128,2386.0
372.0,94,149774,466.0
2269.0,498,3128,2767.0
893.0,95,149774,988.0
2107.0,102,3128,2209.0
376.0,131,149774,507.0
1162.0,112,3128,1274.0
381.0,95,149774,476.0
2455.0,609,3128,3064.0
371.0,97,149774,468.0
2401.0,525,3128,2926.0
376.0,128,149774,504.0
2506.0,612,3128,3118.0
381.0,98,149774,479.0
2599.0,557,3128,3156.0
373.0,126,149774,499.0
1139.0,101,3128,1240.0
380.0,97,149774,477.0
1166.0,136,3128,1302.0
382.0,100,149774,482.0
2557.0,91,3128,2648.0
373.0,103,149774,476.0
2589.0,570,3128,3159.0
451.0,100,149774,551.0
1105.0,135,3128,1240.0
379.0,103,149774,482.0
3380.0,103,3128,3483.0
380.0,101,149774,481.0
2554.0,98,3128,2652.0
396.0,131,149774,527.0
1182.0,1380,3128,2562.0
382.0,102,149774,484.0
2665.0,151,3128,2816.0
387.0,104,149774,491.0
385.0,134,149774,519.0
2726.0,102,3128,2828.0
372.0,147,149774,519.0
1172.0,98,3128,1270.0
367.0,122,149774,489.0
3069.0,1804,3128,4873.0
381.0,127,149774,508.0
3002.0,923,3128,3925.0
360.0,152,149774,512.0
3314.0,993,3128,4307.0
381.0,252,149774,633.0
4367.0,103,3128,4470.0
362.0,117,149774,479.0
3570.0,86,3128,3656.0
385.0,143,149774,528.0
3548.0,137,3128,3685.0
391.0,146,149774,537.0
1221.0,101,3128,1322.0
375.0,111,149774,486.0
2052.0,1848,3128,3900.0
364.0,265,149774,629.0
1208.0,104,3128,1312.0
364.0,125,149774,489.0
3432.0,139,3128,3571.0
377.0,284,149774,661.0
2481.0,6760,3128,9241.0
381.0,278,149774,659.0
2293.0,2323,3128,4616.0
375.0,135,149774,510.0
6022.0,1159,3128,7181.0
384.0,156,149774,540.0
1210.0,98,3128,1308.0
384.0,290,149774,674.0
3095.0,693,3128,3788.0
381.0,157,149774,538.0
3548.0,95,3128,3643.0
368.0,135,149774,503.0
3619.0,83,3128,3702.0
369.0,157,149774,526.0
3655.0,151,3128,3806.0
374.0,167,149774,541.0
2488.0,99,3128,2587.0
361.0,106,149774,467.0
1471.0,94,3128,1565.0
383.0,121,149774,504.0
2703.0,65,3128,2768.0
389.0,76,149774,465.0
3817.0,3861,3128,7678.0
395.0,128,149774,523.0
1249.0,98,3128,1347.0
375.0,168,149774,543.0
3885.0,94,3128,3979.0
363.0,140,149774,503.0
3938.0,107,3128,4045.0
370.0,165,149774,535.0
1242.0,88,3128,1330.0
429.0,176,149774,605.0
3922.0,8833,3128,12755.0
364.0,76,149774,440.0
1500.0,35,3128,1535.0
423.0,276,149774,699.0
1131.0,251,3128,1382.0
382.0,77,149774,459.0
2998.0,34,3128,3032.0
368.0,75,149774,443.0
2821.0,2516,3128,5337.0
383.0,140,149774,523.0
2535.0,57,3128,2592.0
356.0,76,149774,432.0
1684.0,34,3128,1718.0
363.0,107,149774,470.0
3404.0,106,3128,3510.0
401.0,271,149774,672.0
2271.0,113,3128,2384.0
397.0,135,149774,532.0
4086.0,114,3128,4200.0
375.0,78,149774,453.0
3147.0,64,3128,3211.0
410.0,106,149774,516.0
5259.0,174,3128,5433.0
366.0,75,149774,441.0
2993.0,54,3128,3047.0
384.0,185,149774,569.0
5469.0,112,3128,5581.0
371.0,76,149774,447.0
4117.0,155,3128,4272.0
367.0,78,149774,445.0
3094.0,2973,3128,6067.0
355.0,248,149774,603.0
3036.0,65,3128,3101.0
384.0,107,149774,491.0
1737.0,1606,3128,3343.0
371.0,108,149774,479.0
3380.0,45,3128,3425.0
367.0,110,149774,477.0
3529.0,58,3128,3587.0
