starttime,duration,size,total
1779.0,248,298417,2027.0
1779.0,123,33923,1902.0
504.0,138,298417,642.0
505.0,63,33923,568.0
373.0,129,298417,502.0
374.0,63,33923,437.0
382.0,127,298417,509.0
382.0,65,33923,447.0
587.0,104,298417,691.0
593.0,150,33923,743.0
398.0,156,298417,554.0
398.0,73,33923,471.0
366.0,114,298417,480.0
367.0,162,33923,529.0
404.0,102,298417,506.0
405.0,154,33923,559.0
368.0,137,298417,505.0
369.0,71,33923,440.0
386.0,97,298417,483.0
386.0,129,33923,515.0
394.0,151,298417,545.0
395.0,73,33923,468.0
741.0,160,298417,901.0
746.0,79,33923,825.0
373.0,123,298417,496.0
374.0,242,33923,616.0
350.0,157,298417,507.0
350.0,81,33923,431.0
428.0,134,298417,562.0
429.0,184,33923,613.0
385.0,108,298417,493.0
385.0,157,33923,542.0
386.0,174,298417,560.0
387.0,96,33923,483.0
354.0,110,298417,464.0
355.0,160,33923,515.0
386.0,112,298417,498.0
386.0,165,33923,551.0
370.0,170,298417,540.0
370.0,89,33923,459.0
367.0,113,298417,480.0
368.0,151,33923,519.0
432.0,48,298417,480.0
433.0,141,33923,574.0
376.0,120,298417,496.0
377.0,172,33923,549.0
349.0,175,298417,524.0
350.0,97,33923,447.0
766.0,185,298417,951.0
767.0,105,33923,872.0
366.0,188,298417,554.0
366.0,105,33923,471.0
375.0,127,298417,502.0
380.0,162,33923,542.0
875.0,175,298417,1050.0
876.0,99,33923,975.0
374.0,232,298417,606.0
374.0,96,33923,470.0
372.0,261,298417,633.0
372.0,101,33923,473.0
380.0,179,298417,559.0
381.0,98,33923,479.0
376.0,132,298417,508.0
377.0,240,33923,617.0
420.0,131,298417,551.0
426.0,178,33923,604.0
470.0,186,298417,656.0
471.0,109,33923,580.0
404.0,128,298417,532.0
404.0,169,33923,573.0
366.0,130,298417,496.0
367.0,182,33923,549.0
379.0,235,298417,614.0
379.0,100,33923,479.0
385.0,181,298417,566.0
385.0,101,33923,486.0
394.0,278,298417,672.0
395.0,118,33923,513.0
396.0,199,298417,595.0
396.0,117,33923,513.0
424.0,268,298417,692.0
424.0,107,33923,531.0
399.0,186,298417,585.0
400.0,106,33923,506.0
394.0,132,298417,526.0
395.0,184,33923,579.0
377.0,196,298417,573.0
377.0,115,33923,492.0
412.0,146,298417,558.0
413.0,197,33923,610.0
402.0,143,298417,545.0
403.0,197,33923,600.0
419.0,145,298417,564.0
420.0,274,33923,694.0
395.0,264,298417,659.0
396.0,187,33923,583.0
410.0,148,298417,558.0
410.0,215,33923,625.0
650.0,145,298417,795.0
651.0,64,33923,715.0
960.0,153,298417,1113.0
960.0,189,33923,1149.0
402.0,170,298417,572.0
402.0,250,33923,652.0
526.0,68,298417,594.0
542.0,134,33923,676.0
692.0,143,298417,835.0
693.0,62,33923,755.0
664.0,131,298417,795.0
665.0,63,33923,728.0
414.0,161,298417,575.0
415.0,203,33923,618.0
362.0,202,298417,564.0
363.0,132,33923,495.0
358.0,178,298417,536.0
359.0,229,33923,588.0
363.0,86,298417,449.0
363.0,129,33923,492.0
363.0,164,298417,527.0
364.0,218,33923,582.0
398.0,223,298417,621.0
399.0,140,33923,539.0
406.0,130,298417,536.0
406.0,59,33923,465.0
451.0,89,298417,540.0
452.0,125,33923,577.0
358.0,167,298417,525.0
358.0,203,33923,561.0
379.0,88,298417,467.0
380.0,130,33923,510.0
860.0,268,298417,1128.0
860.0,127,33923,987.0
398.0,124,298417,522.0
398.0,57,33923,455.0
374.0,171,298417,545.0
375.0,212,33923,587.0
406.0,94,298417,500.0
407.0,136,33923,543.0
417.0,127,298417,544.0
417.0,64,33923,481.0
430.0,130,298417,560.0
431.0,61,33923,492.0
796.0,98,298417,894.0
797.0,153,33923,950.0
389.0,174,298417,563.0
389.0,231,33923,620.0
396.0,131,298417,527.0
396.0,61,33923,457.0
388.0,91,298417,479.0
389.0,132,33923,521.0
592.0,122,298417,714.0
593.0,247,33923,840.0
860.0,94,298417,954.0
860.0,152,33923,1012.0
379.0,179,298417,558.0
379.0,222,33923,601.0
378.0,128,298417,506.0
378.0,62,33923,440.0
386.0,222,298417,608.0
386.0,64,33923,450.0
396.0,182,298417,578.0
396.0,226,33923,622.0
380.0,132,298417,512.0
381.0,65,33923,446.0
359.0,237,298417,596.0
360.0,153,33923,513.0
407.0,162,298417,569.0
408.0,79,33923,487.0
367.0,133,298417,500.0
368.0,67,33923,435.0
377.0,250,298417,627.0
378.0,164,33923,542.0
393.0,136,298417,529.0
394.0,65,33923,459.0
448.0,136,298417,584.0
448.0,171,33923,619.0
384.0,143,298417,527.0
385.0,72,33923,457.0
348.0,102,298417,450.0
349.0,143,33923,492.0
355.0,99,298417,454.0
356.0,133,33923,489.0
351.0,94,298417,445.0
352.0,242,33923,594.0
