starttime,duration,size,total
947.0,550,13149,1497.0
948.0,536,28586,1484.0
949.0,530,18120,1479.0
1949.0,115,2956,2064.0
3302.0,48,1783,3350.0
1195.0,82,13149,1277.0
1196.0,143,28586,1339.0
1198.0,78,18120,1276.0
2478.0,27,1783,2505.0
1094.0,77,13149,1171.0
1094.0,110,28586,1204.0
1096.0,151,18120,1247.0
2339.0,30,1783,2369.0
1207.0,89,13149,1296.0
1208.0,94,28586,1302.0
1209.0,84,18120,1293.0
1544.0,44,2956,1588.0
2846.0,33,1783,2879.0
873.0,92,13149,965.0
874.0,98,28586,972.0
875.0,97,18120,972.0
1233.0,233,2956,1466.0
2416.0,32,1783,2448.0
894.0,91,13149,985.0
895.0,85,28586,980.0
964.0,78,18120,1042.0
1233.0,39,2956,1272.0
2334.0,29,1783,2363.0
1236.0,103,13149,1339.0
1237.0,96,28586,1333.0
1238.0,97,18120,1335.0
1595.0,37,2956,1632.0
2669.0,52,1783,2721.0
1066.0,105,13149,1171.0
1066.0,88,28586,1154.0
1148.0,17,18120,1165.0
1416.0,44,2956,1460.0
2746.0,21,1783,2767.0
1127.0,161,13149,1288.0
1128.0,102,28586,1230.0
1129.0,94,18120,1223.0
2779.0,35,1783,2814.0
1270.0,105,13149,1375.0
1271.0,99,28586,1370.0
1272.0,141,18120,1413.0
2869.0,31,1783,2900.0
1175.0,112,13149,1287.0
1175.0,105,28586,1280.0
1177.0,106,18120,1283.0
3038.0,30,1783,3068.0
1227.0,102,13149,1329.0
1228.0,98,28586,1326.0
1230.0,151,18120,1381.0
2881.0,28,1783,2909.0
1098.0,95,13149,1193.0
1099.0,100,28586,1199.0
1101.0,169,18120,1270.0
1475.0,37,2956,1512.0
2714.0,33,1783,2747.0
1225.0,148,13149,1373.0
1226.0,111,28586,1337.0
1319.0,63,18120,1382.0
1609.0,44,2956,1653.0
2782.0,52,1783,2834.0
1147.0,109,13149,1256.0
1148.0,174,28586,1322.0
1149.0,111,18120,1260.0
2835.0,34,1783,2869.0
1109.0,156,13149,1265.0
1110.0,113,28586,1223.0
1111.0,113,18120,1224.0
3149.0,31,1783,3180.0
1161.0,150,13149,1311.0
1161.0,114,28586,1275.0
1163.0,159,18120,1322.0
2828.0,29,1783,2857.0
1178.0,106,13149,1284.0
1178.0,141,28586,1319.0
1180.0,149,18120,1329.0
2882.0,28,1783,2910.0
1411.0,116,13149,1527.0
1412.0,121,28586,1533.0
1413.0,181,18120,1594.0
3222.0,54,1783,3276.0
1078.0,116,13149,1194.0
1079.0,123,28586,1202.0
1080.0,122,18120,1202.0
2782.0,30,1783,2812.0
1130.0,119,13149,1249.0
1131.0,163,28586,1294.0
1132.0,119,18120,1251.0
2877.0,33,1783,2910.0
1185.0,187,13149,1372.0
1186.0,126,28586,1312.0
1187.0,125,18120,1312.0
3099.0,33,1783,3132.0
1165.0,155,13149,1320.0
1166.0,119,28586,1285.0
1168.0,174,18120,1342.0
1577.0,39,2956,1616.0
3190.0,57,1783,3247.0
922.0,127,13149,1049.0
923.0,172,28586,1095.0
924.0,122,18120,1046.0
2958.0,86,1783,3044.0
1112.0,133,13149,1245.0
1113.0,139,28586,1252.0
1115.0,128,18120,1243.0
3518.0,29,1783,3547.0
1115.0,124,13149,1239.0
1116.0,130,28586,1246.0
1233.0,134,18120,1367.0
3431.0,33,1783,3464.0
1215.0,190,13149,1405.0
1216.0,123,28586,1339.0
1333.0,72,18120,1405.0
3418.0,31,1783,3449.0
1175.0,162,13149,1337.0
1176.0,128,28586,1304.0
1178.0,189,18120,1367.0
3293.0,65,1783,3358.0
1102.0,133,13149,1235.0
1103.0,126,28586,1229.0
1104.0,125,18120,1229.0
3335.0,39,1783,3374.0
1130.0,125,13149,1255.0
1131.0,132,28586,1263.0
1132.0,124,18120,1256.0
3714.0,29,1783,3743.0
1095.0,202,13149,1297.0
1096.0,141,28586,1237.0
1097.0,141,18120,1238.0
1532.0,921,2956,2453.0
3281.0,30,1783,3311.0
1291.0,128,13149,1419.0
1291.0,195,28586,1486.0
1293.0,127,18120,1420.0
3518.0,42,1783,3560.0
1145.0,210,13149,1355.0
1146.0,147,28586,1293.0
1147.0,139,18120,1286.0
3502.0,31,1783,3533.0
869.0,126,13149,995.0
869.0,135,28586,1004.0
871.0,126,18120,997.0
3022.0,36,1783,3058.0
1120.0,130,13149,1250.0
1121.0,191,28586,1312.0
1123.0,129,18120,1252.0
1544.0,53,2956,1597.0
3262.0,60,1783,3322.0
1222.0,213,13149,1435.0
1223.0,149,28586,1372.0
1224.0,151,18120,1375.0
3657.0,92,1783,3749.0
1212.0,176,13149,1388.0
1213.0,141,28586,1354.0
1215.0,183,18120,1398.0
3466.0,40,1783,3506.0
1147.0,146,13149,1293.0
1148.0,208,28586,1356.0
1149.0,140,18120,1289.0
3552.0,64,1783,3616.0
1089.0,175,13149,1264.0
1090.0,137,28586,1227.0
1091.0,1087,18120,2178.0
2185.0,39,2956,2224.0
4189.0,115,1783,4304.0
1116.0,133,13149,1249.0
1117.0,196,28586,1313.0
1118.0,129,18120,1247.0
3864.0,56,1783,3920.0
1158.0,153,13149,1311.0
1158.0,189,28586,1347.0
1160.0,199,18120,1359.0
3666.0,46,1783,3712.0
1131.0,184,13149,1315.0
1131.0,149,28586,1280.0
1134.0,211,18120,1345.0
3718.0,66,1783,3784.0
1290.0,158,13149,1448.0
1290.0,152,28586,1442.0
1292.0,216,18120,1508.0
3789.0,58,1783,3847.0
1143.0,152,13149,1295.0
1143.0,146,28586,1289.0
1145.0,145,18120,1290.0
1597.0,52,2956,1649.0
3666.0,74,1783,3740.0
1135.0,159,13149,1294.0
1136.0,205,28586,1341.0
1137.0,160,18120,1297.0
4253.0,92,1783,4345.0
1061.0,196,13149,1257.0
1061.0,149,28586,1210.0
1063.0,152,18120,1215.0
1263.0,220,13149,1483.0
1264.0,160,28586,1424.0
1265.0,150,18120,1415.0
1207.0,172,13149,1379.0
1208.0,188,28586,1396.0
1209.0,170,18120,1379.0
1151.0,1347,13149,2498.0
1151.0,1387,28586,2538.0
1153.0,1375,18120,2528.0
2782.0,47,2956,2829.0
1297.0,176,13149,1473.0
1297.0,170,28586,1467.0
1299.0,175,18120,1474.0
1104.0,165,13149,1269.0
1104.0,178,28586,1282.0
1106.0,178,18120,1284.0
1173.0,56,13149,1229.0
1173.0,62,28586,1235.0
1175.0,215,18120,1390.0
1140.0,164,13149,1304.0
1140.0,170,28586,1310.0
1142.0,228,18120,1370.0
1414.0,166,13149,1580.0
1415.0,171,28586,1586.0
1416.0,229,18120,1645.0
1936.0,23,2956,1959.0
1321.0,846,13149,2167.0
1322.0,868,28586,2190.0
1323.0,852,18120,2175.0
2380.0,66,2956,2446.0
1317.0,182,13149,1499.0
1317.0,196,28586,1513.0
1320.0,253,18120,1573.0
1080.0,203,13149,1283.0
1081.0,188,28586,1269.0
1082.0,262,18120,1344.0
1128.0,270,13149,1398.0
1129.0,182,28586,1311.0
1130.0,181,18120,1311.0
1154.0,242,13149,1396.0
1155.0,181,28586,1336.0
1156.0,180,18120,1336.0
1217.0,169,13149,1386.0
1218.0,177,28586,1395.0
1219.0,168,18120,1387.0
1257.0,180,13149,1437.0
1257.0,268,28586,1525.0
1259.0,173,18120,1432.0
1175.0,212,13149,1387.0
1175.0,190,28586,1365.0
1177.0,268,18120,1445.0
1122.0,218,13149,1340.0
1123.0,251,28586,1374.0
1125.0,263,18120,1388.0
1126.0,205,13149,1331.0
1126.0,192,28586,1318.0
1128.0,191,18120,1319.0
1120.0,191,13149,1311.0
1121.0,250,28586,1371.0
1123.0,186,18120,1309.0
1323.0,234,13149,1557.0
1323.0,172,28586,1495.0
1325.0,171,18120,1496.0
1217.0,199,13149,1416.0
1218.0,195,28586,1413.0
1219.0,268,18120,1487.0
1402.0,192,13149,1594.0
1402.0,236,28586,1638.0
1404.0,245,18120,1649.0
1153.0,251,13149,1404.0
1154.0,199,28586,1353.0
1155.0,182,18120,1337.0
2728.0,41,2956,2769.0
5554.0,29,1783,5583.0
1138.0,204,13149,1342.0
1139.0,256,28586,1395.0
1140.0,199,18120,1339.0
2785.0,90,2956,2875.0
5645.0,39,1783,5684.0
1264.0,194,13149,1458.0
1265.0,248,28586,1513.0
1266.0,194,18120,1460.0
1278.0,191,13149,1469.0
1278.0,262,28586,1540.0
1280.0,186,18120,1466.0
2832.0,87,2956,2919.0
5137.0,44,1783,5181.0
1287.0,206,13149,1493.0
1288.0,258,28586,1546.0
1289.0,205,18120,1494.0
1108.0,256,13149,1364.0
1109.0,212,28586,1321.0
1110.0,265,18120,1375.0
1178.0,204,13149,1382.0
1179.0,261,28586,1440.0
1181.0,202,18120,1383.0
1334.0,241,13149,1575.0
1335.0,189,28586,1524.0
1336.0,183,18120,1519.0
1173.0,205,13149,1378.0
1173.0,220,28586,1393.0
1175.0,200,18120,1375.0
1698.0,1019,2956,2717.0
1314.0,62,13149,1376.0
1315.0,68,28586,1383.0
1316.0,250,18120,1566.0
1355.0,215,13149,1570.0
1356.0,260,28586,1616.0
1357.0,214,18120,1571.0
1112.0,201,13149,1313.0
1113.0,256,28586,1369.0
1114.0,200,18120,1314.0
1112.0,70,13149,1182.0
1113.0,65,28586,1178.0
1115.0,290,18120,1405.0
1077.0,229,13149,1306.0
1078.0,215,28586,1293.0
1079.0,227,18120,1306.0
1611.0,1091,2956,2702.0
1193.0,215,13149,1408.0
1194.0,259,28586,1453.0
1195.0,199,18120,1394.0
1122.0,231,13149,1353.0
1123.0,217,28586,1340.0
1125.0,216,18120,1341.0
1296.0,253,13149,1549.0
1296.0,235,28586,1531.0
1298.0,230,18120,1528.0
1854.0,16,2956,1870.0
1174.0,65,13149,1239.0
1174.0,101,28586,1275.0
1176.0,136,18120,1312.0
1218.0,210,13149,1428.0
1219.0,265,28586,1484.0
1220.0,211,18120,1431.0
1120.0,223,13149,1343.0
1120.0,259,28586,1379.0
1122.0,218,18120,1340.0
1660.0,1069,2956,2729.0
1244.0,232,13149,1476.0
1245.0,258,28586,1503.0
1246.0,230,18120,1476.0
1804.0,1103,2956,2907.0
6136.0,701,1783,6837.0
1251.0,263,13149,1514.0
1252.0,227,28586,1479.0
1254.0,262,18120,1516.0
1752.0,25,2956,1777.0
1094.0,248,13149,1342.0
1094.0,262,28586,1356.0
1096.0,247,18120,1343.0
1664.0,1177,2956,2841.0
1221.0,67,13149,1288.0
1222.0,103,28586,1325.0
1224.0,285,18120,1509.0
