10	13
20	12
30	6
40	12
50	16
60	16
70	15
80	7
90	12
100	4
110	3
120	2
130	2
140	3
150	3
160	2
170	2
180	3
190	9
200	7
210	8
220	8
230	3
240	3
250	4
260	4
270	2
280	4
290	1
300	3
310	2
320	1
330	0
340	1
350	0
360	0
370	0
380	0
390	0
400	2
410	1
420	4
430	6
440	2
450	4
460	4
470	5
480	2
490	4
500	1
510	1
520	3
530	3
540	5
550	4
560	0
570	2
580	2
590	1
600	2
610	1
620	2
630	0
640	1
650	3
660	6
670	5
680	5
690	6
700	3
710	4
720	3
730	1
740	3
750	2
760	1
770	3
780	0
790	3
800	1
810	1
820	4
830	1
840	3
850	1
860	1
870	4
880	0
890	2
900	2
910	0
920	2
930	0
940	2
950	2
960	0
970	1
980	0
990	1
1000	0
1010	0
1020	0
1030	0
1040	1
1050	0
1060	1
1070	2
1080	1
1090	3
1100	0
1110	0
1120	0
1130	1
1140	0
1150	1
1160	0
1170	0
1180	0
1190	0
1200	0
1210	0
1220	1
1230	1
1240	1
1250	0
1260	1
1270	0
1280	0
1290	0
1300	0
1310	1
1320	1
1330	0
1340	0
1350	0
1360	0
1370	1
1380	0
1390	0
1400	0
1410	0
1420	0
1430	1
1440	0
1450	1
1460	1
1470	0
1480	2
1490	0
1500	0
1510	0
1520	0
1530	0
1540	0
1550	0
1560	0
1570	0
1580	0
1590	0
1600	0
1610	0
1620	0
1630	0
1640	0
1650	0
1660	0
1670	0
1680	0
1690	0
1700	0
1710	1
1720	0
1730	0
1740	0
1750	1
1760	0
1770	1
1780	0
1790	0
1800	0
1810	0
1820	0
1830	1
1840	0
1850	0
1860	0
1870	0
1880	0
1890	1
1900	0
1910	0
1920	0
1930	0
1940	0
1950	0
1960	0
1970	0
1980	0
1990	0
2000	0
2010	0
2020	0
2030	1
2040	0
2050	0
2060	0
2070	0
2080	0
2090	0
2100	0
2110	0
2120	0
2130	0
2140	0
2150	0
2160	0
2170	0
2180	0
2190	0
2200	1
