0	276
20	0
40	0
60	1
80	17
100	23
120	31
140	30
160	19
180	13
200	11
220	6
240	5
260	4
280	3
300	4
320	3
340	0
360	1
380	0
400	2
420	6
440	10
460	12
480	32
500	11
520	28
540	21
560	12
580	8
600	6
620	12
640	7
660	4
680	1
700	4
720	2
740	1
760	0
780	0
800	0
820	0
840	2
860	1
880	1
900	2
920	0
940	2
960	2
980	1
1000	0
1020	1
1040	1
1060	0
1080	0
1100	1
1120	0
1140	0
1160	1
1180	0
1200	1
1220	0
1240	0
1260	1
1280	1
1300	2
1320	0
1340	1
1360	1
1380	0
1400	0
1420	0
1440	0
1460	0
1480	1
1500	0
1520	1
1540	0
1560	0
1580	0
1600	0
1620	0
1640	1
1660	0
1680	1
1700	0
1720	0
1740	0
1760	0
1780	0
1800	0
1820	0
1840	0
1860	0
1880	0
1900	0
1920	1
1940	0
1960	0
1980	0
2000	1
2020	0
2040	0
2060	0
2080	0
2100	0
2120	0
2140	1
2160	0
2180	0
2200	0
2220	0
2240	0
2260	1
2280	0
2300	0
2320	0
2340	0
2360	0
2380	1
2400	0
2420	0
2440	0
2460	0
2480	0
2500	0
2520	0
2540	0
2560	0
2580	0
2600	1
2620	0
2640	0
2660	0
2680	0
2700	0
2720	0
2740	1
2760	0
2780	0
2800	0
2820	0
2840	0
2860	0
2880	0
2900	1
2920	0
2940	0
2960	0
2980	0
3000	0
3020	0
3040	0
3060	0
3080	0
3100	0
3120	0
3140	0
3160	0
3180	0
3200	0
3220	0
3240	0
3260	0
3280	0
3300	0
3320	0
3340	0
3360	1
