-50	89
0	4
50	0
100	0
150	0
200	0
250	0
300	23
350	41
400	28
450	11
500	2
550	4
600	1
650	1
700	10
750	13
800	12
850	9
900	1
950	1
1000	1
1050	4
1100	4
1150	1
1200	5
1250	3
1300	3
1350	2
1400	0
1450	3
1500	1
1550	5
1600	1
1650	0
1700	0
1750	2
1800	0
1850	0
1900	0
1950	0
2000	3
2050	3
2100	2
2150	1
2200	2
2250	0
2300	0
2350	1
2400	1
2450	2
2500	0
2550	1
2600	0
2650	1
2700	1
2750	2
2800	1
2850	2
2900	2
2950	3
3000	1
3050	2
3100	1
3150	3
3200	0
3250	0
3300	2
3350	1
3400	3
3450	4
3500	3
3550	2
3600	2
3650	3
3700	1
3750	0
3800	1
3850	1
3900	1
3950	2
4000	0
4050	1
4100	4
4150	2
4200	3
4250	6
4300	3
4350	4
4400	3
4450	4
4500	1
4550	4
4600	2
4650	3
4700	4
4750	1
4800	1
4850	3
4900	1
4950	5
5000	0
5050	3
5100	2
5150	3
5200	0
5250	1
5300	2
5350	0
5400	1
5450	2
5500	2
5550	0
5600	0
5650	1
5700	0
5750	1
5800	0
5850	0
5900	0
5950	1
6000	0
6050	3
6100	2
6150	1
6200	2
6250	0
6300	1
6350	3
6400	1
6450	0
6500	0
6550	0
6600	0
6650	0
6700	0
6750	1
6800	1
6850	0
6900	0
6950	1
7000	0
7050	0
7100	0
7150	1
7200	0
7250	1
7300	0
7350	1
7400	1
7450	0
7500	1
7550	2
7600	1
7650	1
7700	1
7750	2
7800	0
7850	1
7900	1
7950	1
8000	0
8050	1
8100	1
8150	0
8200	0
8250	0
8300	0
8350	0
8400	0
8450	1
8500	0
8550	1
8600	0
8650	1
8700	0
8750	1
8800	0
8850	0
8900	0
8950	0
9000	1
9050	0
9100	0
9150	0
9200	0
9250	0
9300	2
9350	0
9400	0
9450	0
9500	0
9550	0
9600	0
9650	0
9700	0
9750	2
9800	0
9850	0
9900	0
9950	0
10000	0
10050	0
10100	1
10150	0
10200	0
10250	0
10300	0
10350	0
10400	1
10450	0
10500	0
10550	0
10600	1
10650	0
10700	0
10750	0
10800	0
10850	0
10900	0
10950	0
11000	0
11050	0
11100	0
11150	0
11200	0
11250	0
11300	0
11350	0
11400	0
11450	1
11500	0
11550	0
11600	0
11650	0
11700	0
11750	0
11800	0
11850	0
11900	0
11950	0
12000	0
12050	0
12100	0
12150	0
12200	0
12250	1
