starttime,duration,size,total
-269.0,269,0,2281
0,348,117541,2360
179.0,252,0,2264
1933.0,121,0,2133
3343.0,117,0,2129
-551.0,550,0,2562
0,373,116881,2385
235.0,471,0,2483
1106.0,102,0,2114
2566.0,101,0,2113
-254.0,253,0,2265
0,375,116900,2387
239.0,224,0,2236
1440.0,123,0,2135
2944.0,197,0,2209
-604.0,604,0,2616
0,334,116335,2346
179.0,527,0,2539
1035.0,79,0,2091
2794.0,66,0,2078
-261.0,261,0,2273
0,437,116450,2449
183.0,602,0,2614
1512.0,101,0,2113
2982.0,69,0,2081
-598.0,598,0,2610
0,330,116381,2342
252.0,505,0,2517
1908.0,123,0,2135
3057.0,373,0,2385
-689.0,689,0,2701
0,399,116984,2411
264.0,470,0,2482
1934.0,130,0,2142
2942.0,465,0,2477
-263.0,263,0,2275
0,361,118355,2373
249.0,491,0,2503
1517.0,80,0,2092
3017.0,286,0,2298
-575.0,575,0,2587
0,358,118359,2370
185.0,308,0,2320
1198.0,90,0,2102
3091.0,250,0,2262
-601.0,601,0,2613
0,349,118749,2361
255.0,504,0,2516
1988.0,136,0,2148
3581.0,169,0,2181
-497.0,497,0,2509
0,400,117859,2412
243.0,224,0,2236
2008.0,780,0,2792
3930.0,39,0,2051
-252.0,251,0,2263
0,493,118952,2505
190.0,549,0,2561
2114.0,106,0,2118
3570.0,106,0,2118
-556.0,555,0,2567
0,377,118649,2389
185.0,671,0,2683
2267.0,93,0,2105
3345.0,77,0,2089
-501.0,501,0,2513
0,399,118670,2411
314.0,596,0,2608
2400.0,94,0,2106
3529.0,76,0,2088
-586.0,586,0,2598
0,306,119345,2318
182.0,252,0,2264
2333.0,238,0,2250
3634.0,651,0,2663
-252.0,252,0,2264
0,336,119491,2348
264.0,536,0,2548
2958.0,84,0,2096
4159.0,250,0,2262
-238.0,238,0,2250
0,439,119290,2451
306.0,558,0,2570
3043.0,154,0,2166
3450.0,720,0,2732
-264.0,264,0,2276
0,432,119724,2444
180.0,562,0,2574
2164.0,327,0,2339
3777.0,24,0,2036
-609.0,609,0,2621
0,340,120345,2352
180.0,1030,0,3042
2043.0,377,0,2389
3941.0,132,0,2144
-308.0,308,0,2320
0,416,120321,2428
190.0,549,0,2561
1910.0,105,0,2117
3844.0,26,0,2038
-607.0,607,0,2619
0,369,120522,2381
189.0,318,0,2330
2605.0,163,0,2175
4197.0,46,0,2058
-596.0,596,0,2608
0,355,120454,2367
273.0,699,0,2711
2808.0,156,0,2168
4143.0,118,0,2130
-625.0,625,0,2637
0,364,119997,2376
273.0,232,0,2244
2942.0,124,0,2136
4259.0,107,0,2119
-251.0,251,0,2263
0,419,119977,2431
297.0,148,0,2160
2847.0,103,0,2115
4350.0,59,0,2071
-598.0,598,0,2610
0,338,120231,2350
186.0,279,0,2291
3086.0,102,0,2114
4386.0,81,0,2093
-562.0,562,0,2574
0,389,120251,2401
297.0,556,0,2568
2874.0,106,0,2118
4045.0,65,0,2077
-269.0,268,0,2280
0,475,120265,2487
182.0,663,0,2675
2118.0,92,0,2104
4441.0,24,0,2036
-584.0,584,0,2596
0,394,120237,2406
187.0,844,0,2856
1532.0,1333,0,3345
4318.0,25,0,2037
-319.0,319,0,2331
0,383,120227,2395
279.0,340,0,2352
2957.0,694,0,2706
4787.0,164,0,2176
-603.0,603,0,2615
0,323,120198,2335
183.0,930,0,2942
3268.0,196,0,2208
4544.0,121,0,2133
-598.0,598,0,2610
0,362,120262,2374
285.0,605,0,2617
3076.0,99,0,2111
4815.0,1315,0,3327
-600.0,600,0,2612
0,375,120234,2387
183.0,900,0,2912
1565.0,1391,0,3403
4653.0,27,0,2039
-591.0,590,0,2602
0,359,120271,2371
185.0,290,0,2302
3362.0,156,0,2168
4800.0,69,0,2081
-261.0,261,0,2273
0,435,120287,2447
293.0,480,0,2492
2022.0,139,0,2151
4263.0,616,0,2628
-583.0,583,0,2595
0,1078,121100,3090
206.0,872,0,2884
3434.0,95,0,2107
4785.0,27,0,2039
-250.0,251,0,2263
0,341,121106,2353
262.0,547,0,2559
3814.0,132,0,2144
4981.0,183,0,2195
-603.0,603,0,2615
0,324,121106,2336
193.0,892,0,2904
3295.0,91,0,2103
4588.0,29,0,2041
-597.0,597,0,2609
0,320,121096,2332
183.0,919,0,2931
3443.0,90,0,2102
4897.0,84,0,2096
-600.0,599,0,2611
0,357,121080,2369
178.0,938,0,2950
3521.0,96,0,2108
4767.0,125,0,2137
-258.0,258,0,2270
0,389,120966,2401
232.0,612,0,2624
2677.0,171,0,2183
5067.0,121,0,2133
-247.0,246,0,2258
0,379,121006,2391
185.0,649,0,2661
2801.0,110,0,2122
6662.0,155,0,2167
-251.0,251,0,2263
0,354,121017,2366
264.0,560,0,2572
1937.0,105,0,2117
5309.0,186,0,2198
-252.0,252,0,2264
0,332,121120,2344
180.0,590,0,2602
3471.0,107,0,2119
4720.0,23,0,2035
-243.0,243,0,2255
0,333,120383,2345
184.0,600,0,2612
3455.0,115,0,2127
5454.0,25,0,2037
-242.0,242,0,2254
0,323,120385,2335
183.0,688,0,2700
3320.0,163,0,2175
5067.0,67,0,2079
-246.0,246,0,2258
0,387,120393,2399
188.0,563,0,2575
3696.0,843,0,2855
6031.0,30,0,2042
-599.0,599,0,2611
0,356,120501,2368
208.0,1048,0,3060
4164.0,111,0,2123
5634.0,26,0,2038
-593.0,593,0,2605
0,381,120588,2393
271.0,967,0,2979
4257.0,121,0,2133
5731.0,23,0,2035
-243.0,243,0,2255
0,381,121033,2393
260.0,322,0,2334
3958.0,144,0,2156
6305.0,54,0,2066
-253.0,253,0,2265
0,372,121055,2384
183.0,572,0,2584
4261.0,192,0,2204
5826.0,606,0,2618
-599.0,598,0,2610
0,407,120985,2419
210.0,346,0,2358
4589.0,155,0,2167
7026.0,150,0,2162
-260.0,260,0,2272
0,331,120732,2343
183.0,625,0,2637
4235.0,118,0,2130
5954.0,22,0,2034
-257.0,257,0,2269
0,336,120729,2348
179.0,490,0,2502
1135.0,2548,6924,4560
4012.0,258,0,2270
6288.0,40,0,2052
-593.0,593,0,2605
0,376,120309,2388
255.0,1028,0,3040
4447.0,108,0,2120
6005.0,173,0,2185
-254.0,254,0,2266
0,388,120516,2400
184.0,661,0,2673
4078.0,133,0,2145
5955.0,98,0,2110
-597.0,597,0,2609
0,379,120451,2391
205.0,1030,0,3042
4507.0,225,0,2237
6758.0,25,0,2037
-609.0,609,0,2621
0,353,120387,2365
345.0,1003,0,3015
4456.0,99,0,2111
8277.0,2344,0,4356
-254.0,254,0,2266
0,390,120457,2402
180.0,591,0,2603
4090.0,102,0,2114
6917.0,50,0,2062
-252.0,252,0,2264
0,334,120740,2346
321.0,560,0,2572
2627.0,119,0,2131
6178.0,28,0,2040
-605.0,605,0,2617
0,380,119751,2392
260.0,1060,0,3072
4477.0,169,0,2181
8435.0,43,0,2055
-609.0,609,0,2621
0,417,119658,2429
205.0,981,0,2993
4017.0,118,0,2130
5949.0,107,0,2119
-611.0,611,0,2623
0,405,120886,2417
200.0,1269,0,3281
4832.0,146,0,2158
6334.0,25,0,2037
-246.0,245,0,2257
0,352,120974,2364
234.0,661,0,2673
3972.0,160,0,2172
9752.0,45,0,2057
-626.0,626,0,2638
0,370,120978,2382
362.0,998,0,3010
1801.0,2788,6942,4800
4968.0,376,0,2388
7731.0,59,0,2071
-607.0,607,0,2619
0,415,120968,2427
204.0,1359,0,3371
5119.0,132,0,2144
9731.0,45,0,2057
-242.0,242,0,2254
0,345,120891,2357
183.0,629,0,2641
4071.0,140,0,2152
6207.0,33,0,2045
-2379.0,2379,0,4391
0,420,120936,2432
183.0,392,0,2404
4935.0,133,0,2145
9302.0,42,0,2054
-275.0,276,0,2288
0,348,120919,2360
341.0,479,0,2491
3876.0,113,0,2125
6564.0,877,0,2889
-298.0,297,0,2309
0,357,120883,2369
350.0,541,0,2553
5970.0,135,0,2147
6423.0,2599,0,4611
-614.0,614,0,2626
0,386,120807,2398
201.0,1318,0,3330
5061.0,102,0,2114
7604.0,106,0,2118
-624.0,624,0,2636
0,363,120766,2375
182.0,1182,0,3194
4270.0,151,0,2163
6292.0,87,0,2099
-247.0,247,0,2259
0,339,120808,2351
176.0,663,0,2675
4554.0,103,0,2115
7451.0,74,0,2086
-612.0,612,0,2624
0,417,120743,2429
194.0,1403,0,3415
2032.0,90,0,2102
7592.0,27,0,2039
-252.0,252,0,2264
0,409,120780,2421
182.0,557,0,2569
4824.0,109,0,2121
7529.0,24,0,2036
-268.0,268,0,2280
0,431,120538,2443
174.0,587,0,2599
4455.0,122,0,2134
7758.0,195,0,2207
-611.0,612,0,2624
0,446,120455,2458
254.0,994,0,3006
4184.0,141,0,2153
6691.0,692,0,2704
-280.0,280,0,2292
0,357,119922,2369
181.0,705,0,2717
4823.0,149,0,2161
7563.0,24,0,2036
-261.0,261,0,2273
0,412,119958,2424
184.0,587,0,2599
4555.0,156,0,2168
6949.0,834,0,2846
-261.0,261,0,2273
0,342,119961,2354
336.0,234,0,2246
4152.0,99,0,2111
7160.0,117,0,2129
-241.0,241,0,2253
0,403,119463,2415
261.0,543,0,2555
4226.0,93,0,2105
7729.0,167,0,2179
-633.0,632,0,2644
0,409,119444,2421
209.0,1247,0,3259
4957.0,98,0,2110
10063.0,47,0,2059
-623.0,623,0,2635
0,434,119506,2446
199.0,1384,0,3396
4838.0,130,0,2142
10381.0,51,0,2063
-261.0,261,0,2273
0,462,119553,2474
179.0,285,0,2297
4226.0,126,0,2138
7480.0,176,0,2188
-267.0,267,0,2279
0,391,119613,2403
248.0,492,0,2504
4392.0,102,0,2114
7764.0,172,0,2184
-624.0,624,0,2636
0,495,119452,2507
195.0,302,0,2314
5284.0,126,0,2138
8381.0,170,0,2182
-303.0,303,0,2315
0,385,119469,2397
174.0,568,0,2580
4179.0,81,0,2093
7216.0,884,0,2896
-622.0,622,0,2634
0,431,119123,2443
281.0,1068,0,3080
4953.0,153,0,2165
7945.0,179,0,2191
-634.0,634,0,2646
0,414,119559,2426
256.0,1236,0,3248
4938.0,135,0,2147
11442.0,48,0,2060
-626.0,626,0,2638
0,425,117503,2437
190.0,1585,0,3597
5199.0,115,0,2127
8587.0,112,0,2124
-628.0,629,0,2641
0,399,117515,2411
251.0,1510,0,3522
5438.0,87,0,2099
9139.0,3131,0,5143
-267.0,266,0,2278
0,422,117938,2434
185.0,587,0,2599
4681.0,76,0,2088
8765.0,31,0,2043
-262.0,262,0,2274
0,423,118986,2435
174.0,669,0,2681
5369.0,155,0,2167
9252.0,54,0,2066
-269.0,269,0,2281
0,348,117541,2360
179.0,252,0,2264
1933.0,121,0,2133
3343.0,117,0,2129
