-14400	1
-14200	0
-14000	0
-13800	0
-13600	0
-13400	0
-13200	0
-13000	0
-12800	0
-12600	0
-12400	0
-12200	0
-12000	0
-11800	0
-11600	0
-11400	0
-11200	0
-11000	0
-10800	0
-10600	0
-10400	0
-10200	0
-10000	0
-9800	0
-9600	0
-9400	0
-9200	0
-9000	0
-8800	0
-8600	0
-8400	0
-8200	0
-8000	0
-7800	0
-7600	0
-7400	0
-7200	0
-7000	0
-6800	0
-6600	0
-6400	0
-6200	0
-6000	0
-5800	0
-5600	0
-5400	0
-5200	0
-5000	0
-4800	0
-4600	0
-4400	0
-4200	0
-4000	0
-3800	0
-3600	0
-3400	0
-3200	0
-3000	0
-2800	0
-2600	0
-2400	0
-2200	0
-2000	0
-1800	0
-1600	0
-1400	0
-1200	0
-1000	0
-800	0
-600	0
-400	0
-200	0
0	0
200	55
400	284
600	160
800	31
1000	47
1200	52
1400	16
1600	19
1800	25
2000	12
2200	13
2400	19
2600	15
2800	5
3000	19
3200	9
3400	15
3600	6
3800	12
4000	6
4200	3
4400	4
4600	1
4800	0
5000	2
5200	4
5400	6
5600	1
5800	1
6000	6
6200	1
6400	2
6600	4
6800	2
7000	1
7200	0
7400	1
7600	1
7800	0
8000	2
8200	0
8400	3
8600	0
8800	1
9000	3
9200	1
9400	2
9600	2
9800	0
10000	0
10200	3
10400	3
10600	1
10800	1
11000	2
11200	3
11400	1
11600	0
11800	2
12000	0
12200	2
12400	1
12600	2
12800	1
13000	0
13200	1
13400	1
13600	1
13800	0
14000	1
14200	2
14400	0
14600	1
14800	0
15000	0
15200	1
15400	0
15600	0
15800	0
16000	0
16200	0
16400	0
16600	0
16800	0
17000	0
17200	0
17400	0
17600	0
17800	1
18000	1
18200	0
18400	0
18600	0
18800	0
19000	0
19200	0
19400	1
19600	0
19800	0
20000	0
20200	0
20400	0
20600	0
20800	1
