250	2
300	22
350	28
400	18
450	14
500	5
550	2
600	11
650	6
700	21
750	45
800	29
850	42
900	26
950	16
1000	12
1050	5
1100	8
1150	6
1200	7
1250	5
1300	5
1350	12
1400	2
1450	4
1500	6
1550	9
1600	7
1650	4
1700	3
1750	1
1800	2
1850	2
1900	6
1950	0
2000	1
2050	1
2100	0
2150	3
2200	2
2250	2
2300	3
2350	3
2400	1
2450	6
2500	2
2550	2
2600	2
2650	1
2700	4
2750	2
2800	5
2850	3
2900	1
2950	1
3000	2
3050	0
3100	0
3150	0
3200	0
3250	2
3300	1
3350	1
3400	3
3450	2
3500	1
3550	1
3600	0
3650	1
3700	0
3750	0
3800	0
3850	0
3900	0
3950	0
4000	0
4050	0
4100	0
4150	0
4200	0
4250	0
4300	0
4350	0
4400	0
4450	0
4500	0
4550	0
4600	0
4650	0
4700	0
4750	0
4800	0
4850	0
4900	0
4950	0
5000	0
5050	0
5100	0
5150	0
5200	0
5250	0
5300	0
5350	0
5400	0
5450	0
5500	0
5550	0
5600	0
5650	0
5700	0
5750	0
5800	0
5850	0
5900	0
5950	0
6000	2
6050	0
6100	0
6150	1
