starttime,duration,size,total
0,381,39442,381
892.0,299,2484,1191.0
896.0,2,0,898.0
917.0,1,0,918.0
920.0,517,167,1437.0
929.0,2,0,931.0
1005.0,501,33987,1506.0
1431.0,348,0,1779.0
1501.0,1,0,1502.0
3399.0,137,58,3536.0
0,407,39406,407
486.0,237,2484,723.0
488.0,1,0,489.0
497.0,1,0,498.0
500.0,219,167,719.0
523.0,11,0,534.0
609.0,1072,34214,1681.0
1113.0,47,0,1160.0
1674.0,1,0,1675.0
1768.0,939,58,2707.0
0,436,39409,436
517.0,219,2484,736.0
519.0,1,0,520.0
527.0,1,0,528.0
530.0,161,167,691.0
622.0,3,0,625.0
710.0,1039,32777,1749.0
1277.0,326,0,1603.0
1744.0,1,0,1745.0
2773.0,1153,58,3926.0
0,388,39414,388
466.0,238,2484,704.0
468.0,1,0,469.0
476.0,1,0,477.0
479.0,220,167,699.0
508.0,3,0,511.0
587.0,504,33887,1091.0
1083.0,1,0,1084.0
1146.0,202,0,1348.0
2484.0,152,58,2636.0
0,377,39414,377
454.0,248,2484,702.0
456.0,1,0,457.0
465.0,1,0,466.0
468.0,246,167,714.0
494.0,7,0,501.0
577.0,1102,34089,1679.0
1180.0,235,0,1415.0
1672.0,1,0,1673.0
2517.0,138,58,2655.0
0,369,39414,369
446.0,262,2484,708.0
449.0,1,0,450.0
457.0,1,0,458.0
460.0,252,167,712.0
482.0,5,0,487.0
563.0,1288,33934,1851.0
1167.0,310,0,1477.0
1843.0,1,0,1844.0
3313.0,130,58,3443.0
0,381,39414,381
473.0,250,2484,723.0
476.0,1,0,477.0
485.0,1,0,486.0
488.0,266,167,754.0
498.0,1,0,499.0
575.0,1243,34012,1818.0
1463.0,320,0,1783.0
1809.0,1,0,1810.0
3372.0,1032,58,4404.0
0,379,39412,379
459.0,188,2484,647.0
461.0,1,0,462.0
469.0,1,0,470.0
473.0,169,167,642.0
532.0,1,0,533.0
613.0,865,34070,1478.0
1065.0,63,0,1128.0
1472.0,1,0,1473.0
2700.0,289,58,2989.0
0,368,39414,368
448.0,293,2484,741.0
450.0,1,0,451.0
458.0,1,0,459.0
461.0,269,167,730.0
486.0,8,0,494.0
570.0,1198,34050,1768.0
1501.0,238,0,1739.0
1760.0,1,0,1761.0
3143.0,912,58,4055.0
0,372,39413,372
454.0,276,2484,730.0
456.0,1,0,457.0
464.0,1,0,465.0
468.0,266,167,734.0
491.0,9,0,500.0
575.0,1008,34224,1583.0
1128.0,64,0,1192.0
1574.0,1,0,1575.0
3227.0,296,58,3523.0
0,382,39414,382
466.0,274,2484,740.0
468.0,1,0,469.0
476.0,1,0,477.0
479.0,279,167,758.0
501.0,5,0,506.0
582.0,1184,33943,1766.0
1178.0,590,0,1768.0
1759.0,1,0,1760.0
3535.0,444,58,3979.0
0,378,39414,378
463.0,303,2484,766.0
465.0,1,0,466.0
474.0,1,0,475.0
477.0,272,167,749.0
498.0,7,0,505.0
581.0,1228,34100,1809.0
1778.0,341,0,2119.0
1800.0,1,0,1801.0
3596.0,1016,58,4612.0
0,499,39414,499
461.0,203,2484,664.0
463.0,1,0,464.0
471.0,1,0,472.0
474.0,183,167,657.0
502.0,1,0,503.0
1022.0,1007,34121,2029.0
1102.0,70,0,1172.0
2022.0,2,0,2024.0
3729.0,725,58,4454.0
0,431,39407,431
508.0,250,2484,758.0
510.0,1,0,511.0
519.0,1,0,520.0
522.0,240,167,762.0
531.0,2,0,533.0
607.0,546,32818,1153.0
1148.0,1,0,1149.0
1154.0,675,0,1829.0
6263.0,343,58,6606.0
0,386,39414,386
485.0,269,2484,754.0
487.0,1,0,488.0
496.0,1,0,497.0
499.0,243,167,742.0
510.0,1,0,511.0
585.0,1233,34237,1818.0
1201.0,619,0,1820.0
1809.0,1,0,1810.0
4349.0,111,58,4460.0
0,444,39414,444
484.0,302,2484,786.0
486.0,2,0,488.0
495.0,1,0,496.0
498.0,342,167,840.0
505.0,2,0,507.0
582.0,1363,34100,1945.0
1256.0,786,0,2042.0
1937.0,1,0,1938.0
6731.0,412,58,7143.0
0,371,39414,371
459.0,304,2484,763.0
461.0,1,0,462.0
469.0,1,0,470.0
473.0,297,167,770.0
493.0,10,0,503.0
580.0,1394,34131,1974.0
1203.0,742,0,1945.0
1966.0,1,0,1967.0
3945.0,417,58,4362.0
0,428,39414,428
469.0,326,2484,795.0
472.0,1,0,473.0
481.0,1,0,482.0
485.0,305,167,790.0
492.0,1,0,493.0
570.0,1363,34000,1933.0
1237.0,699,0,1936.0
1923.0,1,0,1924.0
4904.0,363,58,5267.0
0,453,39413,453
542.0,218,2484,760.0
545.0,1,0,546.0
553.0,1,0,554.0
556.0,209,167,765.0
581.0,3,0,584.0
661.0,1252,33954,1913.0
1216.0,701,0,1917.0
1904.0,1,0,1905.0
5811.0,849,58,6660.0
0,652,39414,652
481.0,184,2484,665.0
483.0,1,0,484.0
492.0,2,0,494.0
496.0,162,167,658.0
506.0,1,0,507.0
1028.0,854,34164,1882.0
1069.0,78,0,1147.0
1875.0,1,0,1876.0
4036.0,513,58,4549.0
0,366,39408,366
456.0,187,2484,643.0
458.0,1,0,459.0
466.0,1,0,467.0
469.0,181,167,650.0
537.0,1,0,538.0
614.0,1378,32845,1992.0
1069.0,26,0,1095.0
1987.0,1,0,1988.0
4914.0,133,58,5047.0
0,368,39414,368
460.0,196,2484,656.0
462.0,1,0,463.0
471.0,1,0,472.0
474.0,175,167,649.0
496.0,6,0,502.0
578.0,1578,34079,2156.0
1213.0,70,0,1283.0
2147.0,1,0,2148.0
4616.0,563,58,5179.0
0,371,39414,371
478.0,178,2484,656.0
480.0,1,0,481.0
489.0,1,0,490.0
492.0,192,167,684.0
502.0,1,0,503.0
578.0,573,34294,1151.0
1144.0,1,0,1145.0
1154.0,161,0,1315.0
5113.0,158,58,5271.0
0,368,39413,368
465.0,205,2484,670.0
467.0,1,0,468.0
475.0,1,0,476.0
479.0,181,167,660.0
499.0,6,0,505.0
585.0,1757,32865,2342.0
1124.0,124,0,1248.0
2332.0,1,0,2333.0
5274.0,131,58,5405.0
0,978,39414,978
1089.0,191,2484,1280.0
1091.0,2,0,1093.0
1101.0,1,0,1102.0
1104.0,161,167,1265.0
1115.0,1,0,1116.0
1193.0,2192,34053,3385.0
1996.0,96,0,2092.0
3378.0,1,0,3379.0
7096.0,984,58,8080.0
0,464,39415,464
564.0,198,2484,762.0
566.0,1,0,567.0
575.0,1,0,576.0
578.0,172,167,750.0
682.0,2,0,684.0
996.0,1348,33667,2344.0
1180.0,1194,0,2374.0
2338.0,1,0,2339.0
5340.0,804,58,6144.0
0,377,39632,377
474.0,165,2484,639.0
476.0,1,0,477.0
485.0,1,0,486.0
488.0,145,167,633.0
515.0,2,0,517.0
1068.0,1213,33973,2281.0
1097.0,97,0,1194.0
2275.0,1,0,2276.0
5666.0,373,58,6039.0
0,896,39413,896
996.0,192,2484,1188.0
998.0,1,0,999.0
1007.0,1,0,1008.0
1010.0,184,167,1194.0
1032.0,6,0,1038.0
1116.0,1002,34266,2118.0
1981.0,111,0,2092.0
2111.0,1,0,2112.0
6067.0,116,58,6183.0
0,380,39413,380
484.0,215,2484,699.0
486.0,1,0,487.0
495.0,1,0,496.0
498.0,187,167,685.0
529.0,1,0,530.0
611.0,563,32828,1174.0
1167.0,1,0,1168.0
1178.0,100,0,1278.0
5343.0,279,58,5622.0
0,384,39413,384
496.0,300,2484,796.0
498.0,1,0,499.0
507.0,1,0,508.0
511.0,279,167,790.0
522.0,1,0,523.0
600.0,1870,34238,2470.0
2433.0,644,0,3077.0
2460.0,1,0,2461.0
7143.0,467,58,7610.0
0,450,39414,450
475.0,163,2484,638.0
477.0,1,0,478.0
486.0,1,0,487.0
489.0,145,167,634.0
563.0,5,0,568.0
1054.0,1360,34126,2414.0
1080.0,66,0,1146.0
2408.0,1,0,2409.0
5297.0,282,58,5579.0
0,380,39413,380
483.0,189,2484,672.0
485.0,1,0,486.0
494.0,1,0,495.0
497.0,182,167,679.0
521.0,4,0,525.0
600.0,1922,32784,2522.0
1142.0,159,0,1301.0
2511.0,1,0,2512.0
5565.0,909,58,6474.0
0,384,39413,384
486.0,192,2484,678.0
488.0,1,0,489.0
497.0,1,0,498.0
500.0,186,167,686.0
522.0,7,0,529.0
605.0,2008,34259,2613.0
1154.0,65,0,1219.0
2605.0,1,0,2606.0
6115.0,513,58,6628.0
0,376,39415,376
477.0,197,2484,674.0
479.0,2,0,481.0
488.0,1,0,489.0
492.0,187,167,679.0
514.0,10,0,524.0
601.0,549,34093,1150.0
1143.0,1,0,1144.0
1217.0,79,0,1296.0
5373.0,87,58,5460.0
0,383,39413,383
485.0,199,2484,684.0
487.0,1,0,488.0
496.0,1,0,497.0
499.0,190,167,689.0
520.0,9,0,529.0
607.0,571,34085,1178.0
1145.0,147,0,1292.0
1170.0,2,0,1172.0
5922.0,1022,58,6944.0
0,385,39415,385
502.0,309,2484,811.0
505.0,1,0,506.0
513.0,2,0,515.0
517.0,298,167,815.0
529.0,1,0,530.0
605.0,1965,34002,2570.0
1203.0,1287,0,2490.0
2562.0,1,0,2563.0
10806.0,563,58,11369.0
0,377,39414,377
484.0,203,2484,687.0
486.0,1,0,487.0
494.0,1,0,495.0
498.0,183,167,681.0
519.0,9,0,528.0
603.0,2000,34183,2603.0
1185.0,68,0,1253.0
2594.0,1,0,2595.0
5966.0,128,58,6094.0
0,531,39415,531
570.0,199,2484,769.0
572.0,1,0,573.0
581.0,1,0,582.0
584.0,220,167,804.0
595.0,1,0,596.0
671.0,445,34024,1116.0
1109.0,1,0,1110.0
1241.0,79,0,1320.0
7372.0,1091,58,8463.0
0,460,39415,460
490.0,170,2484,660.0
492.0,1,0,493.0
501.0,1,0,502.0
504.0,149,167,653.0
578.0,5,0,583.0
1070.0,2321,34068,3391.0
1110.0,172,0,1282.0
3384.0,1,0,3385.0
6463.0,106,58,6569.0
0,460,39408,460
488.0,167,2484,655.0
490.0,1,0,491.0
499.0,1,0,500.0
502.0,146,167,648.0
573.0,2,0,575.0
1082.0,1483,33599,2565.0
1114.0,70,0,1184.0
2559.0,1,0,2560.0
5883.0,64,58,5947.0
0,401,39625,401
507.0,311,2484,818.0
509.0,1,0,510.0
517.0,1,0,518.0
521.0,270,167,791.0
546.0,6,0,552.0
636.0,559,34001,1195.0
1188.0,1,0,1189.0
1277.0,1262,0,2539.0
6230.0,660,58,6890.0
0,386,39632,386
506.0,324,2484,830.0
508.0,1,0,509.0
517.0,1,0,518.0
520.0,305,167,825.0
528.0,1,0,529.0
609.0,2070,34185,2679.0
1228.0,1414,0,2642.0
2670.0,1,0,2671.0
11623.0,745,58,12368.0
0,391,39413,391
498.0,202,2484,700.0
500.0,1,0,501.0
509.0,1,0,510.0
513.0,196,167,709.0
542.0,1,0,543.0
621.0,2111,33812,2732.0
1148.0,92,0,1240.0
2723.0,1,0,2724.0
6230.0,121,58,6351.0
0,389,39408,389
497.0,200,2484,697.0
499.0,1,0,500.0
508.0,1,0,509.0
511.0,178,167,689.0
531.0,9,0,540.0
616.0,2125,34129,2741.0
1102.0,84,0,1186.0
2731.0,1,0,2732.0
6665.0,742,58,7407.0
0,375,39414,375
497.0,198,2484,695.0
499.0,1,0,500.0
508.0,1,0,509.0
511.0,188,167,699.0
540.0,2,0,542.0
620.0,564,34037,1184.0
1153.0,110,0,1263.0
1177.0,1,0,1178.0
7495.0,916,58,8411.0
0,456,39414,456
496.0,464,2484,960.0
498.0,1,0,499.0
507.0,1,0,508.0
510.0,422,167,932.0
522.0,1,0,523.0
602.0,2482,34288,3084.0
1281.0,1815,0,3096.0
3075.0,1,0,3076.0
10160.0,554,58,10714.0
0,477,39413,477
518.0,355,2484,873.0
520.0,1,0,521.0
529.0,1,0,530.0
532.0,335,167,867.0
540.0,1,0,541.0
617.0,2397,34241,3014.0
2985.0,941,0,3926.0
3007.0,1,0,3008.0
13617.0,1104,58,14721.0
0,453,39414,453
491.0,421,2484,912.0
493.0,1,0,494.0
502.0,1,0,503.0
505.0,409,167,914.0
515.0,1,0,516.0
594.0,2736,34080,3330.0
1304.0,1988,0,3292.0
3320.0,2,0,3322.0
8150.0,891,58,9041.0
0,475,39414,475
514.0,190,2484,704.0
516.0,1,0,517.0
525.0,1,0,526.0
528.0,373,167,901.0
537.0,1,0,538.0
614.0,3764,34104,4378.0
1207.0,164,0,1371.0
4372.0,1,0,4373.0
8686.0,662,58,9348.0
0,366,39495,366
486.0,207,2484,693.0
488.0,1,0,489.0
497.0,1,0,498.0
500.0,182,167,682.0
522.0,7,0,529.0
610.0,2974,34008,3584.0
1270.0,68,0,1338.0
3575.0,1,0,3576.0
8844.0,669,58,9513.0
0,388,39493,388
507.0,209,2484,716.0
509.0,1,0,510.0
517.0,1,0,518.0
521.0,198,167,719.0
542.0,10,0,552.0
635.0,2931,32600,3566.0
1238.0,70,0,1308.0
3553.0,1,0,3554.0
8699.0,314,58,9013.0
0,395,39707,395
516.0,202,2484,718.0
518.0,1,0,519.0
526.0,1,0,527.0
530.0,184,167,714.0
550.0,6,0,556.0
636.0,597,33716,1233.0
1226.0,1,0,1227.0
1236.0,77,0,1313.0
8220.0,271,58,8491.0
-14304.0,1,0,-14303.0
0,580,39496,580
493.0,97,2484,590.0
496.0,1,0,497.0
506.0,1,0,507.0
510.0,84,167,594.0
1004.0,1,0,1005.0
1083.0,981,33704,2064.0
2058.0,1,0,2059.0
2065.0,1800,0,3865.0
0,368,39495,368
510.0,203,2484,713.0
512.0,1,0,513.0
521.0,1,0,522.0
525.0,192,167,717.0
533.0,2,0,535.0
611.0,611,33791,1222.0
1213.0,3,0,1216.0
1225.0,80,0,1305.0
10104.0,445,58,10549.0
0,367,39489,367
497.0,201,2484,698.0
499.0,1,0,500.0
507.0,1,0,508.0
511.0,182,167,693.0
535.0,5,0,540.0
618.0,2828,33926,3446.0
1233.0,62,0,1295.0
3437.0,1,0,3438.0
8544.0,326,58,8870.0
0,486,39494,486
575.0,289,2484,864.0
578.0,1,0,579.0
586.0,1,0,587.0
590.0,280,167,870.0
598.0,1,0,599.0
832.0,1660,33900,2492.0
1281.0,150,0,1431.0
2486.0,1,0,2487.0
17933.0,140,58,18073.0
0,480,39495,480
572.0,311,2484,883.0
574.0,1,0,575.0
583.0,1,0,584.0
586.0,292,167,878.0
594.0,1,0,595.0
847.0,1457,33735,2304.0
1227.0,1081,0,2308.0
2298.0,1,0,2299.0
18889.0,689,58,19578.0
0,488,39495,488
518.0,166,2484,684.0
520.0,1,0,521.0
529.0,1,0,530.0
532.0,146,167,678.0
605.0,4,0,609.0
1073.0,4961,33825,6034.0
1162.0,146,0,1308.0
6027.0,2,0,6029.0
11873.0,713,58,12586.0
0,388,39707,388
518.0,199,2484,717.0
520.0,1,0,521.0
529.0,1,0,530.0
533.0,196,167,729.0
563.0,1,0,564.0
641.0,581,33979,1222.0
1185.0,113,0,1298.0
1214.0,1,0,1215.0
6693.0,1443,58,8136.0
0,482,39495,482
672.0,2460,2484,3132.0
677.0,1,0,678.0
698.0,1,0,699.0
701.0,2371,167,3072.0
710.0,1,0,711.0
790.0,2317,32528,3107.0
3058.0,718,0,3776.0
3101.0,1,0,3102.0
17765.0,109,58,17874.0
0,384,39712,384
516.0,203,2484,719.0
518.0,1,0,519.0
527.0,1,0,528.0
530.0,192,167,722.0
552.0,7,0,559.0
636.0,2927,34023,3563.0
1178.0,68,0,1246.0
3554.0,2,0,3556.0
8863.0,148,58,9011.0
0,372,39495,372
511.0,201,2484,712.0
513.0,1,0,514.0
522.0,1,0,523.0
525.0,177,167,702.0
533.0,1,0,534.0
626.0,3007,33762,3633.0
1197.0,137,0,1334.0
3624.0,1,0,3625.0
9249.0,332,58,9581.0
0,553,39494,553
508.0,197,2484,705.0
510.0,1,0,511.0
519.0,1,0,520.0
523.0,184,167,707.0
1021.0,12,0,1033.0
1108.0,2559,33902,3667.0
3661.0,1,0,3662.0
3668.0,128,0,3796.0
12414.0,1185,58,13599.0
0,377,39496,377
519.0,163,2484,682.0
521.0,1,0,522.0
530.0,1,0,531.0
533.0,160,167,693.0
559.0,3,0,562.0
1125.0,91,0,1216.0
1181.0,1319,33974,2500.0
2493.0,1,0,2494.0
10190.0,137,58,10327.0
0,365,39493,365
443.0,202,2484,645.0
445.0,1,0,446.0
454.0,2,0,456.0
459.0,177,167,636.0
534.0,2,0,536.0
613.0,869,33943,1482.0
1059.0,55,0,1114.0
1475.0,1,0,1476.0
10226.0,144,58,10370.0
0,386,39495,386
511.0,203,2484,714.0
513.0,1,0,514.0
522.0,1,0,523.0
525.0,183,167,708.0
546.0,8,0,554.0
634.0,2083,33945,2717.0
1229.0,179,0,1408.0
2708.0,1,0,2709.0
9241.0,443,58,9684.0
0,444,39496,444
538.0,325,2484,863.0
540.0,1,0,541.0
549.0,1,0,550.0
552.0,316,167,868.0
559.0,1,0,560.0
639.0,3192,33968,3831.0
1303.0,149,0,1452.0
3822.0,1,0,3823.0
12339.0,387,58,12726.0
0,399,39713,399
531.0,211,2484,742.0
533.0,1,0,534.0
542.0,1,0,543.0
545.0,190,167,735.0
566.0,10,0,576.0
655.0,605,33940,1260.0
1225.0,173,0,1398.0
1254.0,1,0,1255.0
9063.0,1380,58,10443.0
0,493,39494,493
521.0,163,2484,684.0
523.0,1,0,524.0
532.0,1,0,533.0
535.0,152,167,687.0
609.0,1,0,610.0
1103.0,169,0,1272.0
1158.0,2739,34122,3897.0
3891.0,1,0,3892.0
10015.0,321,58,10336.0
0,366,39495,366
510.0,178,2484,688.0
513.0,1,0,514.0
522.0,1,0,523.0
525.0,159,167,684.0
546.0,9,0,555.0
1103.0,85,0,1188.0
1155.0,2795,33857,3950.0
3943.0,1,0,3944.0
10378.0,856,58,11234.0
0,373,39495,373
513.0,205,2484,718.0
516.0,1,0,517.0
524.0,1,0,525.0
528.0,186,167,714.0
540.0,1,0,541.0
617.0,639,33975,1256.0
1220.0,113,0,1333.0
1247.0,2,0,1249.0
8528.0,1191,58,9719.0
0,432,39495,432
582.0,305,2484,887.0
584.0,1,0,585.0
593.0,1,0,594.0
597.0,176,167,773.0
608.0,1,0,609.0
685.0,3252,34147,3937.0
1268.0,117,0,1385.0
3927.0,3,0,3930.0
19972.0,852,58,20824.0
0,367,39488,367
448.0,204,2484,652.0
450.0,1,0,451.0
459.0,1,0,460.0
462.0,183,167,645.0
470.0,1,0,471.0
623.0,889,34003,1512.0
1132.0,35,0,1167.0
1504.0,2,0,1506.0
10559.0,769,58,11328.0
0,480,39702,480
580.0,349,2484,929.0
582.0,1,0,583.0
590.0,1,0,591.0
594.0,183,167,777.0
601.0,1,0,602.0
679.0,464,34144,1143.0
1136.0,1,0,1137.0
1401.0,1520,0,2921.0
14019.0,377,58,14396.0
0,385,39495,385
467.0,169,2484,636.0
469.0,1,0,470.0
478.0,1,0,479.0
481.0,159,167,640.0
564.0,3,0,567.0
1045.0,253,0,1298.0
1346.0,1665,33621,3011.0
3003.0,1,0,3004.0
10897.0,101,58,10998.0
0,372,39494,372
452.0,170,2484,622.0
454.0,1,0,455.0
465.0,1,0,466.0
469.0,160,167,629.0
548.0,1,0,549.0
1018.0,340,0,1358.0
1324.0,1511,33896,2835.0
2827.0,1,0,2828.0
10130.0,319,58,10449.0
0,387,39493,387
531.0,171,2484,702.0
533.0,1,0,534.0
541.0,1,0,542.0
545.0,160,167,705.0
567.0,8,0,575.0
1093.0,79,0,1172.0
1140.0,1406,34034,2546.0
2540.0,1,0,2541.0
0,359,39494,359
439.0,201,2484,640.0
441.0,1,0,442.0
450.0,1,0,451.0
453.0,180,167,633.0
533.0,1,0,534.0
613.0,1086,33833,1699.0
1067.0,107,0,1174.0
1690.0,1,0,1691.0
11058.0,1224,58,12282.0
0,367,39494,367
447.0,178,2484,625.0
449.0,1,0,450.0
458.0,1,0,459.0
461.0,170,167,631.0
473.0,1,0,474.0
1138.0,245,0,1383.0
1449.0,1967,33921,3416.0
3409.0,1,0,3410.0
3832.0,2881,58,6713.0
0,515,39712,515
670.0,170,2484,840.0
686.0,1,0,687.0
713.0,1,0,714.0
716.0,153,167,869.0
726.0,1,0,727.0
805.0,1478,34018,2283.0
1323.0,1039,0,2362.0
2276.0,1,0,2277.0
13963.0,434,58,14397.0
0,513,39495,513
540.0,110,2484,650.0
542.0,1,0,543.0
552.0,4,0,556.0
558.0,354,167,912.0
580.0,6,0,586.0
1099.0,2999,32685,4098.0
1318.0,2783,0,4101.0
4092.0,1,0,4093.0
10894.0,127,58,11021.0
0,380,39713,380
461.0,174,2484,635.0
463.0,1,0,464.0
472.0,1,0,473.0
475.0,155,167,630.0
560.0,1,0,561.0
1078.0,240,0,1318.0
1406.0,1752,34078,3158.0
3152.0,1,0,3153.0
11908.0,888,58,12796.0
0,465,39496,465
494.0,203,2484,697.0
496.0,1,0,497.0
505.0,1,0,506.0
508.0,194,167,702.0
590.0,1,0,591.0
670.0,4601,32685,5271.0
1111.0,224,0,1335.0
5264.0,1,0,5265.0
10717.0,712,58,11429.0
0,369,39495,369
448.0,170,2484,618.0
450.0,1,0,451.0
459.0,1,0,460.0
463.0,160,167,623.0
548.0,1,0,549.0
1029.0,261,0,1290.0
1354.0,1652,34112,3006.0
2999.0,1,0,3000.0
11837.0,63,58,11900.0
0,443,39495,443
547.0,108,2484,655.0
549.0,1,0,550.0
558.0,1,0,559.0
561.0,86,167,647.0
1029.0,3,0,1032.0
1110.0,4373,34121,5483.0
5453.0,136,0,5589.0
5474.0,3,0,5477.0
13965.0,1299,58,15264.0
0,427,39495,427
529.0,204,2484,733.0
531.0,1,0,532.0
540.0,1,0,541.0
543.0,182,167,725.0
551.0,1,0,552.0
628.0,3502,34075,4130.0
1262.0,70,0,1332.0
4122.0,1,0,4123.0
10633.0,417,58,11050.0
0,370,39495,370
454.0,186,2484,640.0
456.0,1,0,457.0
465.0,2,0,467.0
469.0,162,167,631.0
555.0,3,0,558.0
1070.0,291,0,1361.0
1340.0,1766,34070,3106.0
3099.0,1,0,3100.0
11615.0,346,58,11961.0
0,412,39494,412
516.0,167,2484,683.0
518.0,1,0,519.0
527.0,1,0,528.0
530.0,157,167,687.0
538.0,1,0,539.0
1219.0,89,0,1308.0
1274.0,1777,34098,3051.0
3043.0,2,0,3045.0
11999.0,971,58,12970.0
0,388,39495,388
469.0,182,2484,651.0
471.0,1,0,472.0
480.0,1,0,481.0
483.0,160,167,643.0
570.0,1,0,571.0
1092.0,32,0,1124.0
1370.0,380,32663,1750.0
1742.0,1,0,1743.0
12642.0,983,58,13625.0
0,375,39495,375
455.0,185,2484,640.0
458.0,1,0,459.0
466.0,1,0,467.0
470.0,174,167,644.0
564.0,1,0,565.0
1139.0,248,0,1387.0
1459.0,1933,33831,3392.0
3385.0,1,0,3386.0
13073.0,182,58,13255.0
0,371,39495,371
451.0,192,2484,643.0
454.0,1,0,455.0
462.0,1,0,463.0
466.0,173,167,639.0
562.0,5,0,567.0
1145.0,250,0,1395.0
1529.0,2011,33759,3540.0
3533.0,1,0,3534.0
13864.0,166,58,14030.0
