40	1
45	0
50	4
55	1
60	6
65	12
70	5
75	3
80	17
85	11
90	4
95	3
100	4
105	16
110	24
115	18
120	12
125	4
130	1
135	2
140	2
145	3
150	2
155	1
160	2
165	1
170	1
175	2
180	1
185	0
190	0
195	2
200	2
205	0
210	1
215	0
220	1
225	1
230	2
235	0
240	1
245	0
250	0
255	0
260	0
265	0
270	0
275	0
280	0
285	0
290	0
295	0
300	0
305	0
310	0
315	0
320	0
325	0
330	0
335	0
340	0
345	0
350	0
355	0
360	0
365	0
370	0
375	0
380	0
385	0
390	0
395	0
400	0
405	0
410	0
415	0
420	0
425	0
430	0
435	0
440	0
445	1
450	0
455	0
460	1
465	0
470	0
475	0
480	0
485	0
490	0
495	0
500	0
505	0
510	0
515	0
520	0
525	0
530	0
535	1
540	0
545	0
550	1
555	0
560	0
565	0
570	0
575	0
580	0
585	0
590	0
595	2
600	0
605	2
610	0
615	3
620	1
625	0
630	3
635	3
640	2
645	3
650	4
655	0
660	3
665	2
670	4
675	2
680	2
685	1
690	1
695	1
700	0
705	0
710	2
715	0
720	2
725	1
730	3
735	2
740	1
745	1
750	2
755	1
760	0
765	1
770	2
775	3
780	3
785	0
790	0
795	1
800	3
805	0
810	1
815	1
820	2
825	0
830	0
835	0
840	0
845	2
850	1
855	0
860	1
865	0
870	1
875	0
880	0
885	0
890	1
895	2
900	0
905	0
910	0
915	2
920	0
925	0
930	0
935	0
940	0
945	1
950	1
955	1
960	2
965	1
970	1
975	0
980	0
985	0
990	0
995	0
1000	0
1005	0
1010	0
1015	0
1020	1
1025	0
1030	0
1035	1
1040	0
1045	0
1050	1
1055	0
1060	0
1065	0
1070	1
1075	1
1080	0
1085	0
1090	1
1095	0
1100	0
1105	0
1110	0
1115	0
1120	0
1125	0
1130	0
1135	0
1140	0
1145	0
1150	0
1155	0
1160	0
1165	0
1170	0
1175	0
1180	0
1185	0
1190	0
1195	0
1200	0
1205	0
1210	0
1215	0
1220	0
1225	0
1230	0
1235	1
1240	0
1245	0
1250	0
1255	0
1260	0
1265	0
1270	0
1275	0
1280	0
1285	0
1290	0
1295	0
1300	0
1305	0
1310	0
1315	0
1320	0
1325	0
1330	0
1335	0
1340	0
1345	0
1350	0
1355	0
1360	0
1365	0
1370	0
1375	0
1380	0
1385	1
