-14500	1
-14000	0
-13500	0
-13000	0
-12500	0
-12000	0
-11500	0
-11000	0
-10500	0
-10000	0
-9500	0
-9000	0
-8500	0
-8000	0
-7500	0
-7000	0
-6500	0
-6000	0
-5500	0
-5000	0
-4500	0
-4000	0
-3500	0
-3000	0
-2500	0
-2000	0
-1500	0
-1000	0
-500	91
0	199
500	308
1000	136
1500	26
2000	16
2500	16
3000	19
3500	16
4000	5
4500	3
5000	9
5500	6
6000	7
6500	3
7000	4
7500	0
8000	2
8500	6
9000	3
9500	0
10000	7
10500	6
11000	1
11500	6
12000	2
12500	1
13000	1
13500	4
14000	1
14500	0
15000	0
15500	0
16000	0
16500	0
17000	0
17500	2
18000	0
18500	1
19000	0
19500	1
