0	92
10	0
20	0
30	0
40	0
50	0
60	0
70	0
80	0
90	0
100	0
110	0
120	0
130	3
140	9
150	9
160	7
170	1
180	3
190	4
200	2
210	3
220	6
230	1
240	4
250	2
260	5
270	4
280	4
290	1
300	8
310	4
320	3
330	7
340	3
350	4
360	1
370	4
380	3
390	3
400	4
410	2
420	2
430	2
440	0
450	2
460	0
470	0
480	0
490	0
500	0
510	1
520	0
530	0
540	0
550	0
560	0
570	0
580	0
590	0
600	0
610	0
620	0
630	0
640	0
650	0
660	0
670	0
680	0
690	0
700	0
710	0
720	0
730	0
740	0
750	0
760	1
770	0
780	0
790	3
800	1
810	1
820	1
830	1
840	0
850	3
860	2
870	1
880	1
890	2
900	2
910	2
920	2
930	7
940	4
950	2
960	4
970	3
980	4
990	0
1000	2
1010	2
1020	2
1030	2
1040	1
1050	1
1060	2
1070	0
1080	1
1090	0
1100	0
1110	0
1120	0
1130	0
1140	0
1150	0
1160	0
1170	0
1180	0
1190	0
1200	0
1210	0
1220	0
1230	0
1240	0
1250	0
1260	0
1270	0
1280	0
1290	0
1300	0
1310	0
1320	0
1330	0
1340	0
1350	0
1360	0
1370	0
1380	0
1390	0
1400	0
1410	0
1420	0
1430	0
1440	0
1450	0
1460	0
1470	0
1480	0
1490	0
1500	0
1510	0
1520	0
1530	0
1540	0
1550	0
1560	0
1570	0
1580	1
1590	0
1600	0
1610	0
1620	0
1630	0
1640	0
1650	0
1660	0
1670	0
1680	0
1690	1
1700	0
1710	0
1720	0
1730	0
1740	0
1750	0
1760	0
1770	0
1780	0
1790	0
1800	0
1810	1
