starttime,duration,size,total
-114.0,115,0,1.0
0,598,98249,598
578.0,173,0,751.0
-67.0,68,0,1.0
0,645,95101,645
626.0,54,0,680.0
-67.0,67,0,0.0
0,699,95101,699
676.0,42,0,718.0
-75.0,75,0,0.0
0,552,95101,552
543.0,123,0,666.0
-110.0,110,0,0.0
0,655,95101,655
635.0,51,0,686.0
-120.0,120,0,0.0
0,675,95101,675
651.0,165,0,816.0
-73.0,72,0,-1.0
0,625,95101,625
616.0,118,0,734.0
-65.0,65,0,0.0
0,679,95101,679
620.0,222,0,842.0
-113.0,113,0,0.0
0,671,95101,671
651.0,66,0,717.0
-64.0,64,0,0.0
0,606,95101,606
601.0,105,0,706.0
-464.0,464,0,0.0
0,654,95101,654
634.0,67,0,701.0
-67.0,68,0,1.0
0,694,95101,694
685.0,126,0,811.0
-117.0,117,0,0.0
0,684,95101,684
662.0,53,0,715.0
-113.0,113,0,0.0
0,682,95101,682
660.0,55,0,715.0
-71.0,72,0,1.0
0,619,95101,619
599.0,78,0,677.0
-66.0,66,0,0.0
0,607,95101,607
598.0,126,0,724.0
-65.0,65,0,0.0
0,637,95097,637
607.0,130,0,737.0
-67.0,67,0,0.0
0,738,95101,738
636.0,122,0,758.0
-72.0,72,0,0.0
0,618,95101,618
609.0,81,0,690.0
-70.0,70,0,0.0
0,737,95101,737
636.0,144,0,780.0
-63.0,63,0,0.0
0,636,95101,636
626.0,133,0,759.0
-65.0,65,0,0.0
0,632,95101,632
624.0,96,0,720.0
-83.0,83,0,0.0
0,771,95101,771
659.0,153,0,812.0
-69.0,69,0,0.0
0,661,95101,661
651.0,84,0,735.0
-93.0,93,0,0.0
0,782,95101,782
658.0,149,0,807.0
-73.0,73,0,0.0
0,650,95101,650
641.0,83,0,724.0
-66.0,66,0,0.0
0,805,95101,805
689.0,161,0,850.0
-69.0,68,0,-1.0
0,663,95101,663
653.0,85,0,738.0
-111.0,111,0,0.0
0,633,95101,633
624.0,83,0,707.0
-113.0,113,0,0.0
0,769,95101,769
645.0,169,0,814.0
-123.0,123,0,0.0
0,618,95101,618
609.0,82,0,691.0
-116.0,116,0,0.0
0,777,95101,777
654.0,146,0,800.0
-115.0,115,0,0.0
0,643,95101,643
634.0,84,0,718.0
-106.0,106,0,0.0
0,653,95101,653
652.0,56,0,708.0
-114.0,114,0,0.0
0,649,95101,649
640.0,84,0,724.0
-109.0,109,0,0.0
0,646,95101,646
637.0,85,0,722.0
-117.0,118,0,1.0
0,661,95101,661
660.0,62,0,722.0
-105.0,105,0,0.0
0,667,95101,667
658.0,85,0,743.0
-108.0,108,0,0.0
0,687,95101,687
666.0,76,0,742.0
-125.0,125,0,0.0
0,632,95101,632
623.0,85,0,708.0
-114.0,114,0,0.0
0,814,95101,814
681.0,181,0,862.0
-113.0,113,0,0.0
0,654,95101,654
644.0,94,0,738.0
-145.0,146,0,1.0
0,636,95101,636
627.0,88,0,715.0
-122.0,122,0,0.0
0,804,95101,804
668.0,158,0,826.0
-113.0,112,0,-1.0
0,677,95101,677
668.0,90,0,758.0
-112.0,111,0,-1.0
0,854,95101,854
709.0,203,0,912.0
-114.0,114,0,0.0
0,714,95101,714
705.0,85,0,790.0
-109.0,109,0,0.0
0,725,95101,725
716.0,87,0,803.0
-110.0,109,0,-1.0
0,802,95101,802
736.0,176,0,912.0
-122.0,123,0,1.0
0,735,95101,735
726.0,84,0,810.0
-115.0,115,0,0.0
0,822,95101,822
758.0,179,0,937.0
-128.0,128,0,0.0
0,731,95101,731
722.0,87,0,809.0
-110.0,110,0,0.0
0,891,95101,891
740.0,199,0,939.0
-113.0,113,0,0.0
0,731,95101,731
722.0,90,0,812.0
-120.0,120,0,0.0
0,722,95101,722
713.0,90,0,803.0
-108.0,109,0,1.0
0,947,95101,947
774.0,232,0,1006.0
-119.0,119,0,0.0
0,743,95101,743
733.0,213,0,946.0
-118.0,117,0,-1.0
0,776,95101,776
754.0,78,0,832.0
-116.0,115,0,-1.0
0,671,95101,671
649.0,122,0,771.0
-113.0,113,0,0.0
0,917,95101,917
757.0,229,0,986.0
-116.0,116,0,0.0
0,752,95101,752
743.0,91,0,834.0
-155.0,155,0,0.0
0,758,95059,758
749.0,97,0,846.0
-106.0,106,0,0.0
0,956,95059,956
784.0,197,0,981.0
-117.0,117,0,0.0
0,777,95059,777
768.0,91,0,859.0
-112.0,112,0,0.0
0,819,95059,819
818.0,66,0,884.0
-119.0,119,0,0.0
0,755,95059,755
746.0,90,0,836.0
-113.0,113,0,0.0
0,972,95059,972
794.0,202,0,996.0
-116.0,117,0,1.0
0,850,95059,850
841.0,102,0,943.0
-118.0,117,0,-1.0
0,782,95059,782
773.0,90,0,863.0
-112.0,112,0,0.0
0,1080,95047,1080
991.0,243,0,1234.0
-113.0,113,0,0.0
0,668,95047,668
659.0,82,0,741.0
-109.0,109,0,0.0
0,920,95047,920
845.0,85,0,930.0
-123.0,123,0,0.0
0,823,94895,823
814.0,109,0,923.0
-714.0,714,0,0.0
0,875,94891,875
786.0,112,0,898.0
-137.0,137,0,0.0
0,897,94895,897
888.0,119,0,1007.0
-121.0,121,0,0.0
0,864,94895,864
855.0,106,0,961.0
-119.0,119,0,0.0
0,898,94895,898
824.0,110,0,934.0
-125.0,125,0,0.0
0,850,94895,850
840.0,114,0,954.0
-144.0,145,0,1.0
0,1038,94895,1038
968.0,99,0,1067.0
-235.0,235,0,0.0
0,970,94895,970
961.0,108,0,1069.0
-111.0,112,0,1.0
0,952,94895,952
874.0,90,0,964.0
-1388.0,1389,0,1.0
0,1051,94895,1051
1042.0,117,0,1159.0
-727.0,727,0,0.0
0,673,94895,673
647.0,446,0,1093.0
-104.0,104,0,0.0
0,1022,94895,1022
946.0,138,0,1084.0
-796.0,797,0,1.0
0,783,94907,783
758.0,115,0,873.0
-538.0,537,0,-1.0
0,1092,94907,1092
1015.0,89,0,1104.0
-597.0,597,0,0.0
0,961,94903,961
952.0,119,0,1071.0
-122.0,122,0,0.0
0,963,94907,963
889.0,81,0,970.0
-110.0,110,0,0.0
0,775,94903,775
766.0,125,0,891.0
-116.0,116,0,0.0
0,748,94907,748
747.0,86,0,833.0
-1239.0,1239,0,0.0
0,1075,94907,1075
1065.0,107,0,1172.0
