starttime,duration,size,total
0,1928,116390,3940
1990.0,1,0,2013
2020.0,1,0,2013
2219.0,486,0,2498
2219.0,456,26,2468
2287.0,361,2967,2373
3417.0,1,0,2013
3420.0,526,0,2538
0,563,116222,2575
608.0,1,0,2013
636.0,1,0,2013
644.0,150,26,2162
666.0,97,2991,2109
1394.0,1,0,2013
1398.0,481,0,2493
0,514,115593,2526
476.0,1,0,2013
508.0,1,0,2013
543.0,85,2969,2097
1136.0,1,0,2013
1140.0,538,0,2550
0,555,116158,2567
489.0,3,0,2015
520.0,457,0,2469
548.0,1,0,2013
568.0,83,2968,2095
1469.0,1,0,2013
1473.0,435,0,2447
0,659,116076,2671
706.0,2,0,2014
737.0,1,0,2013
838.0,326,2986,2338
1612.0,1,0,2013
1616.0,482,0,2494
0,474,116144,2486
515.0,3,0,2015
546.0,1,0,2013
548.0,222,26,2234
648.0,120,2989,2132
1559.0,1,0,2013
1563.0,436,0,2448
0,547,116528,2559
494.0,1,0,2013
522.0,1,0,2013
544.0,544,0,2556
545.0,139,26,2151
546.0,111,2965,2123
1523.0,1,0,2013
1527.0,469,0,2481
0,508,116399,2520
521.0,1,0,2013
549.0,3,0,2015
553.0,191,26,2203
799.0,108,2968,2120
1523.0,1,0,2013
1527.0,447,0,2459
0,545,116386,2557
479.0,1,0,2013
511.0,1,0,2013
543.0,113,26,2125
548.0,122,2968,2134
1541.0,1,0,2013
1545.0,483,0,2495
0,580,116595,2592
496.0,192,0,2204
497.0,1,0,2013
526.0,684,0,2696
572.0,1,0,2013
585.0,125,2970,2137
1742.0,1,0,2013
1746.0,484,0,2496
0,558,115762,2570
520.0,1,0,2013
550.0,1,0,2013
604.0,89,3040,2101
1844.0,1,0,2013
1848.0,98,0,2110
0,970,115579,2982
864.0,169,0,2181
865.0,1,0,2013
894.0,1,0,2013
1006.0,131,2969,2143
2237.0,1,0,2013
2241.0,484,0,2496
0,637,116076,2649
523.0,1,0,2013
551.0,1,0,2013
619.0,674,0,2686
620.0,144,26,2156
643.0,125,2966,2137
1832.0,1,0,2013
1836.0,480,0,2492
0,586,116343,2598
471.0,1,0,2013
500.0,1,0,2013
572.0,128,26,2140
590.0,161,3040,2173
1927.0,1,0,2013
1931.0,489,0,2501
0,517,116360,2529
576.0,1,0,2013
605.0,1,0,2013
607.0,210,26,2222
618.0,99,2989,2111
1937.0,1,0,2013
1941.0,442,0,2454
0,594,116908,2606
506.0,1,0,2013
536.0,1,0,2013
553.0,907,0,2919
554.0,171,26,2183
591.0,108,3040,2120
2097.0,1,0,2013
2101.0,436,0,2448
0,479,115988,2491
524.0,1,0,2013
554.0,1,0,2013
597.0,99,2969,2111
2036.0,1,0,2013
2040.0,484,0,2496
0,434,116477,2446
478.0,2,0,2014
508.0,1,0,2013
516.0,182,26,2194
649.0,108,2969,2120
2060.0,1,0,2013
2064.0,148,0,2160
0,500,116690,2512
514.0,1,0,2013
545.0,1,0,2013
563.0,1050,0,3062
564.0,197,26,2209
649.0,229,2968,2241
2199.0,1,0,2013
2203.0,436,0,2448
0,455,116257,2467
499.0,1,0,2013
529.0,1,0,2013
674.0,150,2967,2162
2013.0,1,0,2013
2017.0,448,0,2460
0,532,115803,2544
493.0,1,0,2013
525.0,1,0,2013
742.0,139,2967,2151
2179.0,1,0,2013
2183.0,483,0,2495
0,707,116810,2719
494.0,1,0,2013
524.0,1,0,2013
696.0,1350,0,3362
697.0,160,26,2172
744.0,110,2968,2122
2344.0,3,0,2015
2351.0,487,0,2499
0,465,116364,2477
511.0,1,0,2013
542.0,1,0,2013
559.0,197,26,2209
680.0,150,3039,2162
2396.0,3,0,2015
2403.0,163,0,2175
0,443,115993,2455
487.0,1,0,2013
517.0,1,0,2013
518.0,302,26,2314
729.0,155,3040,2167
2508.0,1,0,2013
2512.0,477,0,2489
0,857,116720,2869
914.0,196,0,2208
915.0,1,0,2013
945.0,1,0,2013
974.0,1684,0,3696
975.0,1270,26,3282
1046.0,1205,2969,3217
2957.0,3,0,2015
2964.0,547,0,2559
0,455,116000,2467
514.0,2,0,2014
547.0,1,0,2013
822.0,88,2967,2100
2092.0,4,0,2016
2100.0,489,0,2501
0,555,116534,2567
516.0,1,0,2013
548.0,1,0,2013
550.0,145,26,2157
744.0,79,2969,2091
2496.0,1,0,2013
2500.0,490,0,2502
0,969,116118,2981
1015.0,1,0,2013
1043.0,1,0,2013
1082.0,1295,0,3307
1082.0,205,26,2217
1157.0,136,3039,2148
3084.0,1,0,2013
3088.0,533,0,2545
0,466,115770,2478
524.0,1,0,2013
554.0,1,0,2013
767.0,143,2968,2155
2668.0,1,0,2013
2672.0,537,0,2549
0,469,116353,2481
530.0,1,0,2013
560.0,1,0,2013
769.0,160,26,2172
808.0,127,2968,2139
2756.0,1,0,2013
2760.0,150,0,2162
0,663,115965,2675
521.0,2,0,2014
554.0,1,0,2013
649.0,1320,0,3332
671.0,110,3039,2122
2650.0,1,0,2013
2654.0,487,0,2499
0,475,116677,2487
534.0,2,0,2014
566.0,1,0,2013
758.0,127,3039,2139
2710.0,1,0,2013
2715.0,484,0,2496
0,520,115824,2532
566.0,1,0,2013
597.0,1,0,2013
605.0,158,26,2170
738.0,94,2987,2106
2734.0,1,0,2013
2738.0,553,0,2565
0,564,115854,2576
622.0,1,0,2013
650.0,1,0,2013
719.0,1318,0,3330
738.0,114,3040,2126
2745.0,1,0,2013
2749.0,483,0,2495
0,585,115346,2597
546.0,2,0,2014
578.0,1,0,2013
814.0,104,2967,2116
2679.0,1,0,2013
2683.0,156,0,2168
0,465,116152,2477
511.0,2,0,2014
541.0,1,0,2013
543.0,221,26,2233
715.0,101,2984,2113
2928.0,1,0,2013
2933.0,529,0,2541
0,729,116742,2741
533.0,1,0,2013
564.0,1,0,2013
727.0,1379,0,3391
727.0,191,26,2203
777.0,147,3040,2159
2764.0,1,0,2013
2768.0,411,0,2423
0,482,116093,2494
528.0,2,0,2014
560.0,1,0,2013
773.0,137,2989,2149
2880.0,1,0,2013
2884.0,490,0,2502
0,508,116333,2520
554.0,3,0,2015
586.0,1,0,2013
792.0,145,2968,2157
3006.0,1,0,2013
3009.0,580,0,2592
0,663,116865,2675
557.0,2,0,2014
588.0,1,0,2013
662.0,1529,0,3541
663.0,153,26,2165
709.0,1488,2988,3500
2938.0,3,0,2015
2945.0,530,0,2542
0,527,116255,2539
586.0,1,0,2013
618.0,1,0,2013
806.0,113,2966,2125
3074.0,1,0,2013
3077.0,481,0,2493
0,501,116127,2513
547.0,2,0,2014
579.0,1,0,2013
679.0,137,26,2149
701.0,113,2989,2125
3127.0,1,0,2013
3130.0,500,0,2512
0,495,116593,2507
541.0,1,0,2013
572.0,1,0,2013
589.0,1656,0,3668
590.0,210,26,2222
725.0,212,2970,2224
3066.0,1,0,2013
3069.0,479,0,2491
0,488,113401,2500
533.0,2,0,2014
565.0,1,0,2013
567.0,186,26,2198
807.0,85,3040,2097
3157.0,1,0,2013
3160.0,491,0,2503
0,527,116436,2539
573.0,1,0,2013
603.0,1,0,2013
620.0,163,26,2175
732.0,117,2968,2129
3378.0,1,0,2013
3381.0,522,0,2534
0,668,116813,2680
563.0,1,0,2013
594.0,1,0,2013
611.0,2013,0,4025
728.0,242,2967,2254
3567.0,1,0,2013
3572.0,530,0,2542
0,533,116130,2545
591.0,1,0,2013
623.0,1,0,2013
759.0,194,26,2206
797.0,161,2969,2173
3695.0,1,0,2013
3698.0,493,0,2505
0,557,115843,2569
626.0,1,0,2013
657.0,1,0,2013
863.0,197,2984,2209
3970.0,2,0,2014
3974.0,505,0,2517
0,569,116118,2581
587.0,258,0,2270
588.0,3,0,2015
619.0,1,0,2013
692.0,2266,0,4278
801.0,2157,2967,4169
4025.0,1,0,2013
4028.0,146,0,2158
0,708,113321,2720
756.0,1,0,2013
787.0,1,0,2013
789.0,224,26,2236
980.0,101,3040,2113
4212.0,1,0,2013
4216.0,539,0,2551
0,1168,115941,3180
1126.0,2,0,2014
1160.0,1,0,2013
1162.0,136,26,2148
1239.0,121,2966,2133
4658.0,1,0,2013
4662.0,518,0,2530
0,738,116428,2750
588.0,1,0,2013
618.0,1,0,2013
736.0,2393,0,4405
737.0,150,26,2162
766.0,119,2968,2131
4291.0,1,0,2013
4295.0,499,0,2511
0,547,116187,2559
608.0,2,0,2014
640.0,1,0,2013
642.0,218,26,2230
727.0,93,3040,2105
3690.0,2,0,2014
3694.0,532,0,2544
0,749,116198,2761
796.0,1,0,2013
829.0,1,0,2013
907.0,153,26,2165
1029.0,87,2967,2099
4144.0,1,0,2013
4148.0,539,0,2551
0,888,116458,2900
770.0,1,0,2013
797.0,1106,0,3118
880.0,1,0,2013
882.0,113,26,2125
964.0,156,2967,2168
4426.0,1,0,2013
4429.0,530,0,2542
0,631,116113,2643
590.0,2,0,2014
623.0,1,0,2013
625.0,138,26,2150
776.0,131,3039,2143
4247.0,1,0,2013
4251.0,537,0,2549
0,710,115899,2722
536.0,3,0,2015
570.0,1,0,2013
697.0,147,26,2159
762.0,133,2987,2145
4269.0,1,0,2013
4272.0,538,0,2550
0,492,113176,2504
550.0,1,0,2013
581.0,1,0,2013
709.0,2605,0,4617
710.0,119,26,2131
762.0,131,2968,2143
4476.0,1,0,2013
4479.0,495,0,2507
0,577,116836,2589
466.0,2,0,2014
500.0,1,0,2013
576.0,232,26,2244
646.0,219,2987,2231
3791.0,1,0,2013
3794.0,495,0,2507
0,496,116367,2508
542.0,1,0,2013
574.0,1,0,2013
576.0,152,26,2164
625.0,101,2968,2113
3935.0,1,0,2013
3939.0,489,0,2501
0,535,116640,2547
583.0,2,0,2014
614.0,1,0,2013
662.0,956,0,2968
663.0,121,26,2133
690.0,141,2986,2153
4204.0,1,0,2013
4207.0,519,0,2531
0,625,116402,2637
507.0,2,0,2014
618.0,1,0,2013
620.0,212,26,2224
801.0,89,3040,2101
4391.0,1,0,2013
4395.0,535,0,2547
0,596,116673,2608
554.0,1,0,2013
589.0,1,0,2013
591.0,206,26,2218
810.0,150,2989,2162
4551.0,1,0,2013
4554.0,547,0,2559
0,706,117111,2718
540.0,2,0,2014
563.0,431,0,2443
587.0,1,0,2013
695.0,302,26,2314
754.0,248,2968,2260
4737.0,1,0,2013
4740.0,530,0,2542
0,525,116846,2537
482.0,1,0,2013
516.0,1,0,2013
519.0,325,26,2337
847.0,154,2987,2166
4672.0,1,0,2013
4675.0,858,0,2870
0,983,116383,2995
1062.0,2,0,2014
1093.0,1,0,2013
1185.0,171,26,2183
1234.0,127,3039,2139
4588.0,1,0,2013
4591.0,478,0,2490
0,623,116771,2635
500.0,2,0,2014
602.0,546,0,2558
615.0,1,0,2013
617.0,250,26,2262
871.0,171,2966,2183
4567.0,2,0,2014
4571.0,906,0,2918
0,611,116134,2623
560.0,1,0,2013
593.0,1,0,2013
601.0,138,26,2150
753.0,131,2967,2143
4558.0,1,0,2013
4562.0,150,0,2162
0,558,116508,2570
515.0,1,0,2013
550.0,1,0,2013
552.0,266,26,2278
844.0,108,3039,2120
4698.0,1,0,2013
4701.0,650,0,2662
0,657,116791,2669
523.0,2,0,2014
546.0,576,0,2588
649.0,1,0,2013
651.0,182,26,2194
850.0,169,2788,2181
4875.0,1,0,2013
4879.0,537,0,2549
0,656,113640,2668
535.0,2,0,2014
568.0,1,0,2013
653.0,173,26,2185
851.0,136,2968,2148
4330.0,1,0,2013
4333.0,545,0,2557
0,862,116417,2874
910.0,2,0,2014
942.0,1,0,2013
944.0,200,26,2212
1111.0,106,2986,2118
5046.0,1,0,2013
5050.0,555,0,2567
0,566,116235,2578
580.0,1,0,2013
611.0,1,0,2013
622.0,2906,0,4918
622.0,136,26,2148
775.0,2752,2989,4764
4599.0,2,0,2014
4603.0,630,0,2642
0,628,113237,2640
499.0,451,0,2463
499.0,1,0,2013
618.0,1,0,2013
620.0,331,26,2343
889.0,152,2988,2164
4879.0,1,0,2013
4882.0,567,0,2579
0,622,113507,2634
494.0,1,0,2013
526.0,1,0,2013
620.0,258,26,2270
899.0,140,2968,2152
4946.0,1,0,2013
4949.0,556,0,2568
0,598,114659,2610
731.0,311,0,2323
731.0,2,0,2014
762.0,1,0,2013
941.0,1026,0,3038
942.0,170,26,2182
1016.0,219,2968,2231
4774.0,1,0,2013
4777.0,550,0,2562
0,956,113488,2968
973.0,2,0,2014
1003.0,2,0,2014
1006.0,135,26,2147
1185.0,87,2968,2099
5315.0,1,0,2013
5318.0,536,0,2548
0,624,113875,2636
574.0,1,0,2013
606.0,1,0,2013
614.0,220,26,2232
768.0,143,2967,2155
4985.0,1,0,2013
4989.0,563,0,2575
0,619,114165,2631
484.0,1,0,2013
599.0,3374,0,5386
611.0,1,0,2013
613.0,271,26,2283
923.0,161,2987,2173
5213.0,1,0,2013
5217.0,537,0,2549
0,630,114088,2642
580.0,1,0,2013
612.0,1,0,2013
620.0,169,26,2181
804.0,136,2968,2148
4830.0,1,0,2013
4834.0,529,0,2541
0,636,114504,2648
595.0,2,0,2014
628.0,1,0,2013
630.0,121,26,2133
783.0,93,2969,2105
5016.0,1,0,2013
5020.0,538,0,2550
0,631,114240,2643
491.0,411,0,2423
492.0,1,0,2013
608.0,595,0,2607
621.0,1,0,2013
629.0,276,26,2288
910.0,161,2968,2173
5252.0,1,0,2013
5255.0,544,0,2556
0,515,114449,2527
559.0,1,0,2013
589.0,1,0,2013
590.0,283,26,2295
707.0,172,2989,2184
4785.0,1,0,2013
4788.0,554,0,2566
0,482,114022,2494
531.0,1,0,2013
561.0,1,0,2013
563.0,132,26,2144
942.0,137,3040,2149
5046.0,1,0,2013
5049.0,149,0,2161
0,618,113919,2630
479.0,2,0,2014
595.0,590,0,2602
608.0,1,0,2013
616.0,283,26,2295
906.0,181,3040,2193
5238.0,1,0,2013
5241.0,573,0,2585
0,525,114123,2537
587.0,2,0,2014
619.0,1,0,2013
621.0,290,26,2302
736.0,173,3040,2185
5246.0,1,0,2013
5249.0,581,0,2593
0,634,113632,2646
503.0,1,0,2013
536.0,1,0,2013
634.0,106,26,2118
711.0,94,2990,2106
4972.0,1,0,2013
4976.0,554,0,2566
0,650,114492,2662
599.0,1,0,2013
621.0,444,0,2456
645.0,3,0,2015
787.0,272,26,2284
833.0,231,2967,2243
5237.0,1,0,2013
5240.0,551,0,2563
0,644,113878,2656
500.0,2,0,2014
533.0,1,0,2013
541.0,217,26,2229
730.0,96,2990,2108
5603.0,1,0,2013
5606.0,482,0,2494
0,507,114294,2519
465.0,2,0,2014
498.0,1,0,2013
501.0,114,26,2126
693.0,305,2967,2317
5487.0,1,0,2013
5490.0,612,0,2624
0,610,114002,2622
469.0,1,0,2013
594.0,575,0,2587
607.0,1,0,2013
966.0,166,26,2178
995.0,135,2990,2147
5889.0,1,0,2013
5892.0,148,0,2160
0,603,114555,2615
568.0,1,0,2013
600.0,1,0,2013
804.0,174,26,2186
852.0,167,3038,2179
6035.0,1,0,2013
6038.0,649,0,2661
