0	92
50	0
100	0
150	0
200	0
250	0
300	0
350	0
400	0
450	28
500	71
550	75
600	65
650	19
700	28
750	26
800	16
850	11
900	13
950	7
1000	8
1050	4
1100	4
1150	5
1200	2
1250	0
1300	0
1350	2
1400	0
1450	2
1500	6
1550	2
1600	2
1650	0
1700	2
1750	0
1800	4
1850	0
1900	4
1950	1
2000	5
2050	5
2100	1
2150	3
2200	5
2250	1
2300	1
2350	2
2400	1
2450	2
2500	2
2550	0
2600	1
2650	5
2700	6
2750	4
2800	0
2850	2
2900	4
2950	2
3000	2
3050	6
3100	2
3150	2
3200	0
3250	0
3300	0
3350	2
3400	2
3450	0
3500	0
3550	2
3600	0
3650	4
3700	0
3750	2
3800	0
3850	0
3900	2
3950	2
4000	2
4050	0
4100	2
4150	0
4200	5
4250	5
4300	2
4350	2
4400	2
4450	2
4500	0
4550	9
4600	1
4650	5
4700	3
4750	4
4800	2
4850	4
4900	2
4950	4
5000	6
5050	0
5100	0
5150	0
5200	8
5250	2
5300	2
5350	0
5400	0
5450	2
5500	0
5550	0
5600	2
5650	0
5700	0
5750	0
5800	0
5850	2
5900	0
5950	0
6000	2
