starttime,duration,size,total
0,795,92204,795
0,424,92204,424
948.0,286,0,1234.0
0,667,92204,667
1769.0,454,673,2223.0
1772.0,287,12283,2059.0
2223.0,266,0,2489.0
2319.0,19,0,2338.0
0,671,92204,671
0,435,92204,435
1815.0,467,478,2282.0
1815.0,15,12283,1830.0
1897.0,19,0,1916.0
0,473,92204,473
2147.0,220,478,2367.0
2149.0,67,12283,2216.0
2519.0,74,0,2593.0
0,665,90707,665
2177.0,214,673,2391.0
2180.0,481,12283,2661.0
2391.0,157,0,2548.0
2393.0,70,0,2463.0
0,415,91017,415
1817.0,348,673,2165.0
1819.0,55,12283,1874.0
2162.0,91,0,2253.0
2165.0,256,0,2421.0
0,432,91024,432
0,667,91024,667
2475.0,617,673,3092.0
2477.0,48,12283,2525.0
3083.0,79,0,3162.0
3091.0,245,0,3336.0
0,439,91024,439
2779.0,195,478,2974.0
2782.0,49,12283,2831.0
2910.0,20,0,2930.0
0,656,91024,656
1882.0,545,673,2427.0
1885.0,549,12283,2434.0
1952.0,491,0,2443.0
2427.0,228,0,2655.0
0,424,91423,424
1863.0,719,478,2582.0
1865.0,64,12283,1929.0
1992.0,590,0,2582.0
0,423,91423,423
1910.0,630,478,2540.0
1912.0,46,12283,1958.0
2547.0,163,0,2710.0
0,671,91426,671
2442.0,194,478,2636.0
2444.0,94,12283,2538.0
2835.0,91,0,2926.0
0,441,91426,441
2619.0,699,478,3318.0
2621.0,875,12283,3496.0
3910.0,77,0,3987.0
0,457,91429,457
2382.0,258,478,2640.0
2403.0,141,12283,2544.0
2777.0,14,0,2791.0
0,435,91271,435
2894.0,187,478,3081.0
2896.0,45,12283,2941.0
3036.0,41,0,3077.0
0,671,91271,671
1894.0,822,478,2716.0
1896.0,59,12283,1955.0
2005.0,22,0,2027.0
0,431,91350,431
1991.0,604,673,2595.0
1993.0,607,12283,2600.0
2595.0,261,0,2856.0
3009.0,732,0,3741.0
0,1455,90778,1455
3228.0,248,478,3476.0
3230.0,97,12283,3327.0
4590.0,546,0,5136.0
0,449,90778,449
2797.0,311,478,3108.0
2821.0,153,12283,2974.0
4350.0,522,0,4872.0
0,429,90778,429
2164.0,728,478,2892.0
2167.0,36,12283,2203.0
2924.0,81,0,3005.0
0,461,91826,461
2156.0,949,673,3105.0
2159.0,68,12283,2227.0
3105.0,301,0,3406.0
3114.0,87,0,3201.0
0,661,91526,661
1987.0,778,478,2765.0
1990.0,780,12283,2770.0
4094.0,437,0,4531.0
0,687,91526,687
2051.0,973,478,3024.0
2054.0,873,12283,2927.0
4374.0,589,0,4963.0
0,660,91526,660
2918.0,314,478,3232.0
2921.0,84,12283,3005.0
4227.0,201,0,4428.0
0,685,91526,685
2605.0,192,478,2797.0
2608.0,67,12283,2675.0
2733.0,16,0,2749.0
0,681,91526,681
3738.0,244,478,3982.0
3763.0,85,12283,3848.0
5993.0,65,0,6058.0
0,455,91659,455
2468.0,198,478,2666.0
2471.0,55,12283,2526.0
2581.0,14,0,2595.0
0,468,91841,468
2212.0,1099,673,3311.0
2214.0,78,12283,2292.0
2328.0,992,0,3320.0
3311.0,229,0,3540.0
0,463,91841,463
2404.0,819,673,3223.0
2406.0,846,12283,3252.0
3222.0,221,0,3443.0
4831.0,654,0,5485.0
0,672,91841,672
2959.0,199,673,3158.0
2962.0,89,12283,3051.0
3158.0,407,0,3565.0
4387.0,38,0,4425.0
0,713,91753,713
2614.0,194,478,2808.0
2617.0,55,12283,2672.0
3635.0,159,0,3794.0
0,485,91677,485
2365.0,956,673,3321.0
2367.0,100,12283,2467.0
3320.0,283,0,3603.0
4908.0,27,0,4935.0
0,685,91790,685
2298.0,908,478,3206.0
2335.0,16,12283,2351.0
4775.0,623,0,5398.0
0,471,91794,471
2403.0,822,478,3225.0
2406.0,846,12283,3252.0
4957.0,647,0,5604.0
0,697,91679,697
2309.0,1134,478,3443.0
2312.0,123,12283,2435.0
3810.0,24,0,3834.0
0,698,91679,698
3488.0,189,673,3677.0
3491.0,54,12283,3545.0
3677.0,747,0,4424.0
4424.0,61,0,4485.0
0,706,91679,706
2675.0,725,478,3400.0
2677.0,74,12283,2751.0
3551.0,103,0,3654.0
0,706,91679,706
3258.0,185,478,3443.0
3260.0,91,12283,3351.0
5155.0,800,0,5955.0
0,473,91679,473
2579.0,906,478,3485.0
2582.0,697,12283,3279.0
4994.0,758,0,5752.0
0,495,91679,495
2550.0,873,478,3423.0
2551.0,31,12283,2582.0
5156.0,29,0,5185.0
0,1716,91416,1716
5024.0,200,478,5224.0
5026.0,55,12283,5081.0
6973.0,859,0,7832.0
0,493,91416,493
3556.0,236,673,3792.0
3558.0,104,12283,3662.0
3792.0,214,0,4006.0
5650.0,951,0,6601.0
0,502,91523,502
2896.0,1379,478,4275.0
2899.0,69,12283,2968.0
4275.0,100,0,4375.0
0,777,91148,777
2803.0,1159,673,3962.0
2806.0,70,12283,2876.0
3962.0,289,0,4251.0
6168.0,948,0,7116.0
0,675,91273,675
3848.0,296,478,4144.0
3963.0,86,12283,4049.0
6301.0,1045,0,7346.0
0,518,91275,518
4010.0,194,478,4204.0
4012.0,55,12283,4067.0
6398.0,1072,0,7470.0
0,755,91275,755
3954.0,230,478,4184.0
3956.0,76,12283,4032.0
7574.0,65,0,7639.0
0,665,91275,665
4013.0,208,478,4221.0
4015.0,45,12283,4060.0
6568.0,1093,0,7661.0
0,497,91919,497
2762.0,1227,673,3989.0
2765.0,55,12283,2820.0
3989.0,272,0,4261.0
6098.0,921,0,7019.0
0,763,91954,763
3813.0,214,478,4027.0
3815.0,45,12283,3860.0
6216.0,1082,0,7298.0
0,745,92420,745
3947.0,204,478,4151.0
3949.0,48,12283,3997.0
6473.0,1074,0,7547.0
0,529,92224,529
4106.0,401,673,4507.0
4107.0,240,12283,4347.0
4461.0,15,0,4476.0
4507.0,177,0,4684.0
0,897,92168,897
4214.0,225,478,4439.0
4217.0,59,12283,4276.0
4577.0,21,0,4598.0
0,534,92168,534
3286.0,1095,478,4381.0
3288.0,76,12283,3364.0
4607.0,74,0,4681.0
0,716,92168,716
2599.0,1270,478,3869.0
2602.0,1248,12283,3850.0
6076.0,21,0,6097.0
0,683,91467,683
3831.0,202,478,4033.0
3833.0,95,12283,3928.0
4125.0,43,0,4168.0
0,521,91467,521
2807.0,1756,673,4563.0
2810.0,77,12283,2887.0
4560.0,74,0,4634.0
4563.0,240,0,4803.0
0,543,92606,543
3128.0,198,478,3326.0
3131.0,78,12283,3209.0
4841.0,142,0,4983.0
0,540,91825,540
0,456,91825,456
4359.0,219,478,4578.0
4361.0,69,12283,4430.0
7122.0,1237,0,8359.0
0,670,92081,670
2849.0,1470,478,4319.0
2852.0,1490,12283,4342.0
4669.0,28,0,4697.0
0,796,92081,796
4060.0,205,478,4265.0
4062.0,107,12283,4169.0
4713.0,15,0,4728.0
0,749,91978,749
4157.0,1314,478,5471.0
4159.0,57,12283,4216.0
5478.0,65,0,5543.0
0,804,91980,804
3238.0,1487,478,4725.0
3240.0,77,12283,3317.0
4725.0,94,0,4819.0
0,559,91980,559
4359.0,224,478,4583.0
4361.0,147,12283,4508.0
8534.0,67,0,8601.0
0,546,91980,546
3269.0,1324,478,4593.0
3271.0,74,12283,3345.0
4849.0,78,0,4927.0
0,552,104330,552
2763.0,478,478,3241.0
2765.0,52,12283,2817.0
5682.0,21,0,5703.0
0,928,104330,928
4511.0,1061,673,5572.0
4514.0,59,12283,4573.0
5572.0,305,0,5877.0
5703.0,172,0,5875.0
0,691,104330,691
4823.0,257,478,5080.0
4825.0,113,12283,4938.0
5193.0,17,0,5210.0
0,895,104330,895
3496.0,2039,478,5535.0
3498.0,81,12283,3579.0
3637.0,1898,0,5535.0
0,698,104246,698
4978.0,255,478,5233.0
4981.0,94,12283,5075.0
8104.0,35,0,8139.0
0,828,104246,828
1128.0,222,0,1350.0
0,552,104246,552
5068.0,218,478,5286.0
5071.0,131,12283,5202.0
8089.0,1439,0,9528.0
0,708,104151,708
0,841,104151,841
4141.0,222,478,4363.0
4144.0,60,12283,4204.0
7002.0,32,0,7034.0
0,835,104151,835
3318.0,1776,478,5094.0
3320.0,58,12283,3378.0
5372.0,101,0,5473.0
0,711,104151,711
4592.0,216,673,4808.0
4595.0,98,12283,4693.0
4808.0,219,0,5027.0
4931.0,29,0,4960.0
0,821,104151,821
4939.0,325,478,5264.0
4941.0,119,12283,5060.0
5284.0,30,0,5314.0
0,555,104151,555
3463.0,1832,478,5295.0
3466.0,56,12283,3522.0
5293.0,42,0,5335.0
0,864,104151,864
3821.0,164,478,3985.0
3821.0,35,12283,3856.0
3934.0,16,0,3950.0
0,579,103853,579
5100.0,264,478,5364.0
5103.0,66,12283,5169.0
5478.0,22,0,5500.0
0,873,103853,873
3575.0,2208,478,5783.0
3577.0,79,12283,3656.0
5791.0,99,0,5890.0
0,571,103853,571
6706.0,204,478,6910.0
6709.0,63,12283,6772.0
6847.0,20,0,6867.0
0,538,103853,538
5288.0,274,478,5562.0
5293.0,112,12283,5405.0
5608.0,48,0,5656.0
0,723,104006,723
5306.0,266,478,5572.0
5308.0,127,12283,5435.0
5631.0,48,0,5679.0
0,475,104006,475
5617.0,304,478,5921.0
5619.0,139,12283,5758.0
5947.0,51,0,5998.0
0,595,104006,595
5671.0,206,478,5877.0
5674.0,63,12283,5737.0
5813.0,25,0,5838.0
