starttime,duration,size,total
0,1033,171572,1033
802.0,1,0,803.0
814.0,543,1789,1357.0
997.0,446,12963,1443.0
1231.0,1,0,1232.0
1232.0,1,0,1233.0
1234.0,1,0,1235.0
1460.0,747,171157,2207.0
2193.0,1,0,2194.0
2196.0,1,0,2197.0
2619.0,359,1789,2978.0
2678.0,229,893,2907.0
3362.0,297,65,3659.0
0,1202,174194,1202
879.0,1,0,880.0
882.0,8,1789,890.0
1093.0,586,12972,1679.0
1484.0,1,0,1485.0
1486.0,1,0,1487.0
1489.0,1,0,1490.0
1685.0,1,0,1686.0
1689.0,1,0,1690.0
1928.0,82,1789,2010.0
1981.0,163,893,2144.0
2565.0,147,65,2712.0
0,1285,171512,1285
729.0,1,0,730.0
734.0,18,1789,752.0
898.0,452,12963,1350.0
1268.0,1,0,1269.0
1270.0,1,0,1271.0
1272.0,1,0,1273.0
1400.0,817,171594,2217.0
2197.0,7,0,2204.0
2206.0,1,0,2207.0
2291.0,17,1789,2308.0
2292.0,74,893,2366.0
2802.0,185,65,2987.0
0,1022,170410,1022
716.0,1,0,717.0
721.0,8,1789,729.0
1060.0,552,14990,1612.0
1585.0,1,0,1586.0
1587.0,1,0,1588.0
1589.0,1,0,1590.0
1634.0,738,170208,2372.0
2361.0,1,0,2362.0
2413.0,139,1789,2552.0
2435.0,122,893,2557.0
3097.0,160,65,3257.0
0,962,174048,962
682.0,1,0,683.0
687.0,8,1789,695.0
887.0,607,14990,1494.0
1220.0,1,0,1221.0
1222.0,1,0,1223.0
1225.0,1,0,1226.0
1512.0,3,0,1515.0
1518.0,1,0,1519.0
1778.0,21,1789,1799.0
1780.0,7,893,1787.0
2337.0,200,65,2537.0
0,1148,171058,1148
804.0,1,0,805.0
808.0,7,1789,815.0
1010.0,456,12963,1466.0
1115.0,17,0,1132.0
1134.0,1,0,1135.0
1136.0,1,0,1137.0
1535.0,760,170627,2295.0
2278.0,2,0,2280.0
2283.0,1,0,2284.0
2442.0,17,1789,2459.0
2443.0,64,893,2507.0
2852.0,153,65,3005.0
0,862,171229,862
712.0,1,0,713.0
716.0,9,1789,725.0
906.0,484,14999,1390.0
984.0,1,0,985.0
986.0,1,0,987.0
988.0,1,0,989.0
1395.0,1,0,1396.0
1399.0,1,0,1400.0
1626.0,665,1789,2291.0
2039.0,14,893,2053.0
2667.0,140,65,2807.0
0,1137,171280,1137
795.0,1,0,796.0
799.0,7,1789,806.0
1008.0,436,14999,1444.0
1119.0,1,0,1120.0
1121.0,1,0,1122.0
1123.0,1,0,1124.0
1496.0,7,0,1503.0
1506.0,1,0,1507.0
1747.0,11,1789,1758.0
1749.0,47,893,1796.0
2174.0,345,65,2519.0
0,947,171320,947
796.0,1,0,797.0
801.0,7,1789,808.0
984.0,390,12972,1374.0
1070.0,1,0,1071.0
1072.0,1,0,1073.0
1074.0,1,0,1075.0
1446.0,875,170872,2321.0
2305.0,1,0,2306.0
2309.0,1,0,2310.0
2588.0,91,1789,2679.0
2670.0,12,893,2682.0
3147.0,151,65,3298.0
0,871,171546,871
702.0,1,0,703.0
710.0,5,1789,715.0
907.0,558,12972,1465.0
1007.0,1,0,1008.0
1010.0,2,0,1012.0
1013.0,1,0,1014.0
1472.0,1,0,1473.0
1476.0,1,0,1477.0
2162.0,232,1789,2394.0
2164.0,237,893,2401.0
2746.0,141,65,2887.0
0,1323,171212,1323
761.0,2,0,763.0
767.0,7,1789,774.0
1079.0,486,12963,1565.0
1403.0,1,0,1404.0
1405.0,1,0,1406.0
1407.0,1,0,1408.0
1572.0,785,170693,2357.0
2378.0,2,0,2380.0
2383.0,1,0,2384.0
2556.0,38,1789,2594.0
2560.0,14,893,2574.0
3288.0,162,65,3450.0
0,997,171583,997
686.0,1,0,687.0
691.0,8,1789,699.0
882.0,615,14999,1497.0
967.0,15,0,982.0
983.0,1,0,984.0
985.0,1,0,986.0
1548.0,922,171188,2470.0
2454.0,1,0,2455.0
2458.0,1,0,2459.0
2630.0,70,1789,2700.0
2632.0,64,893,2696.0
3383.0,179,65,3562.0
0,1077,171464,1077
733.0,3,0,736.0
739.0,7,1789,746.0
964.0,511,14999,1475.0
1055.0,1,0,1056.0
1057.0,1,0,1058.0
1059.0,1,0,1060.0
1526.0,1,0,1527.0
1530.0,1,0,1531.0
1806.0,500,1789,2306.0
1807.0,495,893,2302.0
2693.0,188,65,2881.0
0,1470,171529,1470
737.0,1,0,738.0
742.0,7,1789,749.0
1028.0,452,12963,1480.0
1449.0,1,0,1450.0
1451.0,1,0,1452.0
1453.0,1,0,1454.0
1494.0,808,171001,2302.0
2308.0,1,0,2309.0
2312.0,1,0,2313.0
2813.0,90,1789,2903.0
2835.0,9,893,2844.0
3248.0,401,65,3649.0
0,1063,174214,1063
769.0,2,0,771.0
774.0,8,1789,782.0
967.0,811,12963,1778.0
1322.0,2,0,1324.0
1325.0,1,0,1326.0
1327.0,1,0,1328.0
1786.0,1,0,1787.0
1790.0,1,0,1791.0
2031.0,117,1789,2148.0
2033.0,104,893,2137.0
2720.0,438,65,3158.0
0,1442,171162,1442
789.0,1,0,790.0
829.0,16,1789,845.0
1041.0,1278,11694,2319.0
1418.0,1,0,1419.0
1420.0,1,0,1421.0
1422.0,1,0,1423.0
1639.0,1,0,1640.0
1643.0,1,0,1644.0
2849.0,47,1789,2896.0
2885.0,16,893,2901.0
3314.0,671,65,3985.0
0,1708,174268,1708
658.0,1,0,659.0
663.0,8,1789,671.0
847.0,837,12972,1684.0
1691.0,1,0,1692.0
1693.0,1,0,1694.0
1695.0,2,0,1697.0
1731.0,966,173851,2697.0
2677.0,1,0,2678.0
2681.0,4,0,2685.0
3176.0,127,1789,3303.0
3177.0,129,893,3306.0
3959.0,157,65,4116.0
0,1045,171240,1045
779.0,1,0,780.0
784.0,8,1789,792.0
982.0,582,12972,1564.0
1082.0,1,0,1083.0
1084.0,2,0,1086.0
1087.0,1,0,1088.0
1639.0,882,170952,2521.0
2504.0,1,0,2505.0
2508.0,1,0,2509.0
2995.0,154,1789,3149.0
2996.0,148,893,3144.0
3813.0,164,65,3977.0
0,1019,175753,1019
732.0,1,0,733.0
738.0,9,1789,747.0
975.0,362,14999,1337.0
1300.0,1,0,1301.0
1302.0,1,0,1303.0
1304.0,1,0,1305.0
1345.0,581,175093,1926.0
1934.0,1,0,1935.0
1937.0,1,0,1938.0
2174.0,822,1789,2996.0
2233.0,40,893,2273.0
3618.0,156,65,3774.0
0,1079,174353,1079
782.0,1,0,783.0
788.0,9,1789,797.0
986.0,770,12972,1756.0
1315.0,1,0,1316.0
1317.0,1,0,1318.0
1319.0,1,0,1320.0
1778.0,1,0,1779.0
1782.0,1,0,1783.0
2011.0,34,1789,2045.0
2013.0,36,893,2049.0
2861.0,606,65,3467.0
0,985,171550,985
700.0,1,0,701.0
706.0,8,1789,714.0
889.0,776,12972,1665.0
1036.0,1,0,1037.0
1038.0,1,0,1039.0
1040.0,1,0,1041.0
1652.0,1,0,1653.0
1656.0,1,0,1657.0
1927.0,817,1789,2744.0
1953.0,795,893,2748.0
3203.0,179,65,3382.0
0,1447,171376,1447
746.0,1,0,747.0
751.0,9,1789,760.0
1063.0,626,14999,1689.0
1482.0,1,0,1483.0
1485.0,1,0,1486.0
1487.0,1,0,1488.0
1652.0,1,0,1653.0
1656.0,1,0,1657.0
1887.0,812,1789,2699.0
1889.0,820,893,2709.0
3386.0,219,65,3605.0
0,827,171825,827
647.0,1,0,648.0
652.0,8,1789,660.0
874.0,861,14990,1735.0
959.0,1,0,960.0
961.0,1,0,962.0
963.0,1,0,964.0
1789.0,1013,171470,2802.0
2927.0,1,0,2928.0
2931.0,1,0,2932.0
3092.0,17,1789,3109.0
3100.0,13,893,3113.0
4265.0,185,65,4450.0
0,1503,171642,1503
772.0,1,0,773.0
779.0,6,1789,785.0
1073.0,652,14999,1725.0
1594.0,1,0,1595.0
1596.0,1,0,1597.0
1598.0,1,0,1599.0
1743.0,1,0,1744.0
1747.0,1,0,1748.0
3641.0,99,1789,3740.0
3642.0,91,893,3733.0
5015.0,204,65,5219.0
0,1007,171776,1007
779.0,1,0,780.0
784.0,8,1789,792.0
974.0,929,12972,1903.0
1072.0,1,0,1073.0
1074.0,1,0,1075.0
1077.0,1,0,1078.0
1942.0,1334,171179,3276.0
3285.0,2,0,3287.0
3291.0,1,0,3292.0
3759.0,63,1789,3822.0
3761.0,77,893,3838.0
4797.0,176,65,4973.0
0,1405,171247,1405
853.0,1,0,854.0
859.0,10,1789,869.0
1451.0,1476,12972,2927.0
1587.0,1,0,1588.0
1589.0,1,0,1590.0
1591.0,1,0,1592.0
1729.0,1,0,1730.0
1733.0,1,0,1734.0
3776.0,133,1789,3909.0
3797.0,11,893,3808.0
5254.0,203,65,5457.0
0,1120,174602,1120
830.0,1,0,831.0
834.0,8,1789,842.0
1062.0,544,14999,1606.0
1640.0,1508,177601,3148.0
1976.0,1,0,1977.0
1978.0,1,0,1979.0
1981.0,1,0,1982.0
3135.0,1,0,3136.0
3139.0,1,0,3140.0
3885.0,18,1789,3903.0
3887.0,74,893,3961.0
4305.0,1001,65,5306.0
0,1099,171185,1099
807.0,2,0,809.0
813.0,9,1789,822.0
1143.0,497,14999,1640.0
1224.0,1,0,1225.0
1226.0,1,0,1227.0
1228.0,1,0,1229.0
1701.0,1355,170784,3056.0
3036.0,3,0,3039.0
3043.0,1,0,3044.0
3897.0,18,1789,3915.0
3901.0,18,893,3919.0
5352.0,161,65,5513.0
0,933,171741,933
788.0,1,0,789.0
793.0,9,1789,802.0
979.0,841,12972,1820.0
1082.0,3,0,1085.0
1086.0,1,0,1087.0
1089.0,1,0,1090.0
1828.0,1,0,1829.0
1832.0,1,0,1833.0
2061.0,42,1789,2103.0
2063.0,35,893,2098.0
3378.0,678,65,4056.0
0,1045,171559,1045
714.0,2,0,716.0
720.0,11,1789,731.0
910.0,993,12972,1903.0
1023.0,1,0,1024.0
1025.0,1,0,1026.0
1027.0,1,0,1028.0
1890.0,1,0,1891.0
1894.0,1,0,1895.0
2140.0,1278,1789,3418.0
3409.0,12,893,3421.0
4003.0,147,65,4150.0
0,923,171424,923
773.0,1,0,774.0
778.0,9,1789,787.0
967.0,870,12972,1837.0
1074.0,2,0,1076.0
1077.0,1,0,1078.0
1079.0,1,0,1080.0
1823.0,1,0,1824.0
1827.0,1,0,1828.0
3141.0,10,1789,3151.0
3143.0,17,893,3160.0
4031.0,135,65,4166.0
0,987,174342,987
685.0,1,0,686.0
690.0,9,1789,699.0
895.0,1184,14990,2079.0
1252.0,1,0,1253.0
1254.0,1,0,1255.0
1256.0,1,0,1257.0
2093.0,1,0,2094.0
2097.0,1,0,2098.0
2395.0,125,1789,2520.0
2397.0,127,893,2524.0
3726.0,818,65,4544.0
0,1047,171124,1047
763.0,1,0,764.0
783.0,6,1789,789.0
990.0,707,12972,1697.0
1085.0,1,0,1086.0
1087.0,1,0,1088.0
1090.0,1,0,1091.0
1794.0,1545,170776,3339.0
3322.0,1,0,3323.0
3326.0,1,0,3327.0
4172.0,16,1789,4188.0
4175.0,17,893,4192.0
5766.0,201,65,5967.0
0,950,174249,950
660.0,2,0,662.0
669.0,6,1789,675.0
979.0,1087,12963,2066.0
1324.0,1,0,1325.0
1327.0,1,0,1328.0
1329.0,1,0,1330.0
2079.0,1,0,2080.0
2083.0,1,0,2084.0
2366.0,87,1789,2453.0
2368.0,89,893,2457.0
3575.0,790,65,4365.0
0,999,171070,999
715.0,2,0,717.0
725.0,11,1789,736.0
940.0,989,14999,1929.0
1040.0,1,0,1041.0
1043.0,1,0,1044.0
1045.0,1,0,1046.0
1935.0,1,0,1936.0
1940.0,1,0,1941.0
2186.0,1338,1789,3524.0
3494.0,35,893,3529.0
4566.0,140,65,4706.0
0,1770,171270,1770
820.0,2,0,822.0
841.0,5,1789,846.0
1053.0,718,12972,1771.0
1747.0,1,0,1748.0
1749.0,1,0,1750.0
1752.0,1,0,1753.0
1809.0,1630,174016,3439.0
3423.0,1,0,3424.0
3427.0,1,0,3428.0
4353.0,157,1789,4510.0
4355.0,61,893,4416.0
5995.0,230,65,6225.0
0,1102,174195,1102
727.0,1,0,728.0
733.0,8,1789,741.0
1031.0,1224,12963,2255.0
1363.0,1,0,1364.0
1365.0,1,0,1366.0
1367.0,1,0,1368.0
2332.0,1632,173938,3964.0
3948.0,1,0,3949.0
3953.0,1,0,3954.0
4681.0,16,1789,4697.0
4684.0,16,893,4700.0
5860.0,148,65,6008.0
0,1405,171466,1405
894.0,1,0,895.0
910.0,9,1789,919.0
1461.0,372,12963,1833.0
1597.0,1,0,1598.0
1599.0,2,0,1601.0
1602.0,1,0,1603.0
1739.0,1,0,1740.0
1743.0,1,0,1744.0
3300.0,10,1789,3310.0
3302.0,11,893,3313.0
4815.0,967,65,5782.0
0,1064,171353,1064
747.0,2,0,749.0
754.0,8,1789,762.0
960.0,881,14999,1841.0
1132.0,1,0,1133.0
1134.0,1,0,1135.0
1137.0,1,0,1138.0
1863.0,3,0,1866.0
1871.0,2,0,1873.0
2148.0,24,1789,2172.0
2150.0,26,893,2176.0
3591.0,957,65,4548.0
0,1023,171662,1023
749.0,1,0,750.0
754.0,8,1789,762.0
952.0,1045,14999,1997.0
1055.0,1,0,1056.0
1057.0,1,0,1058.0
1058.0,1,0,1059.0
1984.0,1,0,1985.0
1988.0,1,0,1989.0
2291.0,1325,1789,3616.0
3568.0,34,893,3602.0
4281.0,142,65,4423.0
0,1075,174566,1075
740.0,1,0,741.0
746.0,10,1789,756.0
941.0,931,12972,1872.0
1049.0,1,0,1050.0
1051.0,2,0,1053.0
1055.0,1,0,1056.0
1879.0,1,0,1880.0
1883.0,1,0,1884.0
2121.0,17,1789,2138.0
2123.0,21,893,2144.0
3626.0,891,65,4517.0
0,1697,171377,1697
817.0,1,0,818.0
822.0,9,1789,831.0
1065.0,852,12963,1917.0
1732.0,1,0,1733.0
1734.0,3,0,1737.0
1738.0,1,0,1739.0
1957.0,1596,170847,3553.0
3536.0,1,0,3537.0
3540.0,1,0,3541.0
4505.0,70,1789,4575.0
4508.0,7,893,4515.0
4924.0,1373,65,6297.0
0,1613,171323,1613
989.0,1,0,990.0
995.0,20,1789,1015.0
1581.0,282,14999,1863.0
1725.0,1,0,1726.0
1728.0,1,0,1729.0
1730.0,1,0,1731.0
1879.0,1486,170961,3365.0
4186.0,1,0,4187.0
4191.0,1,0,4192.0
4437.0,111,1789,4548.0
4439.0,116,893,4555.0
5558.0,157,65,5715.0
0,1838,170956,1838
694.0,1,0,695.0
700.0,9,1789,709.0
1041.0,800,14990,1841.0
1811.0,10,0,1821.0
1823.0,1,0,1824.0
1825.0,1,0,1826.0
1859.0,1783,171040,3642.0
3626.0,1,0,3627.0
3631.0,1,0,3632.0
4572.0,59,1789,4631.0
4574.0,52,893,4626.0
4974.0,1332,65,6306.0
0,886,172020,886
716.0,1,0,717.0
723.0,8,1789,731.0
938.0,1142,14999,2080.0
2045.0,1,0,2046.0
2047.0,1,0,2048.0
2049.0,1,0,2050.0
2067.0,1,0,2068.0
2071.0,1,0,2072.0
2376.0,109,1789,2485.0
2429.0,45,893,2474.0
4029.0,856,65,4885.0
0,1200,171124,1200
846.0,1,0,847.0
852.0,10,1789,862.0
1043.0,1014,12972,2057.0
1177.0,1,0,1178.0
1179.0,1,0,1180.0
1182.0,1,0,1183.0
2073.0,1,0,2074.0
2076.0,1,0,2077.0
2370.0,57,1789,2427.0
2372.0,51,893,2423.0
4219.0,1244,65,5463.0
0,1078,174080,1078
770.0,3,0,773.0
777.0,9,1789,786.0
984.0,1383,14990,2367.0
1367.0,1,0,1368.0
1369.0,1,0,1370.0
1371.0,1,0,1372.0
2379.0,1,0,2380.0
2383.0,1,0,2384.0
2685.0,104,1789,2789.0
2738.0,55,893,2793.0
4661.0,1221,65,5882.0
0,942,170982,942
684.0,2,0,686.0
690.0,9,1789,699.0
993.0,1311,14999,2304.0
1112.0,1,0,1113.0
1114.0,1,0,1115.0
1115.0,1,0,1116.0
2337.0,2267,176267,4604.0
4589.0,1,0,4590.0
4593.0,1,0,4594.0
5493.0,36,1789,5529.0
5494.0,38,893,5532.0
7570.0,164,65,7734.0
0,955,171314,955
799.0,1,0,800.0
805.0,9,1789,814.0
1004.0,1184,12963,2188.0
1102.0,1,0,1103.0
1105.0,1,0,1106.0
1107.0,1,0,1108.0
2268.0,2380,170992,4648.0
4623.0,9,0,4632.0
4635.0,1,0,4636.0
5687.0,224,1789,5911.0
5874.0,28,893,5902.0
7833.0,217,65,8050.0
0,1009,171246,1009
715.0,1,0,716.0
721.0,7,1789,728.0
941.0,1531,13082,2472.0
1071.0,1,0,1072.0
1073.0,1,0,1074.0
1075.0,1,0,1076.0
2459.0,1,0,2460.0
2462.0,1,0,2463.0
2807.0,2161,1789,4968.0
2809.0,2163,893,4972.0
6047.0,147,65,6194.0
0,1292,174436,1292
980.0,2,0,982.0
986.0,6,1789,992.0
1247.0,974,15118,2221.0
2196.0,1,0,2197.0
2198.0,1,0,2199.0
2200.0,1,0,2201.0
2246.0,2528,172407,4774.0
4758.0,1,0,4759.0
4762.0,1,0,4763.0
6092.0,43,1789,6135.0
6094.0,105,893,6199.0
8388.0,241,65,8629.0
0,1064,171774,1064
735.0,1,0,736.0
742.0,10,1789,752.0
1031.0,1301,13091,2332.0
1119.0,1,0,1120.0
1121.0,1,0,1122.0
1124.0,2,0,1126.0
2360.0,1,0,2361.0
2364.0,1,0,2365.0
2738.0,2288,1789,5026.0
2746.0,57,893,2803.0
6413.0,174,65,6587.0
0,1118,171190,1118
967.0,2,0,969.0
973.0,8,1789,981.0
1057.0,500,13082,1557.0
1593.0,18,0,1611.0
1613.0,1,0,1614.0
1615.0,1,0,1616.0
1665.0,2050,170981,3715.0
3723.0,2,0,3725.0
3729.0,1,0,3730.0
5099.0,39,1789,5138.0
5101.0,45,893,5146.0
7057.0,210,65,7267.0
0,1000,171254,1000
723.0,1,0,724.0
729.0,8,1789,737.0
922.0,1416,13077,2338.0
997.0,135,2484,1132.0
1043.0,18,0,1061.0
1063.0,1,0,1064.0
1065.0,1,0,1066.0
2344.0,1,0,2345.0
2347.0,1,0,2348.0
2868.0,49,1789,2917.0
2870.0,50,893,2920.0
5967.0,195,65,6162.0
0,1066,170931,1066
720.0,4,0,724.0
729.0,10,1789,739.0
918.0,1613,13077,2531.0
1040.0,1,0,1041.0
1043.0,1,0,1044.0
1045.0,1,0,1046.0
2537.0,1,0,2538.0
2540.0,1,0,2541.0
2879.0,2102,1789,4981.0
2881.0,2094,893,4975.0
5980.0,161,65,6141.0
8153.0,145,287,8298.0
0,1077,174620,1077
863.0,1,0,864.0
885.0,6,1789,891.0
1119.0,743,13082,1862.0
1893.0,1,0,1894.0
1895.0,1,0,1896.0
1897.0,1,0,1898.0
1940.0,2555,170797,4495.0
4477.0,1,0,4478.0
4482.0,2,0,4484.0
5976.0,55,1789,6031.0
5978.0,48,893,6026.0
8278.0,186,65,8464.0
0,1263,174232,1263
976.0,4,0,980.0
988.0,7,1789,995.0
1293.0,742,13082,2035.0
2298.0,19,0,2317.0
2319.0,1,0,2320.0
2321.0,1,0,2322.0
2347.0,2642,173808,4989.0
4973.0,1,0,4974.0
4977.0,1,0,4978.0
6665.0,245,1789,6910.0
6687.0,64,893,6751.0
8619.0,191,65,8810.0
0,860,171043,860
673.0,3,0,676.0
680.0,9,1789,689.0
919.0,1656,15113,2575.0
1042.0,19,0,1061.0
1062.0,1,0,1063.0
1065.0,1,0,1066.0
2562.0,1,0,2563.0
2567.0,1,0,2568.0
2998.0,2348,1789,5346.0
3000,2353,893,5353
6470.0,158,65,6628.0
0,1241,170148,1241
881.0,2,0,883.0
890.0,7,1789,897.0
1070.0,1224,13082,2294.0
1118.0,1180,170887,2298.0
1214.0,11,0,1225.0
1227.0,1,0,1228.0
1229.0,1,0,1230.0
2321.0,1,0,2322.0
2325.0,1,0,2326.0
2600.0,155,1789,2755.0
2654.0,61,893,2715.0
5135.0,148,65,5283.0
0,984,171468,984
723.0,1,0,724.0
729.0,19,1789,748.0
918.0,1526,15109,2444.0
1032.0,1,0,1033.0
1034.0,1,0,1035.0
1036.0,1,0,1037.0
2462.0,1,0,2463.0
2466.0,1,0,2467.0
2781.0,2081,1789,4862.0
2783.0,2076,893,4859.0
5911.0,159,65,6070.0
0,1879,170990,1879
998.0,2,0,1000.0
1005.0,16,1789,1021.0
1288.0,872,15118,2160.0
1921.0,1,0,1922.0
1924.0,1,0,1925.0
1926.0,1,0,1927.0
2169.0,1,0,2170.0
2173.0,1,0,2174.0
2409.0,2193,1789,4602.0
4571.0,36,893,4607.0
6408.0,231,65,6639.0
0,1026,174199,1026
708.0,1,0,709.0
713.0,9,1789,722.0
1076.0,1140,13082,2216.0
2463.0,18,0,2481.0
2483.0,1,0,2484.0
2485.0,1,0,2486.0
2508.0,2643,173931,5151.0
5135.0,1,0,5136.0
5139.0,1,0,5140.0
6546.0,30,1789,6576.0
6548.0,89,893,6637.0
8486.0,182,65,8668.0
0,1159,171944,1159
860.0,1,0,861.0
883.0,8,1789,891.0
1082.0,842,13082,1924.0
1205.0,1,0,1206.0
1207.0,1,0,1208.0
1209.0,1,0,1210.0
1977.0,2767,170773,4744.0
4728.0,1,0,4729.0
4733.0,1,0,4734.0
6417.0,16,1789,6433.0
6419.0,10,893,6429.0
8460.0,233,65,8693.0
0,1156,171556,1156
787.0,1,0,788.0
792.0,7,1789,799.0
1010.0,1368,13082,2378.0
1124.0,18,0,1142.0
1144.0,1,0,1145.0
1146.0,1,0,1147.0
2385.0,1,0,2386.0
2388.0,1,0,2389.0
2747.0,105,1789,2852.0
2783.0,8,893,2791.0
5314.0,181,65,5495.0
0,1148,171253,1148
718.0,1,0,719.0
723.0,10,1789,733.0
1057.0,1158,15118,2215.0
1185.0,1,0,1186.0
1187.0,3,0,1190.0
1191.0,1,0,1192.0
2263.0,1,0,2264.0
2267.0,1,0,2268.0
2626.0,22,1789,2648.0
2628.0,24,893,2652.0
5244.0,190,65,5434.0
0,1518,174389,1518
752.0,1,0,753.0
760.0,10,1789,770.0
1575.0,545,15109,2120.0
2038.0,1,0,2039.0
2040.0,1,0,2041.0
2042.0,1,0,2043.0
2137.0,8,0,2145.0
2149.0,1,0,2150.0
3600.0,152,1789,3752.0
3608.0,72,893,3680.0
5972.0,163,65,6135.0
0,1186,171085,1186
912.0,1,0,913.0
917.0,10,1789,927.0
1109.0,812,15109,1921.0
1223.0,1,0,1224.0
1226.0,1,0,1227.0
1228.0,1,0,1229.0
1979.0,2697,170786,4676.0
4658.0,1,0,4659.0
4662.0,1,0,4663.0
6350.0,48,1789,6398.0
6352.0,51,893,6403.0
8230.0,199,65,8429.0
0,900,171323,900
762.0,1,0,763.0
770.0,9,1789,779.0
967.0,1705,15118,2672.0
1083.0,1,0,1084.0
1086.0,1,0,1087.0
1088.0,1,0,1089.0
2679.0,1,0,2680.0
2683.0,3,0,2686.0
2972.0,92,1789,3064.0
2975.0,7,893,2982.0
5548.0,151,65,5699.0
0,1076,171508,1076
786.0,1,0,787.0
791.0,10,1789,801.0
1021.0,1417,15104,2438.0
1145.0,1,0,1146.0
1147.0,1,0,1148.0
1148.0,1,0,1149.0
2503.0,2884,174281,5387.0
5370.0,1,0,5371.0
5374.0,1,0,5375.0
6656.0,32,1789,6688.0
6658.0,37,893,6695.0
9171.0,200,65,9371.0
0,983,174185,983
676.0,1,0,677.0
683.0,11,1789,694.0
942.0,1955,13091,2897.0
1295.0,1,0,1296.0
1297.0,1,0,1298.0
1299.0,1,0,1300.0
2945.0,2910,173699,5855.0
5839.0,1,0,5840.0
5843.0,1,0,5844.0
7248.0,39,1789,7287.0
7250.0,45,893,7295.0
7635.0,2232,65,9867.0
0,1101,174215,1101
932.0,1,0,933.0
939.0,10,1789,949.0
1142.0,981,13082,2123.0
2178.0,2036,173916,4214.0
2504.0,1,0,2505.0
2506.0,1,0,2507.0
2508.0,1,0,2509.0
4202.0,1,0,4203.0
4206.0,1,0,4207.0
7424.0,37,1789,7461.0
7450.0,14,893,7464.0
9998.0,191,65,10189.0
0,1866,169409,1866
699.0,1,0,700.0
704.0,7,1789,711.0
1100.0,1184,13086,2284.0
2247.0,1,0,2248.0
2249.0,1,0,2250.0
2251.0,1,0,2252.0
2292.0,1278,168751,3570.0
3556.0,1,0,3557.0
3787.0,53,1789,3840.0
3789.0,55,893,3844.0
7717.0,196,65,7913.0
0,2046,171713,2046
833.0,1,0,834.0
838.0,10,1789,848.0
1151.0,894,13431,2045.0
2080.0,1,0,2081.0
2082.0,1,0,2083.0
2084.0,1,0,2085.0
2136.0,2987,171422,5123.0
5107.0,1,0,5108.0
5111.0,1,0,5112.0
6841.0,93,1789,6934.0
6866.0,73,893,6939.0
9270.0,194,65,9464.0
0,2528,171401,2528
716.0,2,0,718.0
738.0,8,1789,746.0
1030.0,1474,15118,2504.0
2510.0,1,0,2511.0
2512.0,1,0,2513.0
2514.0,1,0,2515.0
2561.0,2995,171043,5556.0
5540.0,1,0,5541.0
5544.0,1,0,5545.0
6864.0,30,1789,6894.0
6865.0,25,893,6890.0
9398.0,210,65,9608.0
0,1164,169038,1164
1004.0,1,0,1005.0
1010.0,21,1789,1031.0
1200.0,887,15109,2087.0
2130.0,2025,168693,4155.0
2475.0,18,0,2493.0
2496.0,1,0,2497.0
2498.0,1,0,2499.0
4170.0,2,0,4172.0
7467.0,1269,1789,8736.0
7535.0,1141,893,8676.0
10695.0,188,65,10883.0
0,941,170469,941
738.0,1,0,739.0
743.0,10,1789,753.0
989.0,2091,13077,3080.0
1373.0,1,0,1374.0
1375.0,1,0,1376.0
1377.0,1,0,1378.0
3095.0,1,0,3096.0
3425.0,110,1789,3535.0
3427.0,105,893,3532.0
6347.0,190,65,6537.0
0,1204,174395,1204
942.0,2,0,944.0
949.0,10,1789,959.0
1133.0,899,15104,2032.0
2287.0,1,0,2288.0
2288.0,1,0,2289.0
2290.0,1,0,2291.0
2348.0,2913,174334,5261.0
5245.0,1,0,5246.0
5249.0,1,0,5250.0
7211.0,106,1789,7317.0
7213.0,100,893,7313.0
0,976,171393,976
690.0,1,0,691.0
700.0,9,1789,709.0
894.0,2050,15113,2944.0
1017.0,1,0,1018.0
1020.0,1,0,1021.0
1022.0,2,0,1024.0
2949.0,1,0,2950.0
2953.0,1,0,2954.0
6191.0,739,1789,6930.0
6876.0,36,893,6912.0
7265.0,139,65,7404.0
0,1126,171652,1126
836.0,1,0,837.0
841.0,10,1789,851.0
1060.0,1424,15113,2484.0
1173.0,3,0,1176.0
1177.0,2,0,1179.0
1180.0,1,0,1181.0
2538.0,3231,171562,5769.0
5751.0,1,0,5752.0
5756.0,1,0,5757.0
7250.0,24,1789,7274.0
7251.0,19,893,7270.0
9850.0,196,65,10046.0
0,951,170408,951
664.0,1,0,665.0
672.0,10,1789,682.0
862.0,2045,13091,2907.0
990.0,1,0,991.0
992.0,1,0,993.0
995.0,2,0,997.0
2913.0,1,0,2914.0
2917.0,1,0,2918.0
6060.0,1003,1789,7063.0
6070.0,996,893,7066.0
7433.0,139,65,7572.0
0,1717,171667,1717
1024.0,1,0,1025.0
1032.0,20,1789,1052.0
1667.0,354,15104,2021.0
1767.0,1,0,1768.0
1770.0,1,0,1771.0
1773.0,1,0,1774.0
2041.0,2912,171270,4953.0
4937.0,1,0,4938.0
4941.0,1,0,4942.0
7193.0,111,1789,7304.0
7195.0,32,893,7227.0
9636.0,164,65,9800.0
0,979,171686,979
711.0,1,0,712.0
721.0,10,1789,731.0
919.0,2074,13669,2993.0
1070.0,1,0,1071.0
1072.0,1,0,1073.0
1074.0,1,0,1075.0
3000,1,0,3001
3006.0,1,0,3007.0
3360.0,3022,1789,6382.0
6188.0,31,893,6219.0
7521.0,158,65,7679.0
0,1247,174450,1247
926.0,1,0,927.0
933.0,20,1789,953.0
1188.0,761,15118,1949.0
1989.0,2408,170863,4397.0
2333.0,15,0,2348.0
2350.0,1,0,2351.0
2352.0,1,0,2353.0
4410.0,1,0,4411.0
4413.0,1,0,4414.0
4854.0,8,1789,4862.0
4856.0,10,893,4866.0
7930.0,148,65,8078.0
0,1060,173073,1060
771.0,7,0,778.0
785.0,10,1789,795.0
996.0,1685,13082,2681.0
1098.0,1,0,1099.0
1100.0,1,0,1101.0
1102.0,1,0,1103.0
2737.0,2992,172680,5729.0
5751.0,1,0,5752.0
5754.0,1,0,5755.0
6673.0,24,1789,6697.0
6675.0,27,893,6702.0
7038.0,2564,65,9602.0
0,988,175225,988
709.0,1,0,710.0
714.0,10,1789,724.0
913.0,2181,15463,3094.0
1326.0,1,0,1327.0
1329.0,1,0,1330.0
1331.0,1,0,1332.0
3108.0,1,0,3109.0
3112.0,1,0,3113.0
3493.0,107,1789,3600.0
3524.0,79,893,3603.0
6433.0,201,65,6634.0
0,882,170496,882
720.0,1,0,721.0
726.0,10,1789,736.0
931.0,2155,15104,3086.0
999.0,2085,171323,3084.0
1037.0,1,0,1038.0
1039.0,1,0,1040.0
1041.0,1,0,1042.0
3128.0,3025,171295,6153.0
6369.0,1,0,6370.0
6373.0,1,0,6374.0
6614.0,56,1789,6670.0
6616.0,59,893,6675.0
8744.0,195,65,8939.0
0,1103,171566,1103
794.0,1,0,795.0
801.0,11,1789,812.0
938.0,2020,15118,2958.0
1084.0,1,0,1085.0
1086.0,1,0,1087.0
1088.0,1,0,1089.0
2944.0,1,0,2945.0
2948.0,1,0,2949.0
3291.0,3261,1789,6552.0
3298.0,3072,893,6370.0
7962.0,178,65,8140.0
0,1042,177313,1042
771.0,1,0,772.0
779.0,21,1789,800.0
987.0,2107,15113,3094.0
1386.0,1,0,1387.0
1389.0,1,0,1390.0
1391.0,1,0,1392.0
3110.0,1,0,3111.0
3114.0,2,0,3116.0
3482.0,43,1789,3525.0
3484.0,37,893,3521.0
6469.0,200,65,6669.0
0,1111,174459,1111
847.0,2,0,849.0
857.0,10,1789,867.0
1015.0,1668,15113,2683.0
2717.0,1721,172902,4438.0
3000,1,0,3001
3002.0,1,0,3003.0
3004.0,1,0,3005.0
4425.0,1,0,4426.0
4429.0,1,0,4430.0
4752.0,117,1789,4869.0
4756.0,40,893,4796.0
7893.0,213,65,8106.0
0,977,174424,977
741.0,1,0,742.0
750.0,22,1789,772.0
931.0,2264,13082,3195.0
1336.0,1,0,1337.0
1338.0,1,0,1339.0
1340.0,1,0,1341.0
3296.0,3526,174016,6822.0
6805.0,1,0,6806.0
6809.0,1,0,6810.0
8137.0,148,1789,8285.0
8139.0,135,893,8274.0
10071.0,145,65,10216.0
0,1236,172419,1236
883.0,1,0,884.0
888.0,10,1789,898.0
1155.0,1493,13082,2648.0
1278.0,1,0,1279.0
1280.0,1,0,1281.0
1282.0,1,0,1283.0
2701.0,3646,171351,6347.0
6331.0,1,0,6332.0
6335.0,1,0,6336.0
8215.0,280,1789,8495.0
8221.0,62,893,8283.0
0,995,171473,995
816.0,1,0,817.0
822.0,13,1789,835.0
941.0,2122,15109,3063.0
1068.0,1,0,1069.0
1070.0,1,0,1071.0
1072.0,1,0,1073.0
3083.0,6,0,3089.0
3092.0,1,0,3093.0
3471.0,3550,1789,7021.0
3473.0,3552,893,7025.0
8977.0,197,65,9174.0
