starttime,duration,size,total
0,343,59349,2355
0,233,59349,2245
0,227,59349,2239
0,224,59349,2236
0,275,59349,2287
0,229,59349,2241
0,232,59347,2244
0,247,59347,2259
0,304,59347,2316
0,625,59347,2637
0,238,59347,2250
0,229,59347,2241
0,317,59349,2329
0,567,59349,2579
0,238,59349,2250
0,242,59349,2254
0,224,59349,2236
0,289,59349,2301
0,231,59349,2243
0,224,59349,2236
0,316,59367,2328
0,229,59367,2241
0,249,59367,2261
0,240,59367,2252
0,1210,59367,3222
0,531,59367,2543
0,226,59367,2238
0,224,59367,2236
0,226,59367,2238
0,338,59369,2350
0,232,59369,2244
0,247,59369,2259
0,225,59369,2237
0,295,59369,2307
0,417,59369,2429
0,360,59319,2372
0,229,59319,2241
0,318,59319,2330
0,230,59319,2242
0,234,59998,2246
0,231,59998,2243
0,354,60001,2366
0,339,60005,2351
0,230,60005,2242
0,224,60005,2236
0,258,60005,2270
0,226,60005,2238
0,247,60005,2259
0,228,60005,2240
0,376,60006,2388
0,235,60006,2247
0,224,60006,2236
0,362,60008,2374
0,229,60008,2241
0,226,60008,2238
0,225,60008,2237
0,230,60124,2242
0,229,60124,2241
0,421,60124,2433
0,225,60124,2237
0,221,60124,2233
0,235,60124,2247
0,229,60124,2241
0,228,60124,2240
0,230,60124,2242
0,432,60126,2444
0,253,60126,2265
0,384,60126,2396
0,388,60124,2400
0,229,60124,2241
0,395,60126,2407
0,235,60126,2247
0,233,60124,2245
0,388,60126,2400
0,234,60126,2246
0,724,60126,2736
0,455,59494,2467
0,300,59554,2312
0,236,59554,2248
0,237,59551,2249
0,243,59552,2255
0,236,59552,2248
0,235,59552,2247
0,234,59552,2246
0,253,59552,2265
0,243,59552,2255
0,403,59552,2415
0,235,59552,2247
0,238,59552,2250
0,234,59552,2246
0,230,59552,2242
0,232,59552,2244
