80	7
100	34
120	11
140	1
160	5
180	17
200	10
220	4
240	2
260	3
280	1
300	0
320	0
340	1
360	0
380	0
400	0
420	3
440	9
460	12
480	3
500	3
520	3
540	2
560	4
580	1
600	0
620	1
640	0
660	2
680	1
700	1
720	0
740	1
760	0
780	0
800	2
820	1
840	1
860	2
880	1
900	1
920	3
940	0
960	2
980	1
1000	4
1020	1
1040	2
1060	0
1080	3
1100	1
1120	0
1140	4
1160	0
1180	1
1200	3
1220	2
1240	3
1260	2
1280	5
1300	3
1320	2
1340	1
1360	1
1380	2
1400	1
1420	4
1440	1
1460	7
1480	3
1500	1
1520	4
1540	3
1560	1
1580	5
1600	2
1620	1
1640	1
1660	1
1680	2
1700	2
1720	3
1740	2
1760	2
1780	1
1800	0
1820	0
1840	0
1860	1
1880	0
1900	2
1920	4
1940	0
1960	2
1980	0
2000	2
2020	1
2040	1
2060	0
2080	1
2100	0
2120	0
2140	0
2160	0
2180	0
2200	0
2220	0
2240	1
2260	0
2280	1
2300	0
2320	1
2340	0
2360	0
2380	0
2400	0
2420	0
2440	1
2460	2
2480	0
2500	0
2520	0
2540	1
2560	0
2580	0
2600	0
2620	0
2640	0
2660	1
2680	0
2700	2
2720	0
2740	0
2760	0
2780	1
2800	1
2820	0
2840	0
2860	0
2880	0
2900	0
2920	0
2940	0
2960	1
2980	0
3000	0
3020	0
3040	1
3060	0
3080	2
3100	0
3120	0
3140	0
3160	0
3180	0
3200	0
3220	0
3240	0
3260	0
3280	0
3300	0
3320	0
3340	0
3360	0
3380	0
3400	0
3420	0
3440	0
3460	0
3480	0
3500	1
3520	1
3540	0
3560	0
3580	0
3600	0
3620	0
3640	0
3660	0
3680	0
3700	0
3720	0
3740	0
3760	0
3780	0
3800	0
3820	0
3840	0
3860	0
3880	0
3900	0
3920	0
3940	0
3960	0
3980	0
4000	0
4020	0
4040	0
4060	0
4080	0
4100	0
4120	0
4140	0
4160	0
4180	0
4200	0
4220	0
4240	0
4260	0
4280	0
4300	0
4320	0
4340	0
4360	0
4380	0
4400	0
4420	0
4440	0
4460	0
4480	0
4500	0
4520	0
4540	0
4560	0
4580	0
4600	0
4620	0
4640	0
4660	0
4680	0
4700	1
