starttime,duration,size,total
3299.0,565,1265,3864.0
3300.0,565,595,3865.0
3300.0,575,219,3875.0
3301.0,563,2225,3864.0
3303.0,787,8145,4090.0
3305.0,639,6242,3944.0
3305.0,654,3223,3959.0
3305.0,676,2733,3981.0
3307.0,1403,5939,4710.0
3308.0,14,9761,3322.0
3308.0,700,2416,4008.0
3310.0,684,9884,3994.0
3310.0,713,668,4023.0
3504.0,159,7347,3663.0
3506.0,518,2403,4024.0
3507.0,585,86,4092.0
3508.0,561,51,4069.0
3508.0,652,1202,4160.0
3509.0,645,1241,4154.0
3509.0,632,3163,4141.0
3511.0,645,423,4156.0
3866.0,0,43,3866.0
3866.0,305,72,4171.0
3866.0,320,73,4186.0
3867.0,321,44,4188.0
3867.0,324,145,4191.0
3868.0,333,1589,4201.0
3868.0,349,60,4217.0
3869.0,347,237,4216.0
3872.0,350,46,4222.0
3872.0,357,442,4229.0
3873.0,374,317,4247.0
4040.0,212,50,4252.0
4041.0,212,46,4253.0
4045.0,214,50,4259.0
4047.0,243,50,4290.0
4048.0,250,50,4298.0
4051.0,246,56,4297.0
4053.0,282,6829,4335.0
4053.0,278,7911,4331.0
4054.0,281,9488,4335.0
4347.0,552,3979,4899.0
4348.0,547,3952,4895.0
4353.0,848,44,5201.0
4396.0,504,35,4900.0
4400.0,497,35,4897.0
5438.0,623,43,6061.0
768.0,454,1265,1222.0
769.0,464,595,1233.0
770.0,465,219,1235.0
770.0,462,2225,1232.0
947.0,75,3134,1022.0
949.0,272,2403,1221.0
950.0,361,86,1311.0
951.0,356,51,1307.0
951.0,360,1202,1311.0
952.0,337,1241,1289.0
952.0,356,3163,1308.0
954.0,359,423,1313.0
957.0,369,8145,1326.0
958.0,372,6242,1330.0
958.0,409,3223,1367.0
959.0,403,2733,1362.0
961.0,378,5939,1339.0
961.0,16,9761,977.0
962.0,409,2416,1371.0
964.0,388,9884,1352.0
964.0,418,668,1382.0
1222.0,0,43,1222.0
1223.0,162,72,1385.0
1223.0,160,73,1383.0
1224.0,167,44,1391.0
1224.0,177,145,1401.0
1224.0,180,1589,1404.0
1225.0,187,60,1412.0
1226.0,198,237,1424.0
1228.0,198,46,1426.0
1229.0,196,442,1425.0
1229.0,219,317,1448.0
1234.0,40,42,1274.0
1429.0,70,50,1499.0
1430.0,53,46,1483.0
1435.0,63,50,1498.0
1436.0,64,50,1500.0
1438.0,60,50,1498.0
1441.0,98,56,1539.0
1442.0,264,6829,1706.0
1443.0,97,7911,1540.0
1443.0,263,9488,1706.0
2215.0,251,3979,2466.0
2216.0,257,3952,2473.0
2221.0,710,44,2931.0
2270.0,203,35,2473.0
2276.0,198,35,2474.0
3073.0,260,43,3333.0
849.0,405,1265,1254.0
850.0,403,595,1253.0
851.0,406,219,1257.0
851.0,405,2225,1256.0
1021.0,32,43,1053.0
1022.0,235,2403,1257.0
1023.0,281,86,1304.0
1024.0,282,51,1306.0
1025.0,299,1202,1324.0
1025.0,280,1241,1305.0
1025.0,299,3163,1324.0
1028.0,296,423,1324.0
1031.0,297,8145,1328.0
1032.0,307,6242,1339.0
1032.0,343,3223,1375.0
1033.0,342,2733,1375.0
1035.0,317,5939,1352.0
1035.0,17,9761,1052.0
1036.0,348,2416,1384.0
1038.0,335,9884,1373.0
1038.0,364,668,1402.0
1235.0,0,43,1235.0
1235.0,165,72,1400.0
1236.0,172,73,1408.0
1237.0,172,44,1409.0
1237.0,172,145,1409.0
1237.0,181,1589,1418.0
1238.0,193,60,1431.0
1239.0,193,237,1432.0
1241.0,199,46,1440.0
1242.0,200,442,1442.0
1242.0,199,317,1441.0
1774.0,364,50,2138.0
1775.0,360,46,2135.0
1780.0,357,50,2137.0
1781.0,361,50,2142.0
1783.0,351,50,2134.0
1786.0,349,56,2135.0
1787.0,426,6829,2213.0
1788.0,429,7911,2217.0
1788.0,417,9488,2205.0
2399.0,349,3979,2748.0
2400.0,349,3952,2749.0
2404.0,630,44,3034.0
2447.0,298,35,2745.0
2451.0,294,35,2745.0
2489.0,260,807,2749.0
3090.0,301,43,3391.0
833.0,458,1265,1291.0
834.0,445,595,1279.0
834.0,455,219,1289.0
834.0,445,2225,1279.0
848.0,18,8145,866.0
850.0,30,6242,880.0
850.0,440,3223,1290.0
851.0,441,2733,1292.0
852.0,520,5939,1372.0
853.0,15,9761,868.0
853.0,522,2416,1375.0
855.0,566,9884,1421.0
855.0,595,668,1450.0
999.0,55,7347,1054.0
1001.0,455,2403,1456.0
1002.0,456,86,1458.0
1002.0,456,51,1458.0
1003.0,454,1202,1457.0
1003.0,505,1241,1508.0
1003.0,502,3163,1505.0
1005.0,501,423,1506.0
1280.0,0,43,1280.0
1281.0,226,72,1507.0
1281.0,228,73,1509.0
1281.0,223,44,1504.0
1282.0,332,145,1614.0
1282.0,328,1589,1610.0
1283.0,341,60,1624.0
1284.0,328,237,1612.0
1286.0,327,46,1613.0
1286.0,351,442,1637.0
1287.0,359,317,1646.0
1480.0,385,50,1865.0
1480.0,166,46,1646.0
1485.0,163,50,1648.0
1486.0,168,50,1654.0
1488.0,178,50,1666.0
1491.0,197,56,1688.0
1493.0,194,6829,1687.0
1493.0,194,7911,1687.0
1494.0,200,9488,1694.0
1779.0,505,3979,2284.0
1779.0,508,3952,2287.0
1784.0,763,44,2547.0
1832.0,455,35,2287.0
1837.0,448,35,2285.0
2785.0,285,43,3070.0
761.0,555,1265,1316.0
762.0,555,595,1317.0
762.0,551,219,1313.0
763.0,554,2225,1317.0
775.0,26,8145,801.0
780.0,33,6242,813.0
780.0,534,3223,1314.0
781.0,546,2733,1327.0
783.0,637,5939,1420.0
784.0,19,9761,803.0
784.0,664,2416,1448.0
786.0,667,9884,1453.0
786.0,698,668,1484.0
969.0,487,43,1456.0
971.0,517,2403,1488.0
972.0,518,86,1490.0
972.0,516,51,1488.0
973.0,527,1202,1500.0
973.0,552,1241,1525.0
974.0,554,3163,1528.0
976.0,543,423,1519.0
1318.0,0,43,1318.0
1318.0,206,72,1524.0
1318.0,213,73,1531.0
1319.0,221,44,1540.0
1319.0,233,145,1552.0
1320.0,234,1589,1554.0
1320.0,237,60,1557.0
1321.0,238,237,1559.0
1324.0,238,46,1562.0
1324.0,246,442,1570.0
1325.0,260,317,1585.0
1789.0,69,50,1858.0
1790.0,70,46,1860.0
1795.0,103,50,1898.0
1796.0,67,50,1863.0
1798.0,101,50,1899.0
1801.0,62,56,1863.0
1802.0,481,6829,2283.0
1803.0,470,7911,2273.0
1803.0,479,9488,2282.0
2512.0,185,3979,2697.0
2513.0,186,3952,2699.0
2517.0,690,44,3207.0
2561.0,138,35,2699.0
2564.0,135,35,2699.0
3367.0,273,43,3640.0
880.0,432,1265,1312.0
881.0,441,595,1322.0
882.0,442,219,1324.0
882.0,442,2225,1324.0
1061.0,261,43,1322.0
1062.0,262,2403,1324.0
1063.0,333,86,1396.0
1064.0,339,51,1403.0
1065.0,333,1202,1398.0
1065.0,339,1241,1404.0
1065.0,463,3163,1528.0
1068.0,364,423,1432.0
1070.0,337,8145,1407.0
1072.0,353,6242,1425.0
1072.0,395,3223,1467.0
1073.0,593,2733,1666.0
1074.0,365,5939,1439.0
1075.0,19,9761,1094.0
1075.0,425,2416,1500.0
1077.0,387,9884,1464.0
1077.0,411,668,1488.0
1312.0,0,43,1312.0
1313.0,184,72,1497.0
1313.0,354,73,1667.0
1313.0,214,44,1527.0
1314.0,831,145,2145.0
1314.0,499,1589,1813.0
1315.0,537,60,1852.0
1316.0,537,237,1853.0
1318.0,525,46,1843.0
1319.0,826,442,2145.0
1319.0,850,317,2169.0
2151.0,123,50,2274.0
2151.0,122,46,2273.0
2156.0,122,50,2278.0
2157.0,123,50,2280.0
2159.0,120,50,2279.0
2162.0,275,56,2437.0
2163.0,264,6829,2427.0
2164.0,261,7911,2425.0
2164.0,262,9488,2426.0
2595.0,403,3979,2998.0
2596.0,403,3952,2999.0
2600.0,758,44,3358.0
2643.0,356,35,2999.0
2647.0,351,35,2998.0
3539.0,652,43,4191.0
833.0,457,1265,1290.0
834.0,445,595,1279.0
835.0,446,219,1281.0
835.0,444,2225,1279.0
997.0,283,43,1280.0
998.0,292,2403,1290.0
999.0,349,86,1348.0
1000,350,51,1350
1000,350,1202,1350
1001.0,347,1241,1348.0
1001.0,360,3163,1361.0
1003.0,388,423,1391.0
1005.0,356,8145,1361.0
1007.0,386,6242,1393.0
1007.0,428,3223,1435.0
1008.0,426,2733,1434.0
1009.0,397,5939,1406.0
1010.0,18,9761,1028.0
1010.0,429,2416,1439.0
1012.0,413,9884,1425.0
1012.0,445,668,1457.0
1282.0,0,43,1282.0
1282.0,182,72,1464.0
1283.0,183,73,1466.0
1283.0,190,44,1473.0
1284.0,190,60,1474.0
1284.0,190,237,1474.0
1287.0,220,46,1507.0
1287.0,230,442,1517.0
1288.0,229,317,1517.0
2182.0,88,50,2270.0
2183.0,123,46,2306.0
2187.0,130,50,2317.0
2188.0,131,50,2319.0
2190.0,79,50,2269.0
2193.0,111,56,2304.0
2194.0,267,6829,2461.0
2195.0,267,7911,2462.0
2196.0,254,9488,2450.0
2548.0,4,807,2552.0
2567.0,462,3979,3029.0
2567.0,461,3952,3028.0
2572.0,751,44,3323.0
2615.0,417,35,3032.0
2619.0,410,35,3029.0
3448.0,281,43,3729.0
759.0,593,1265,1352.0
760.0,591,595,1351.0
760.0,590,219,1350.0
761.0,593,2225,1354.0
778.0,14,8145,792.0
780.0,1395,7463,2175.0
780.0,575,2733,1355.0
780.0,1022,1629,1802.0
782.0,745,5939,1527.0
782.0,12,9761,794.0
783.0,783,2416,1566.0
785.0,799,9884,1584.0
785.0,821,668,1606.0
920.0,736,43,1656.0
921.0,727,2403,1648.0
922.0,792,86,1714.0
923.0,807,51,1730.0
923.0,830,1202,1753.0
923.0,1250,1241,2173.0
924.0,869,3163,1793.0
926.0,1236,423,2162.0
1083.0,0,43,1083.0
1084.0,762,72,1846.0
1084.0,1090,73,2174.0
1085.0,1490,44,2575.0
1086.0,1157,60,2243.0
1087.0,1487,237,2574.0
1090.0,1336,46,2426.0
1090.0,1243,442,2333.0
1091.0,1336,317,2427.0
1821.0,697,50,2518.0
1822.0,698,46,2520.0
1826.0,693,50,2519.0
1828.0,1160,50,2988.0
1829.0,762,50,2591.0
1832.0,1152,56,2984.0
1834.0,806,6829,2640.0
1834.0,1151,7911,2985.0
1835.0,1152,9488,2987.0
2338.0,928,3979,3266.0
2339.0,927,3952,3266.0
2343.0,642,44,2985.0
2394.0,154,35,2548.0
2398.0,119,35,2517.0
2421.0,101,807,2522.0
3402.0,276,43,3678.0
791.0,512,1265,1303.0
792.0,512,595,1304.0
793.0,509,219,1302.0
793.0,510,2225,1303.0
954.0,346,43,1300.0
955.0,346,2403,1301.0
956.0,408,86,1364.0
957.0,406,51,1363.0
957.0,408,1202,1365.0
957.0,404,1241,1361.0
958.0,425,3163,1383.0
960.0,441,423,1401.0
962.0,427,8145,1389.0
963.0,438,7463,1401.0
964.0,465,2733,1429.0
964.0,475,1629,1439.0
966.0,445,5939,1411.0
966.0,18,9761,984.0
967.0,745,2416,1712.0
969.0,457,9884,1426.0
969.0,499,668,1468.0
1292.0,0,43,1292.0
1293.0,169,72,1462.0
1293.0,176,73,1469.0
1293.0,176,44,1469.0
1294.0,183,60,1477.0
1295.0,208,237,1503.0
1297.0,215,46,1512.0
1298.0,252,442,1550.0
1298.0,250,317,1548.0
1480.0,912,44,2392.0
1485.0,77,50,1562.0
1485.0,158,46,1643.0
1490.0,167,50,1657.0
1491.0,168,50,1659.0
1493.0,168,50,1661.0
1496.0,163,56,1659.0
1498.0,204,6829,1702.0
1498.0,209,7911,1707.0
1499.0,209,9488,1708.0
1824.0,673,3979,2497.0
1825.0,674,3952,2499.0
1830.0,909,44,2739.0
1880.0,616,35,2496.0
1884.0,612,35,2496.0
3369.0,270,43,3639.0
1414.0,672,1265,2086.0
1415.0,673,595,2088.0
1416.0,672,219,2088.0
1416.0,668,2225,2084.0
1583.0,500,43,2083.0
1584.0,501,2403,2085.0
1585.0,576,86,2161.0
1585.0,575,51,2160.0
1586.0,573,1202,2159.0
1586.0,571,1241,2157.0
1586.0,586,3163,2172.0
1588.0,710,423,2298.0
1590.0,574,8145,2164.0
1592.0,588,7463,2180.0
1593.0,634,2733,2227.0
1593.0,621,1629,2214.0
1595.0,611,5939,2206.0
1595.0,20,9761,1615.0
1596.0,650,2416,2246.0
1598.0,622,9884,2220.0
1598.0,667,668,2265.0
1764.0,0,43,1764.0
1764.0,501,72,2265.0
1765.0,491,73,2256.0
1765.0,495,44,2260.0
1766.0,520,60,2286.0
1767.0,646,237,2413.0
1770.0,619,46,2389.0
1771.0,619,442,2390.0
1772.0,619,317,2391.0
2480.0,606,50,3086.0
2481.0,603,46,3084.0
2486.0,600,50,3086.0
2487.0,63,50,2550.0
2488.0,594,50,3082.0
2491.0,593,56,3084.0
2493.0,670,6829,3163.0
2494.0,925,7911,3419.0
2494.0,679,9488,3173.0
3253.0,174,3979,3427.0
3254.0,181,3952,3435.0
3259.0,734,44,3993.0
3305.0,148,35,3453.0
3309.0,141,35,3450.0
3336.0,98,807,3434.0
4456.0,309,43,4765.0
886.0,511,1265,1397.0
887.0,509,595,1396.0
888.0,510,219,1398.0
888.0,520,2225,1408.0
1054.0,343,43,1397.0
1055.0,344,2403,1399.0
1056.0,432,86,1488.0
1056.0,436,51,1492.0
1057.0,413,1202,1470.0
1057.0,404,1241,1461.0
1057.0,433,3163,1490.0
1059.0,446,423,1505.0
1062.0,445,8145,1507.0
1063.0,452,7463,1515.0
1063.0,497,2733,1560.0
1064.0,490,1629,1554.0
1066.0,458,5939,1524.0
1066.0,25,9761,1091.0
1067.0,499,2416,1566.0
1069.0,474,9884,1543.0
1069.0,502,668,1571.0
1400.0,0,43,1400.0
1400.0,175,72,1575.0
1400.0,176,73,1576.0
1401.0,187,44,1588.0
1402.0,187,60,1589.0
1402.0,195,237,1597.0
1405.0,208,46,1613.0
1405.0,208,442,1613.0
1406.0,1023,317,2429.0
2786.0,72,50,2858.0
2787.0,105,46,2892.0
2791.0,69,50,2860.0
2793.0,100,50,2893.0
2794.0,65,50,2859.0
2797.0,62,56,2859.0
2799.0,119,6829,2918.0
2799.0,120,7911,2919.0
2800.0,120,9488,2920.0
3050.0,1176,3979,4226.0
3050.0,1179,3952,4229.0
3055.0,1340,44,4395.0
3099.0,1130,35,4229.0
3103.0,1128,35,4231.0
4463.0,280,43,4743.0
762.0,690,1265,1452.0
763.0,693,595,1456.0
763.0,692,219,1455.0
764.0,690,2225,1454.0
817.0,19,8145,836.0
818.0,30,7463,848.0
818.0,634,2733,1452.0
819.0,638,1629,1457.0
820.0,723,5939,1543.0
821.0,16,9761,837.0
821.0,759,2416,1580.0
823.0,735,9884,1558.0
823.0,768,668,1591.0
936.0,645,43,1581.0
938.0,656,2403,1594.0
939.0,654,86,1593.0
939.0,682,51,1621.0
940.0,680,1202,1620.0
940.0,685,1241,1625.0
940.0,687,3163,1627.0
943.0,685,423,1628.0
1102.0,0,43,1102.0
1102.0,527,72,1629.0
1103.0,547,73,1650.0
1103.0,555,44,1658.0
1104.0,559,60,1663.0
1105.0,555,237,1660.0
1108.0,553,46,1661.0
1108.0,561,442,1669.0
1109.0,578,317,1687.0
1888.0,541,50,2429.0
1888.0,536,46,2424.0
1893.0,541,50,2434.0
1894.0,531,50,2425.0
1896.0,547,50,2443.0
1899.0,531,56,2430.0
1900.0,631,6829,2531.0
1901.0,629,7911,2530.0
1901.0,614,9488,2515.0
2655.0,711,807,3366.0
2663.0,698,3979,3361.0
2664.0,701,3952,3365.0
2669.0,697,44,3366.0
2713.0,650,35,3363.0
2717.0,645,35,3362.0
3808.0,305,43,4113.0
767.0,716,1265,1483.0
768.0,719,595,1487.0
768.0,715,219,1483.0
769.0,717,2225,1486.0
782.0,14,8145,796.0
785.0,39,7463,824.0
785.0,697,2733,1482.0
786.0,702,1629,1488.0
787.0,789,5939,1576.0
788.0,13,9761,801.0
788.0,826,2416,1614.0
790.0,796,9884,1586.0
790.0,834,668,1624.0
958.0,668,43,1626.0
959.0,663,2403,1622.0
961.0,664,86,1625.0
962.0,686,51,1648.0
962.0,696,1202,1658.0
963.0,701,1241,1664.0
963.0,702,3163,1665.0
965.0,699,423,1664.0
1122.0,0,43,1122.0
1123.0,543,72,1666.0
1123.0,559,73,1682.0
1124.0,568,237,1692.0
1125.0,584,44,1709.0
1126.0,582,60,1708.0
1129.0,581,46,1710.0
1129.0,580,442,1709.0
1130.0,593,317,1723.0
1868.0,71,50,1939.0
1869.0,70,46,1939.0
1874.0,66,50,1940.0
1876.0,61,50,1937.0
1877.0,63,50,1940.0
1880.0,57,56,1937.0
1882.0,135,6829,2017.0
1882.0,133,7911,2015.0
1883.0,136,9488,2019.0
2754.0,210,3979,2964.0
2755.0,146,3952,2901.0
2761.0,858,44,3619.0
2805.0,157,35,2962.0
2809.0,156,35,2965.0
4057.0,278,43,4335.0
761.0,715,1265,1476.0
762.0,713,595,1475.0
763.0,712,219,1475.0
764.0,709,2225,1473.0
789.0,11,8145,800.0
791.0,33,7463,824.0
791.0,682,2733,1473.0
792.0,682,1629,1474.0
793.0,758,5939,1551.0
794.0,7,9761,801.0
794.0,762,2416,1556.0
796.0,783,9884,1579.0
796.0,845,668,1641.0
938.0,702,43,1640.0
940.0,703,2403,1643.0
941.0,706,86,1647.0
941.0,703,51,1644.0
942.0,753,1202,1695.0
942.0,743,1241,1685.0
943.0,744,3163,1687.0
945.0,742,423,1687.0
1108.0,0,43,1108.0
1108.0,581,72,1689.0
1109.0,582,73,1691.0
1109.0,622,237,1731.0
1111.0,624,44,1735.0
1112.0,622,60,1734.0
1114.0,619,46,1733.0
1115.0,618,442,1733.0
1115.0,617,317,1732.0
1915.0,77,50,1992.0
1916.0,77,46,1993.0
1921.0,71,50,1992.0
1922.0,73,50,1995.0
1924.0,70,50,1994.0
1927.0,68,56,1995.0
1928.0,607,6829,2535.0
1929.0,607,7911,2536.0
1930.0,619,9488,2549.0
2784.0,766,3979,3550.0
2784.0,763,3952,3547.0
2790.0,757,44,3547.0
2833.0,717,35,3550.0
2837.0,714,35,3551.0
3992.0,285,43,4277.0
990.0,410,1265,1400.0
991.0,410,595,1401.0
991.0,407,219,1398.0
992.0,406,2225,1398.0
1258.0,132,43,1390.0
1260.0,136,2403,1396.0
1261.0,190,86,1451.0
1261.0,190,51,1451.0
1262.0,188,1202,1450.0
1262.0,191,1241,1453.0
1262.0,190,3163,1452.0
1264.0,204,423,1468.0
1267.0,191,8145,1458.0
1269.0,206,7463,1475.0
1269.0,274,2733,1543.0
1269.0,274,1629,1543.0
1271.0,214,5939,1485.0
1272.0,18,9761,1290.0
1272.0,264,2416,1536.0
1274.0,224,9884,1498.0
1275.0,272,668,1547.0
1427.0,0,43,1427.0
1428.0,117,72,1545.0
1428.0,118,73,1546.0
1429.0,147,237,1576.0
1430.0,162,44,1592.0
1431.0,154,60,1585.0
1433.0,158,46,1591.0
1433.0,156,442,1589.0
1434.0,152,317,1586.0
2446.0,115,50,2561.0
2447.0,92,46,2539.0
2451.0,82,50,2533.0
2452.0,80,50,2532.0
2454.0,77,50,2531.0
2457.0,77,56,2534.0
2458.0,170,6829,2628.0
2459.0,168,7911,2627.0
2460.0,180,9488,2640.0
2853.0,762,3979,3615.0
2854.0,760,3952,3614.0
2858.0,757,44,3615.0
2902.0,712,35,3614.0
2906.0,710,35,3616.0
4207.0,267,43,4474.0
1531.0,735,1265,2266.0
1532.0,731,595,2263.0
1533.0,731,219,2264.0
1533.0,728,2225,2261.0
1536.0,30,8145,1566.0
1537.0,42,7463,1579.0
1538.0,727,2733,2265.0
1538.0,729,1629,2267.0
1540.0,739,5939,2279.0
1540.0,26,9761,1566.0
1541.0,777,2416,2318.0
1544.0,751,9884,2295.0
1544.0,782,668,2326.0
1721.0,606,43,2327.0
1722.0,611,2403,2333.0
1723.0,614,86,2337.0
1724.0,625,51,2349.0
1725.0,679,1202,2404.0
1725.0,681,1241,2406.0
1725.0,679,3163,2404.0
1728.0,675,423,2403.0
2060.0,0,43,2060.0
2061.0,368,72,2429.0
2061.0,375,73,2436.0
2062.0,388,237,2450.0
2063.0,388,44,2451.0
2063.0,386,60,2449.0
2065.0,384,46,2449.0
2066.0,393,442,2459.0
2067.0,398,317,2465.0
2624.0,641,50,3265.0
2625.0,635,46,3260.0
2630.0,638,50,3268.0
2631.0,641,50,3272.0
2632.0,632,50,3264.0
2635.0,633,56,3268.0
2637.0,705,6829,3342.0
2638.0,704,7911,3342.0
2638.0,705,9488,3343.0
4052.0,183,3979,4235.0
4053.0,182,3952,4235.0
4058.0,812,44,4870.0
4102.0,133,35,4235.0
4106.0,130,35,4236.0
5336.0,271,43,5607.0
1277.0,438,1265,1715.0
1278.0,431,595,1709.0
1279.0,433,219,1712.0
1279.0,433,2225,1712.0
1282.0,48,8145,1330.0
1283.0,78,7461,1361.0
1284.0,427,2733,1711.0
1284.0,432,1629,1716.0
1286.0,443,5939,1729.0
1286.0,44,9761,1330.0
1287.0,473,2416,1760.0
1289.0,455,9884,1744.0
1289.0,494,668,1783.0
1467.0,315,43,1782.0
1468.0,308,2403,1776.0
1469.0,312,86,1781.0
1470.0,322,51,1792.0
1470.0,906,1202,2376.0
1471.0,909,1241,2380.0
1471.0,908,3163,2379.0
1473.0,905,423,2378.0
1631.0,0,43,1631.0
1631.0,749,72,2380.0
1632.0,745,73,2377.0
1633.0,1334,237,2967.0
1634.0,1334,44,2968.0
1635.0,1334,60,2969.0
1637.0,1327,46,2964.0
1638.0,1328,442,2966.0
1638.0,1329,317,2967.0
2386.0,1240,50,3626.0
2386.0,1242,46,3628.0
2391.0,1236,50,3627.0
2392.0,1238,50,3630.0
2393.0,1234,50,3627.0
2396.0,1640,56,4036.0
2398.0,1641,6829,4039.0
2398.0,1641,7911,4039.0
2399.0,1641,9488,4040.0
2809.0,1310,3979,4119.0
2810.0,1303,3952,4113.0
2814.0,813,44,3627.0
2861.0,104,35,2965.0
2865.0,100,35,2965.0
4207.0,279,43,4486.0
756.0,754,1265,1510.0
757.0,749,595,1506.0
757.0,751,219,1508.0
758.0,750,2225,1508.0
909.0,25,8145,934.0
910.0,48,7461,958.0
911.0,599,2733,1510.0
911.0,596,1629,1507.0
914.0,662,5939,1576.0
914.0,22,9761,936.0
914.0,1664,2416,2578.0
917.0,696,9884,1613.0
917.0,1662,668,2579.0
920.0,1657,43,2577.0
921.0,1653,2403,2574.0
922.0,1653,86,2575.0
923.0,1703,51,2626.0
923.0,1706,1202,2629.0
924.0,1704,1241,2628.0
924.0,1705,3163,2629.0
926.0,1701,423,2627.0
1084.0,0,43,1084.0
1085.0,1537,72,2622.0
1086.0,1568,73,2654.0
1086.0,1580,237,2666.0
1088.0,1581,44,2669.0
1088.0,1582,60,2670.0
1091.0,1580,46,2671.0
1091.0,1580,442,2671.0
1092.0,1605,317,2697.0
2901.0,125,50,3026.0
2902.0,125,46,3027.0
2906.0,119,50,3025.0
2908.0,116,50,3024.0
2909.0,118,50,3027.0
2912.0,116,56,3028.0
2914.0,190,6829,3104.0
2914.0,191,7911,3105.0
2915.0,189,9488,3104.0
3611.0,800,3979,4411.0
3611.0,795,3952,4406.0
3615.0,791,44,4406.0
3660.0,750,35,4410.0
3664.0,746,35,4410.0
4853.0,328,43,5181.0
758.0,768,1265,1526.0
759.0,764,595,1523.0
759.0,762,219,1521.0
760.0,764,2225,1524.0
850.0,21,8145,871.0
851.0,32,7461,883.0
851.0,676,2733,1527.0
852.0,672,1629,1524.0
853.0,752,5939,1605.0
854.0,17,9761,871.0
854.0,794,2416,1648.0
856.0,773,9884,1629.0
856.0,811,668,1667.0
935.0,925,43,1860.0
936.0,764,2403,1700.0
937.0,735,86,1672.0
938.0,747,51,1685.0
938.0,775,1202,1713.0
939.0,766,1241,1705.0
939.0,783,3163,1722.0
942.0,818,423,1760.0
1102.0,0,43,1102.0
1102.0,661,72,1763.0
1103.0,633,73,1736.0
1104.0,665,237,1769.0
1105.0,645,44,1750.0
1106.0,661,60,1767.0
1108.0,711,46,1819.0
1109.0,682,442,1791.0
1110.0,685,317,1795.0
1899.0,116,50,2015.0
1899.0,123,46,2022.0
1904.0,108,50,2012.0
1905.0,94,50,1999.0
1907.0,110,50,2017.0
1910.0,94,56,2004.0
1911.0,131,6829,2042.0
1912.0,152,7911,2064.0
1913.0,148,9488,2061.0
2815.0,1252,3979,4067.0
2816.0,208,3952,3024.0
2820.0,1494,44,4314.0
2864.0,158,35,3022.0
2868.0,1201,35,4069.0
4343.0,402,43,4745.0
765.0,772,1265,1537.0
766.0,772,595,1538.0
767.0,770,219,1537.0
767.0,772,2225,1539.0
805.0,23,8145,828.0
807.0,34,7461,841.0
807.0,734,2733,1541.0
807.0,735,1629,1542.0
809.0,806,5939,1615.0
810.0,18,9761,828.0
810.0,857,2416,1667.0
812.0,832,9884,1644.0
813.0,867,668,1680.0
931.0,750,43,1681.0
932.0,756,2403,1688.0
933.0,759,86,1692.0
934.0,764,51,1698.0
935.0,771,1202,1706.0
935.0,779,1241,1714.0
935.0,782,3163,1717.0
937.0,786,423,1723.0
1099.0,0,43,1099.0
1099.0,626,72,1725.0
1100.0,626,73,1726.0
1100.0,635,44,1735.0
1101.0,647,60,1748.0
1103.0,646,237,1749.0
1105.0,661,46,1766.0
1106.0,660,442,1766.0
1107.0,659,317,1766.0
1996.0,600,50,2596.0
1996.0,629,46,2625.0
2001.0,626,50,2627.0
2003.0,594,50,2597.0
2004.0,623,50,2627.0
2008.0,589,56,2597.0
2010.0,740,6829,2750.0
2010.0,744,7911,2754.0
2011.0,741,9488,2752.0
2855.0,35,807,2890.0
2911.0,162,3979,3073.0
2912.0,161,3952,3073.0
2917.0,823,44,3740.0
2960.0,779,35,3739.0
2964.0,775,35,3739.0
4344.0,279,43,4623.0
1575.0,414,1265,1989.0
1576.0,415,595,1991.0
1577.0,414,219,1991.0
1577.0,411,2225,1988.0
1844.0,148,43,1992.0
1845.0,152,2403,1997.0
1846.0,312,86,2158.0
1847.0,310,51,2157.0
1847.0,307,1202,2154.0
1848.0,308,1241,2156.0
1849.0,313,3163,2162.0
1851.0,372,423,2223.0
1854.0,313,8145,2167.0
1856.0,319,7461,2175.0
1856.0,370,2733,2226.0
1856.0,370,1629,2226.0
1857.0,328,9976,2185.0
1857.0,332,3641,2189.0
1859.0,336,5939,2195.0
1859.0,22,9761,1881.0
1859.0,384,2416,2243.0
1862.0,371,9884,2233.0
1862.0,412,668,2274.0
2023.0,0,43,2023.0
2023.0,239,72,2262.0
2024.0,251,73,2275.0
2024.0,252,44,2276.0
2025.0,220,145,2245.0
2025.0,222,1589,2247.0
2026.0,290,60,2316.0
2026.0,298,237,2324.0
2029.0,312,46,2341.0
2029.0,310,442,2339.0
2030.0,311,317,2341.0
3232.0,88,50,3320.0
3233.0,90,46,3323.0
3237.0,85,50,3322.0
3238.0,82,50,3320.0
3240.0,82,50,3322.0
3243.0,164,56,3407.0
3244.0,164,6829,3408.0
3245.0,160,7911,3405.0
3245.0,161,9488,3406.0
3646.0,162,3979,3808.0
3647.0,165,3952,3812.0
3653.0,938,44,4591.0
3696.0,115,35,3811.0
3700.0,111,35,3811.0
5342.0,268,43,5610.0
946.0,600,1265,1546.0
947.0,601,595,1548.0
947.0,601,219,1548.0
948.0,599,2225,1547.0
1121.0,428,43,1549.0
1122.0,423,2403,1545.0
1123.0,511,86,1634.0
1124.0,517,51,1641.0
1124.0,516,1202,1640.0
1125.0,522,1241,1647.0
1125.0,520,3163,1645.0
1128.0,548,423,1676.0
1130.0,509,8145,1639.0
1132.0,534,7461,1666.0
1132.0,556,2733,1688.0
1133.0,557,1629,1690.0
1133.0,538,9976,1671.0
1133.0,572,3641,1705.0
1134.0,546,5939,1680.0
1135.0,29,9761,1164.0
1135.0,583,2416,1718.0
1137.0,566,9884,1703.0
1138.0,601,668,1739.0
1533.0,0,43,1533.0
1534.0,210,72,1744.0
1534.0,211,73,1745.0
1535.0,208,44,1743.0
1536.0,209,145,1745.0
1536.0,220,1589,1756.0
1538.0,244,60,1782.0
1539.0,250,237,1789.0
1542.0,248,46,1790.0
1542.0,248,442,1790.0
1543.0,250,317,1793.0
2801.0,145,50,2946.0
2802.0,165,46,2967.0
2806.0,137,50,2943.0
2808.0,160,50,2968.0
2809.0,136,50,2945.0
2812.0,156,56,2968.0
2814.0,332,6829,3146.0
2815.0,325,7911,3140.0
2816.0,328,9488,3144.0
3297.0,1053,3979,4350.0
3298.0,1054,3952,4352.0
3304.0,1048,44,4352.0
3348.0,1001,35,4349.0
3351.0,998,35,4349.0
5039.0,602,43,5641.0
924.0,720,1265,1644.0
925.0,722,595,1647.0
926.0,723,219,1649.0
926.0,720,2225,1646.0
931.0,37,8145,968.0
933.0,49,7461,982.0
933.0,714,2733,1647.0
933.0,712,1629,1645.0
934.0,790,9976,1724.0
934.0,807,3641,1741.0
935.0,812,5939,1747.0
936.0,32,9761,968.0
936.0,887,2416,1823.0
942.0,844,9884,1786.0
942.0,1071,668,2013.0
1085.0,751,43,1836.0
1086.0,927,2403,2013.0
1087.0,929,86,2016.0
1087.0,1111,51,2198.0
1088.0,1142,1202,2230.0
1088.0,1143,1241,2231.0
1088.0,1142,3163,2230.0
1090.0,1142,423,2232.0
1649.0,0,43,1649.0
1649.0,1229,72,2878.0
1650.0,1231,73,2881.0
1650.0,1229,44,2879.0
1651.0,1231,145,2882.0
1651.0,1229,1589,2880.0
1652.0,1283,60,2935.0
1652.0,1354,237,3006.0
1654.0,1351,46,3005.0
1655.0,1351,442,3006.0
1656.0,1282,317,2938.0
2170.0,838,50,3008.0
2170.0,964,46,3134.0
2175.0,964,50,3139.0
2176.0,884,50,3060.0
2178.0,958,50,3136.0
2181.0,972,56,3153.0
2182.0,1053,6829,3235.0
2183.0,1045,7911,3228.0
2183.0,1050,9488,3233.0
3063.0,238,3979,3301.0
3063.0,321,3952,3384.0
3068.0,1292,44,4360.0
3112.0,115,35,3227.0
3115.0,111,35,3226.0
5436.0,324,43,5760.0
799.0,928,1265,1727.0
800.0,401,595,1201.0
800.0,400,219,1200.0
801.0,402,2225,1203.0
837.0,27,8145,864.0
838.0,36,7461,874.0
838.0,364,2733,1202.0
838.0,887,2253,1725.0
839.0,963,1931,1802.0
839.0,892,9976,1731.0
839.0,906,3641,1745.0
840.0,964,5939,1804.0
841.0,21,9761,862.0
841.0,982,2416,1823.0
843.0,996,9884,1839.0
844.0,1034,668,1878.0
964.0,910,43,1874.0
965.0,914,2403,1879.0
966.0,907,86,1873.0
967.0,913,51,1880.0
968.0,946,1202,1914.0
968.0,953,1241,1921.0
968.0,949,3163,1917.0
971.0,947,423,1918.0
1131.0,0,43,1131.0
1131.0,788,72,1919.0
1132.0,787,73,1919.0
1133.0,821,44,1954.0
1134.0,826,145,1960.0
1134.0,833,1589,1967.0
1135.0,830,60,1965.0
1136.0,833,237,1969.0
1139.0,829,46,1968.0
1139.0,843,442,1982.0
1140.0,851,317,1991.0
2164.0,64,50,2228.0
2164.0,66,46,2230.0
2169.0,59,50,2228.0
2170.0,61,50,2231.0
2172.0,58,50,2230.0
2175.0,54,56,2229.0
2176.0,926,6829,3102.0
2177.0,926,7911,3103.0
2178.0,936,9488,3114.0
3266.0,208,3979,3474.0
3266.0,208,3952,3474.0
3271.0,1298,44,4569.0
3316.0,162,35,3478.0
3320.0,158,35,3478.0
3406.0,71,807,3477.0
5239.0,278,43,5517.0
862.0,610,1265,1472.0
863.0,611,595,1474.0
864.0,607,219,1471.0
864.0,611,2225,1475.0
1044.0,429,43,1473.0
1045.0,427,2403,1472.0
1046.0,486,86,1532.0
1047.0,507,51,1554.0
1048.0,505,1202,1553.0
1048.0,505,1241,1553.0
1048.0,484,3163,1532.0
1051.0,517,423,1568.0
1054.0,508,8145,1562.0
1055.0,514,7461,1569.0
1055.0,560,2733,1615.0
1056.0,514,2253,1570.0
1056.0,557,1931,1613.0
1056.0,516,9976,1572.0
1056.0,560,3641,1616.0
1058.0,527,5939,1585.0
1058.0,29,9761,1087.0
1059.0,561,2416,1620.0
1061.0,570,9884,1631.0
1061.0,609,668,1670.0
1475.0,0,43,1475.0
1476.0,196,72,1672.0
1476.0,195,73,1671.0
1478.0,198,44,1676.0
1478.0,194,145,1672.0
1479.0,233,1589,1712.0
1479.0,231,60,1710.0
1480.0,231,237,1711.0
1482.0,227,46,1709.0
1483.0,234,442,1717.0
1483.0,257,317,1740.0
1993.0,769,50,2762.0
1993.0,745,46,2738.0
1998.0,763,50,2761.0
1999.0,764,50,2763.0
2001.0,762,50,2763.0
2004.0,833,56,2837.0
2005.0,862,6829,2867.0
2006.0,862,7911,2868.0
2006.0,860,9488,2866.0
3085.0,1009,3979,4094.0
3086.0,1001,3952,4087.0
3090.0,997,44,4087.0
3135.0,955,35,4090.0
3138.0,954,35,4092.0
4699.0,269,43,4968.0
895.0,634,1265,1529.0
897.0,630,595,1527.0
897.0,629,219,1526.0
897.0,628,2225,1525.0
1074.0,454,43,1528.0
1075.0,452,2403,1527.0
1077.0,537,86,1614.0
1078.0,544,51,1622.0
1078.0,539,1202,1617.0
1080.0,541,1241,1621.0
1080.0,535,3163,1615.0
1082.0,572,423,1654.0
1086.0,550,8145,1636.0
1088.0,566,7461,1654.0
1088.0,584,2733,1672.0
1088.0,567,2253,1655.0
1088.0,614,1931,1702.0
1089.0,572,9976,1661.0
1089.0,613,3641,1702.0
1090.0,578,5939,1668.0
1091.0,32,9761,1123.0
1091.0,619,2416,1710.0
1093.0,593,9884,1686.0
1094.0,626,668,1720.0
1530.0,0,43,1530.0
1530.0,191,72,1721.0
1530.0,190,73,1720.0
1531.0,210,44,1741.0
1531.0,210,145,1741.0
1532.0,224,1589,1756.0
1532.0,229,60,1761.0
1533.0,225,237,1758.0
1535.0,223,46,1758.0
1536.0,239,442,1775.0
1536.0,239,317,1775.0
2057.0,889,50,2946.0
2058.0,864,46,2922.0
2063.0,857,50,2920.0
2064.0,857,50,2921.0
2066.0,880,50,2946.0
2069.0,854,56,2923.0
2070.0,945,6829,3015.0
2071.0,941,7911,3012.0
2071.0,940,9488,3011.0
3197.0,224,3979,3421.0
3198.0,176,3952,3374.0
3202.0,1172,44,4374.0
3245.0,175,35,3420.0
3249.0,117,35,3366.0
5160.0,1226,43,6386.0
881.0,713,1265,1594.0
882.0,698,595,1580.0
882.0,712,219,1594.0
883.0,713,2225,1596.0
1054.0,526,43,1580.0
1055.0,527,2403,1582.0
1056.0,635,86,1691.0
1057.0,636,51,1693.0
1057.0,629,1202,1686.0
1058.0,639,1241,1697.0
1058.0,637,3163,1695.0
1061.0,658,423,1719.0
1064.0,635,8145,1699.0
1065.0,645,7461,1710.0
1065.0,689,2733,1754.0
1066.0,654,2253,1720.0
1066.0,687,1931,1753.0
1066.0,654,9976,1720.0
1066.0,694,3641,1760.0
1068.0,667,5939,1735.0
1068.0,30,9761,1098.0
1069.0,1874,2416,2943.0
1071.0,681,9884,1752.0
1071.0,729,668,1800.0
1582.0,0,43,1582.0
1583.0,215,72,1798.0
1583.0,216,73,1799.0
1584.0,222,44,1806.0
1584.0,221,145,1805.0
1585.0,267,1589,1852.0
1586.0,284,60,1870.0
1587.0,278,237,1865.0
1590.0,277,46,1867.0
1591.0,276,442,1867.0
1591.0,293,317,1884.0
2923.0,106,50,3029.0
2924.0,106,46,3030.0
2928.0,102,50,3030.0
2930.0,98,50,3028.0
2931.0,100,50,3031.0
2934.0,286,56,3220.0
2936.0,282,6829,3218.0
2937.0,285,7911,3222.0
2937.0,289,9488,3226.0
3633.0,819,3979,4452.0
3633.0,819,3952,4452.0
3640.0,2151,44,5791.0
3684.0,637,35,4321.0
3687.0,633,35,4320.0
5934.0,387,43,6321.0
781.0,396,1265,1177.0
782.0,394,595,1176.0
782.0,395,219,1177.0
783.0,396,2225,1179.0
873.0,29,8145,902.0
875.0,38,7461,913.0
875.0,298,2733,1173.0
876.0,40,2253,916.0
876.0,295,1931,1171.0
877.0,298,9976,1175.0
877.0,332,3641,1209.0
879.0,309,5939,1188.0
880.0,22,9761,902.0
880.0,339,2416,1219.0
882.0,328,9884,1210.0
883.0,1235,668,2118.0
949.0,1164,43,2113.0
950.0,1166,2403,2116.0
951.0,1162,86,2113.0
952.0,1165,51,2117.0
953.0,1232,1202,2185.0
953.0,1226,1241,2179.0
954.0,1229,3163,2183.0
957.0,1229,423,2186.0
1121.0,0,43,1121.0
1121.0,1066,72,2187.0
1122.0,1133,73,2255.0
1122.0,1135,44,2257.0
1123.0,1133,145,2256.0
1124.0,1137,1589,2261.0
1124.0,1134,60,2258.0
1125.0,1135,237,2260.0
1128.0,1204,46,2332.0
1129.0,1201,442,2330.0
1130.0,1201,317,2331.0
2612.0,108,50,2720.0
2613.0,64,46,2677.0
2617.0,65,50,2682.0
2619.0,60,50,2679.0
2620.0,57,50,2677.0
2623.0,55,56,2678.0
2625.0,129,6829,2754.0
2625.0,126,7911,2751.0
2626.0,125,9488,2751.0
3610.0,204,3979,3814.0
3611.0,201,3952,3812.0
3615.0,1304,44,4919.0
3658.0,153,35,3811.0
3661.0,153,35,3814.0
5518.0,1289,43,6807.0
1401.0,440,1265,1841.0
1402.0,439,595,1841.0
1403.0,440,219,1843.0
1403.0,439,2225,1842.0
1407.0,56,8145,1463.0
1408.0,96,7461,1504.0
1408.0,427,2733,1835.0
1409.0,102,2253,1511.0
1409.0,423,1931,1832.0
1409.0,425,9976,1834.0
1409.0,462,3641,1871.0
1411.0,442,5939,1853.0
1411.0,52,9761,1463.0
1412.0,477,2416,1889.0
1414.0,464,9884,1878.0
1414.0,487,668,1901.0
1593.0,318,43,1911.0
1595.0,314,2403,1909.0
1596.0,315,86,1911.0
1596.0,326,51,1922.0
1597.0,339,1202,1936.0
1597.0,342,1241,1939.0
1598.0,1232,3163,2830.0
1600.0,1231,423,2831.0
1761.0,0,43,1761.0
1762.0,1067,72,2829.0
1762.0,1068,73,2830.0
1763.0,1188,44,2951.0
1764.0,1307,145,3071.0
1764.0,1301,1589,3065.0
1765.0,1314,60,3079.0
1766.0,1313,237,3079.0
1769.0,1299,46,3068.0
1769.0,1312,442,3081.0
1770.0,1343,317,3113.0
3743.0,107,50,3850.0
3745.0,104,46,3849.0
3749.0,121,50,3870.0
3751.0,87,50,3838.0
3752.0,98,50,3850.0
3755.0,114,56,3869.0
3757.0,250,6829,4007.0
3757.0,250,7911,4007.0
3758.0,248,9488,4006.0
4141.0,1853,3979,5994.0
4142.0,1850,3952,5992.0
4146.0,1847,44,5993.0
4190.0,1807,35,5997.0
4193.0,1804,35,5997.0
6234.0,339,43,6573.0
794.0,400,1265,1194.0
795.0,402,595,1197.0
796.0,406,219,1202.0
796.0,399,2225,1195.0
891.0,27,8544,918.0
893.0,37,2253,930.0
893.0,300,1931,1193.0
893.0,40,7440,933.0
894.0,42,9976,936.0
894.0,302,3641,1196.0
897.0,23,9761,920.0
897.0,1148,2416,2045.0
900.0,329,9884,1229.0
900.0,1149,668,2049.0
963.0,1084,43,2047.0
964.0,1081,2403,2045.0
965.0,1081,86,2046.0
966.0,1154,51,2120.0
967.0,1149,1202,2116.0
967.0,1154,1241,2121.0
967.0,1157,3163,2124.0
970.0,1140,423,2110.0
1127.0,0,43,1127.0
1128.0,994,72,2122.0
1128.0,1072,73,2200.0
1128.0,1073,44,2201.0
1129.0,1069,145,2198.0
1130.0,1070,1589,2200.0
1131.0,1072,60,2203.0
1131.0,1066,237,2197.0
1134.0,1130,46,2264.0
1134.0,1169,442,2303.0
1135.0,1126,317,2261.0
2476.0,73,50,2549.0
2477.0,69,46,2546.0
2481.0,64,50,2545.0
2483.0,66,50,2549.0
2484.0,63,50,2547.0
2487.0,61,56,2548.0
2489.0,101,6829,2590.0
2490.0,104,7911,2594.0
2490.0,101,9488,2591.0
2744.0,1019,3979,3763.0
2745.0,1017,3952,3762.0
2749.0,2240,44,4989.0
2795.0,974,35,3769.0
2799.0,970,35,3769.0
5363.0,3729,43,9092.0
826.0,425,1265,1251.0
827.0,423,595,1250.0
827.0,422,219,1249.0
828.0,421,2225,1249.0
830.0,45,8544,875.0
832.0,55,2253,887.0
832.0,414,1931,1246.0
832.0,58,7440,890.0
833.0,60,9976,893.0
833.0,415,3641,1248.0
835.0,39,9761,874.0
835.0,1059,2416,1894.0
837.0,1088,9884,1925.0
837.0,1104,668,1941.0
1017.0,946,43,1963.0
1019.0,948,2403,1967.0
1020.0,942,86,1962.0
1021.0,955,51,1976.0
1021.0,954,1202,1975.0
1022.0,981,1241,2003.0
1022.0,982,3163,2004.0
1025.0,979,423,2004.0
1184.0,0,43,1184.0
1185.0,829,72,2014.0
1185.0,825,73,2010.0
1186.0,824,44,2010.0
1187.0,849,145,2036.0
1187.0,860,1589,2047.0
1188.0,858,60,2046.0
1189.0,860,237,2049.0
1192.0,856,46,2048.0
1192.0,861,442,2053.0
1193.0,885,317,2078.0
2219.0,78,50,2297.0
2220.0,73,46,2293.0
2225.0,70,50,2295.0
2227.0,70,50,2297.0
2228.0,66,50,2294.0
2231.0,62,56,2293.0
2233.0,96,6829,2329.0
2234.0,100,7911,2334.0
2235.0,96,9488,2331.0
3457.0,159,3979,3616.0
3458.0,152,3952,3610.0
3462.0,1445,44,4907.0
3506.0,116,35,3622.0
3510.0,112,35,3622.0
3540.0,174,807,3714.0
5468.0,265,43,5733.0
926.0,840,1265,1766.0
927.0,842,595,1769.0
927.0,842,219,1769.0
928.0,843,2225,1771.0
931.0,39,8544,970.0
932.0,52,2253,984.0
932.0,835,1931,1767.0
932.0,54,7440,986.0
933.0,57,9976,990.0
933.0,837,3641,1770.0
935.0,33,9761,968.0
936.0,970,2416,1906.0
938.0,977,9884,1915.0
938.0,1001,668,1939.0
1114.0,840,43,1954.0
1116.0,840,2403,1956.0
1117.0,830,86,1947.0
1118.0,835,51,1953.0
1118.0,851,1202,1969.0
1119.0,861,1241,1980.0
1119.0,874,3163,1993.0
1123.0,871,423,1994.0
1757.0,0,43,1757.0
1757.0,235,72,1992.0
1758.0,238,73,1996.0
1758.0,250,44,2008.0
1759.0,255,145,2014.0
1759.0,275,1589,2034.0
1760.0,271,60,2031.0
1760.0,266,237,2026.0
1763.0,271,46,2034.0
1763.0,274,442,2037.0
1764.0,281,317,2045.0
2410.0,814,50,3224.0
2410.0,815,46,3225.0
2415.0,809,50,3224.0
2416.0,832,50,3248.0
2418.0,802,50,3220.0
2421.0,805,56,3226.0
2423.0,899,6829,3322.0
2423.0,901,7911,3324.0
2424.0,897,9488,3321.0
3444.0,23,807,3467.0
3515.0,1313,3979,4828.0
3515.0,1313,3952,4828.0
3520.0,1307,44,4827.0
3564.0,1268,35,4832.0
3568.0,1260,35,4828.0
5642.0,327,43,5969.0
896.0,671,1265,1567.0
897.0,668,595,1565.0
898.0,670,219,1568.0
898.0,671,2225,1569.0
1101.0,465,43,1566.0
1102.0,466,2403,1568.0
1104.0,535,86,1639.0
1104.0,535,51,1639.0
1105.0,532,1202,1637.0
1105.0,533,1241,1638.0
1106.0,531,3163,1637.0
1108.0,571,423,1679.0
1110.0,554,8544,1664.0
1112.0,566,2253,1678.0
1112.0,585,1931,1697.0
1112.0,565,7440,1677.0
1112.0,567,9976,1679.0
1113.0,599,3641,1712.0
1114.0,30,9761,1144.0
1115.0,629,2416,1744.0
1117.0,591,9884,1708.0
1117.0,628,668,1745.0
1570.0,0,43,1570.0
1570.0,181,72,1751.0
1571.0,179,73,1750.0
1571.0,180,44,1751.0
1572.0,176,145,1748.0
1572.0,214,1589,1786.0
1573.0,216,60,1789.0
1573.0,208,237,1781.0
1576.0,206,46,1782.0
1576.0,209,442,1785.0
1577.0,216,317,1793.0
2964.0,113,50,3077.0
2965.0,89,46,3054.0
2970.0,83,50,3053.0
2972.0,105,50,3077.0
2973.0,79,50,3052.0
2977.0,75,56,3052.0
2979.0,185,6829,3164.0
2979.0,187,7911,3166.0
2980.0,186,9488,3166.0
3565.0,7,807,3572.0
3646.0,163,3979,3809.0
3647.0,165,3952,3812.0
3652.0,735,44,4387.0
3697.0,113,35,3810.0
3701.0,108,35,3809.0
5674.0,648,43,6322.0
789.0,399,1265,1188.0
790.0,405,595,1195.0
790.0,398,219,1188.0
791.0,403,2225,1194.0
864.0,27,8544,891.0
866.0,39,2253,905.0
866.0,321,1931,1187.0
866.0,42,7440,908.0
867.0,46,2611,913.0
870.0,24,9761,894.0
870.0,315,2416,1185.0
873.0,333,9884,1206.0
873.0,1290,668,2163.0
968.0,1193,43,2161.0
969.0,1192,2403,2161.0
970.0,1192,86,2162.0
971.0,1188,51,2159.0
971.0,1401,1202,2372.0
972.0,1406,1241,2378.0
972.0,1399,3163,2371.0
975.0,1400,423,2375.0
1138.0,0,43,1138.0
1138.0,1236,72,2374.0
1139.0,1238,73,2377.0
1139.0,1337,44,2476.0
1140.0,1338,145,2478.0
1140.0,1334,1589,2474.0
1141.0,1337,60,2478.0
1142.0,1336,237,2478.0
1145.0,1332,46,2477.0
1145.0,1496,442,2641.0
1146.0,1495,317,2641.0
2622.0,74,50,2696.0
2623.0,74,46,2697.0
2628.0,70,50,2698.0
2629.0,67,50,2696.0
2630.0,134,50,2764.0
2634.0,61,56,2695.0
2635.0,154,6829,2789.0
2636.0,158,7911,2794.0
2636.0,153,9488,2789.0
3720.0,168,3979,3888.0
3721.0,166,3952,3887.0
3725.0,1432,44,5157.0
3770.0,157,35,3927.0
3773.0,153,35,3926.0
824.0,1055,1265,1879.0
825.0,1053,595,1878.0
825.0,1052,219,1877.0
826.0,1053,2225,1879.0
895.0,30,8544,925.0
897.0,41,8391,938.0
897.0,42,3641,939.0
898.0,44,7440,942.0
898.0,978,1931,1876.0
899.0,983,2611,1882.0
901.0,25,9761,926.0
902.0,1101,2416,2003.0
904.0,1099,9884,2003.0
904.0,1136,668,2040.0
993.0,1065,43,2058.0
994.0,1058,2403,2052.0
995.0,1056,86,2051.0
996.0,1071,51,2067.0
997.0,1074,1202,2071.0
997.0,1096,1241,2093.0
997.0,1098,3163,2095.0
1000,1092,423,2092
1160.0,0,43,1160.0
1161.0,933,72,2094.0
1161.0,937,73,2098.0
1162.0,940,44,2102.0
1163.0,971,145,2134.0
1163.0,973,1589,2136.0
1164.0,971,60,2135.0
1165.0,979,237,2144.0
1168.0,976,46,2144.0
1168.0,977,442,2145.0
1169.0,999,317,2168.0
2371.0,116,50,2487.0
2372.0,115,46,2487.0
2377.0,91,50,2468.0
2378.0,85,50,2463.0
2380.0,82,50,2462.0
2383.0,86,56,2469.0
2384.0,944,6829,3328.0
2385.0,933,7911,3318.0
2386.0,943,9488,3329.0
3473.0,231,3979,3704.0
3473.0,228,3952,3701.0
3478.0,1430,44,4908.0
3522.0,182,35,3704.0
3526.0,175,35,3701.0
3603.0,36,807,3639.0
6400.0,331,43,6731.0
824.0,965,1265,1789.0
825.0,962,595,1787.0
825.0,966,219,1791.0
826.0,964,2225,1790.0
852.0,29,8544,881.0
852.0,31,9663,883.0
854.0,37,3964,891.0
855.0,932,1931,1787.0
855.0,42,8391,897.0
855.0,933,3641,1788.0
856.0,1007,2611,1863.0
857.0,22,9761,879.0
858.0,1051,2416,1909.0
860.0,1061,9884,1921.0
860.0,1091,668,1951.0
992.0,950,43,1942.0
994.0,957,2403,1951.0
994.0,958,86,1952.0
995.0,959,51,1954.0
996.0,981,1202,1977.0
996.0,991,1241,1987.0
997.0,993,3163,1990.0
999.0,991,423,1990.0
1158.0,0,43,1158.0
1159.0,830,72,1989.0
1160.0,833,73,1993.0
1160.0,851,44,2011.0
1161.0,865,145,2026.0
1161.0,869,1589,2030.0
1162.0,867,60,2029.0
1163.0,863,237,2026.0
1166.0,859,46,2025.0
1166.0,876,442,2042.0
1167.0,891,317,2058.0
2305.0,73,50,2378.0
2306.0,75,46,2381.0
2310.0,68,50,2378.0
2312.0,68,50,2380.0
2313.0,66,50,2379.0
2316.0,61,56,2377.0
2318.0,890,6829,3208.0
2318.0,888,7911,3206.0
2319.0,878,9488,3197.0
3371.0,232,3979,3603.0
3371.0,230,3952,3601.0
3376.0,1398,44,4774.0
3420.0,181,35,3601.0
3424.0,201,35,3625.0
6214.0,475,43,6689.0
832.0,981,1265,1813.0
833.0,984,595,1817.0
833.0,980,219,1813.0
834.0,982,2225,1816.0
842.0,43,5343,885.0
844.0,60,3964,904.0
844.0,970,1931,1814.0
844.0,64,8391,908.0
845.0,972,3641,1817.0
846.0,1050,2611,1896.0
848.0,39,9761,887.0
849.0,1101,2416,1950.0
851.0,1117,9884,1968.0
851.0,1159,668,2010.0
1004.0,999,43,2003.0
1005.0,1166,2403,2171.0
1006.0,1022,86,2028.0
1007.0,1024,51,2031.0
1008.0,1043,1202,2051.0
1008.0,1048,1241,2056.0
1008.0,1056,3163,2064.0
1011.0,1069,423,2080.0
1170.0,0,43,1170.0
1170.0,919,72,2089.0
1171.0,920,73,2091.0
1171.0,932,44,2103.0
1172.0,949,145,2121.0
1172.0,957,1589,2129.0
1173.0,952,60,2125.0
1174.0,968,237,2142.0
1177.0,995,46,2172.0
1177.0,988,442,2165.0
1178.0,989,317,2167.0
2410.0,811,50,3221.0
2411.0,812,46,3223.0
2415.0,808,50,3223.0
2417.0,809,50,3226.0
2418.0,836,50,3254.0
2421.0,832,56,3253.0
2423.0,937,6829,3360.0
2423.0,937,7911,3360.0
2424.0,934,9488,3358.0
3574.0,1384,3979,4958.0
3575.0,1384,3952,4959.0
3579.0,1380,44,4959.0
3625.0,124,35,3749.0
3629.0,120,35,3749.0
6489.0,353,43,6842.0
900.0,899,1265,1799.0
901.0,897,595,1798.0
901.0,883,219,1784.0
902.0,884,2225,1786.0
912.0,43,5343,955.0
914.0,53,3964,967.0
915.0,872,1931,1787.0
915.0,56,8391,971.0
915.0,882,3641,1797.0
916.0,964,2611,1880.0
917.0,37,9761,954.0
918.0,1060,2416,1978.0
920.0,1050,9884,1970.0
920.0,1072,668,1992.0
1075.0,926,43,2001.0
1076.0,933,2403,2009.0
1077.0,934,86,2011.0
1077.0,933,51,2010.0
1078.0,942,1202,2020.0
1078.0,956,1241,2034.0
1079.0,960,3163,2039.0
1082.0,962,423,2044.0
1787.0,0,43,1787.0
1788.0,258,72,2046.0
1788.0,258,73,2046.0
1788.0,264,44,2052.0
1789.0,275,145,2064.0
1789.0,283,1589,2072.0
1790.0,286,60,2076.0
1791.0,293,237,2084.0
1793.0,290,46,2083.0
1793.0,291,442,2084.0
1794.0,300,317,2094.0
2316.0,113,50,2429.0
2317.0,111,46,2428.0
2322.0,114,50,2436.0
2323.0,107,50,2430.0
2324.0,111,50,2435.0
2327.0,109,56,2436.0
2329.0,1215,6829,3544.0
2330.0,1185,7911,3515.0
2331.0,1184,9488,3515.0
3660.0,151,3979,3811.0
3661.0,150,3952,3811.0
3665.0,1484,44,5149.0
3710.0,99,35,3809.0
3714.0,98,35,3812.0
1443.0,401,1265,1844.0
1444.0,396,595,1840.0
1445.0,398,219,1843.0
1445.0,398,2225,1843.0
1448.0,32,5343,1480.0
1449.0,72,3964,1521.0
1450.0,389,1931,1839.0
1450.0,102,8391,1552.0
1450.0,386,3641,1836.0
1451.0,428,2611,1879.0
1453.0,26,9761,1479.0
1453.0,434,2416,1887.0
1456.0,420,9884,1876.0
1456.0,483,668,1939.0
1636.0,306,43,1942.0
1637.0,307,2403,1944.0
1638.0,302,86,1940.0
1638.0,304,51,1942.0
1639.0,1334,1202,2973.0
1639.0,1335,1241,2974.0
1639.0,335,3163,1974.0
1641.0,334,423,1975.0
1902.0,0,43,1902.0
1903.0,73,72,1976.0
1903.0,1071,73,2974.0
1904.0,1073,44,2977.0
1904.0,1071,145,2975.0
1905.0,1071,1589,2976.0
1906.0,1143,60,3049.0
1907.0,1141,237,3048.0
1910.0,1140,46,3050.0
1910.0,1139,442,3049.0
1911.0,1139,317,3050.0
3495.0,127,50,3622.0
3496.0,128,46,3624.0
3500.0,121,50,3621.0
3502.0,115,50,3617.0
3503.0,117,50,3620.0
3506.0,113,56,3619.0
3508.0,151,6829,3659.0
3509.0,151,7911,3660.0
3509.0,152,9488,3661.0
4423.0,16,807,4439.0
4488.0,131,3979,4619.0
4489.0,133,3952,4622.0
4493.0,1426,44,5919.0
4538.0,108,35,4646.0
4542.0,105,35,4647.0
6528.0,621,43,7149.0
790.0,412,1265,1202.0
791.0,413,595,1204.0
792.0,411,219,1203.0
792.0,409,2225,1201.0
883.0,31,5343,914.0
884.0,44,3964,928.0
885.0,314,1931,1199.0
885.0,45,8391,930.0
885.0,310,3641,1195.0
886.0,1302,2611,2188.0
888.0,25,9761,913.0
889.0,1296,2416,2185.0
891.0,341,9884,1232.0
891.0,1296,668,2187.0
988.0,1269,43,2257.0
989.0,1270,2403,2259.0
990.0,1270,86,2260.0
991.0,1265,51,2256.0
992.0,1337,1202,2329.0
992.0,1337,1241,2329.0
992.0,1342,3163,2334.0
995.0,1336,423,2331.0
1160.0,0,43,1160.0
1160.0,1170,72,2330.0
1161.0,1290,73,2451.0
1161.0,1286,44,2447.0
1162.0,1289,145,2451.0
1163.0,1287,1589,2450.0
1164.0,1284,60,2448.0
1165.0,1286,237,2451.0
1168.0,1329,46,2497.0
1169.0,1325,442,2494.0
1170.0,1325,317,2495.0
2682.0,718,50,3400.0
2683.0,726,46,3409.0
2688.0,722,50,3410.0
2689.0,713,50,3402.0
2691.0,707,50,3398.0
2694.0,707,56,3401.0
2695.0,815,6829,3510.0
2696.0,814,7911,3510.0
2697.0,805,9488,3502.0
3580.0,125,3979,3705.0
3581.0,120,3952,3701.0
3586.0,1432,44,5018.0
3631.0,120,35,3751.0
3634.0,117,35,3751.0
910.0,780,1265,1690.0
911.0,767,595,1678.0
911.0,779,219,1690.0
912.0,768,2225,1680.0
1080.0,610,43,1690.0
1081.0,597,2403,1678.0
1083.0,671,86,1754.0
1083.0,671,51,1754.0
1084.0,666,1202,1750.0
1084.0,668,1241,1752.0
1085.0,707,3163,1792.0
1087.0,702,423,1789.0
1090.0,676,5343,1766.0
1092.0,685,3964,1777.0
1092.0,728,1931,1820.0
1092.0,694,8391,1786.0
1092.0,726,3641,1818.0
1093.0,732,2611,1825.0
1095.0,37,9761,1132.0
1095.0,762,2416,1857.0
1097.0,729,9884,1826.0
1098.0,760,668,1858.0
1680.0,0,43,1680.0
1680.0,188,72,1868.0
1681.0,185,73,1866.0
1681.0,186,44,1867.0
1682.0,189,145,1871.0
1682.0,211,1589,1893.0
1683.0,211,60,1894.0
1684.0,220,237,1904.0
1686.0,222,46,1908.0
1686.0,219,442,1905.0
1687.0,224,317,1911.0
3263.0,89,50,3352.0
3264.0,88,46,3352.0
3269.0,107,50,3376.0
3270.0,76,50,3346.0
3272.0,105,50,3377.0
3275.0,72,56,3347.0
3277.0,212,6829,3489.0
3277.0,211,7911,3488.0
3278.0,211,9488,3489.0
3676.0,181,3979,3857.0
3676.0,181,3952,3857.0
3681.0,1476,44,5157.0
3724.0,136,35,3860.0
3727.0,132,35,3859.0
6147.0,318,43,6465.0
831.0,398,1265,1229.0
832.0,396,595,1228.0
833.0,396,219,1229.0
833.0,393,2225,1226.0
901.0,31,5343,932.0
903.0,42,3964,945.0
903.0,324,1931,1227.0
903.0,44,8391,947.0
904.0,320,3641,1224.0
904.0,1156,2611,2060.0
907.0,26,9761,933.0
907.0,1149,2416,2056.0
910.0,1166,9884,2076.0
910.0,1226,668,2136.0
1010.0,1128,43,2138.0
1011.0,1122,2403,2133.0
1013.0,1124,86,2137.0
1013.0,1188,51,2201.0
1014.0,1186,1202,2200.0
1014.0,1192,1241,2206.0
1015.0,1194,3163,2209.0
1017.0,1191,423,2208.0
1184.0,0,43,1184.0
1184.0,1071,72,2255.0
1185.0,1070,73,2255.0
1185.0,1078,44,2263.0
1186.0,1075,145,2261.0
1186.0,1070,1589,2256.0
1187.0,1075,60,2262.0
1188.0,1105,237,2293.0
1191.0,1102,46,2293.0
1191.0,1106,442,2297.0
1192.0,1106,317,2298.0
2587.0,835,50,3422.0
2587.0,826,46,3413.0
2592.0,832,50,3424.0
2594.0,823,50,3417.0
2595.0,825,50,3420.0
2598.0,819,56,3417.0
2600.0,889,6829,3489.0
2600.0,887,7911,3487.0
2601.0,885,9488,3486.0
3576.0,180,3979,3756.0
3577.0,178,3952,3755.0
3581.0,1413,44,4994.0
3627.0,125,35,3752.0
3631.0,125,35,3756.0
6097.0,442,43,6539.0
831.0,411,1265,1242.0
832.0,407,595,1239.0
832.0,408,219,1240.0
833.0,410,2225,1243.0
902.0,30,5343,932.0
904.0,44,3964,948.0
904.0,336,1931,1240.0
905.0,45,8391,950.0
905.0,329,3641,1234.0
906.0,1111,2611,2017.0
908.0,26,9761,934.0
909.0,1185,2416,2094.0
911.0,1223,9884,2134.0
911.0,1251,668,2162.0
1027.0,1153,43,2180.0
1028.0,1150,2403,2178.0
1030.0,1154,86,2184.0
1030.0,1162,51,2192.0
1031.0,1187,1202,2218.0
1031.0,1196,1241,2227.0
1032.0,1195,3163,2227.0
1036.0,1189,423,2225.0
1198.0,0,43,1198.0
1199.0,1036,72,2235.0
1199.0,1029,73,2228.0
1200.0,1047,44,2247.0
1200.0,1073,145,2273.0
1201.0,1075,1589,2276.0
1202.0,1073,60,2275.0
1203.0,1076,237,2279.0
1205.0,1074,46,2279.0
1206.0,1074,442,2280.0
1207.0,1104,317,2311.0
2514.0,920,50,3434.0
2514.0,910,46,3424.0
2519.0,907,50,3426.0
2521.0,904,50,3425.0
2522.0,901,50,3423.0
2525.0,901,56,3426.0
2527.0,1006,6829,3533.0
2527.0,1000,7911,3527.0
2528.0,1003,9488,3531.0
3615.0,217,3979,3832.0
3616.0,217,3952,3833.0
3620.0,1538,44,5158.0
3664.0,1493,35,5157.0
3668.0,167,35,3835.0
6055.0,645,43,6700.0
2407.0,417,1265,2824.0
2409.0,406,595,2815.0
2409.0,1361,219,3770.0
2409.0,414,2225,2823.0
2597.0,225,43,2822.0
2599.0,223,2403,2822.0
2600.0,266,86,2866.0
2601.0,266,51,2867.0
2601.0,1168,1202,3769.0
2602.0,262,1241,2864.0
2602.0,296,3163,2898.0
2604.0,298,423,2902.0
2607.0,270,5343,2877.0
2608.0,279,8391,2887.0
2608.0,279,3964,2887.0
2608.0,1164,1931,3772.0
2609.0,288,7267,2897.0
2609.0,1162,2611,3771.0
2611.0,35,9761,2646.0
2612.0,1350,2416,3962.0
2614.0,1359,9884,3973.0
2614.0,1405,668,4019.0
2767.0,0,43,2767.0
2768.0,1241,72,4009.0
2768.0,1232,73,4000.0
2769.0,1239,44,4008.0
2771.0,1239,145,4010.0
2771.0,1287,1589,4058.0
2772.0,1282,60,4054.0
2774.0,1283,237,4057.0
2777.0,1290,46,4067.0
2777.0,1280,442,4057.0
2778.0,1280,317,4058.0
5029.0,78,50,5107.0
5030.0,76,46,5106.0
5035.0,70,50,5105.0
5036.0,69,50,5105.0
5038.0,69,50,5107.0
5041.0,68,56,5109.0
5042.0,178,6829,5220.0
5043.0,187,7911,5230.0
5044.0,183,9488,5227.0
5358.0,170,3979,5528.0
5358.0,171,3952,5529.0
5363.0,1610,44,6973.0
5407.0,119,35,5526.0
5411.0,115,35,5526.0
8082.0,1244,43,9326.0
882.0,407,1265,1289.0
883.0,401,595,1284.0
884.0,403,219,1287.0
884.0,404,2225,1288.0
952.0,34,5343,986.0
953.0,43,8391,996.0
954.0,45,3964,999.0
954.0,332,1931,1286.0
954.0,48,7267,1002.0
955.0,331,2611,1286.0
958.0,28,9761,986.0
958.0,1372,2416,2330.0
960.0,1369,9884,2329.0
961.0,1433,668,2394.0
1061.0,1340,43,2401.0
1062.0,1335,2403,2397.0
1063.0,1332,86,2395.0
1064.0,1410,51,2474.0
1064.0,1406,1202,2470.0
1065.0,1407,1241,2472.0
1065.0,1404,3163,2469.0
1068.0,1405,423,2473.0
1252.0,0,43,1252.0
1253.0,1214,72,2467.0
1253.0,1270,73,2523.0
1254.0,1272,44,2526.0
1254.0,1271,145,2525.0
1255.0,1266,1589,2521.0
1256.0,1266,60,2522.0
1257.0,1278,237,2535.0
1260.0,1304,46,2564.0
1260.0,1304,442,2564.0
1261.0,1308,317,2569.0
3562.0,104,50,3666.0
3564.0,101,46,3665.0
3569.0,102,50,3671.0
3570.0,95,50,3665.0
3572.0,96,50,3668.0
3575.0,93,56,3668.0
3577.0,134,6829,3711.0
3578.0,135,7911,3713.0
3578.0,131,9488,3709.0
3907.0,174,3979,4081.0
3907.0,169,3952,4076.0
3912.0,1738,44,5650.0
3956.0,122,35,4078.0
3960.0,117,35,4077.0
4006.0,14,807,4020.0
6786.0,281,43,7067.0
888.0,417,1265,1305.0
889.0,419,595,1308.0
889.0,417,219,1306.0
890.0,419,2225,1309.0
955.0,32,5343,987.0
956.0,48,8391,1004.0
956.0,53,3964,1009.0
956.0,352,1931,1308.0
957.0,55,7267,1012.0
957.0,349,2611,1306.0
959.0,30,9761,989.0
959.0,1410,2416,2369.0
961.0,1433,9884,2394.0
962.0,1487,668,2449.0
1097.0,1407,43,2504.0
1099.0,1401,2403,2500.0
1100.0,1407,86,2507.0
1101.0,1407,51,2508.0
1101.0,1475,1202,2576.0
1102.0,1473,1241,2575.0
1102.0,1478,3163,2580.0
1105.0,1472,423,2577.0
1273.0,0,43,1273.0
1273.0,1305,72,2578.0
1274.0,1357,73,2631.0
1274.0,1359,44,2633.0
1275.0,1360,145,2635.0
1275.0,1360,1589,2635.0
1276.0,1358,60,2634.0
1277.0,1355,237,2632.0
1280.0,1386,46,2666.0
1281.0,1385,442,2666.0
1281.0,1386,317,2667.0
2903.0,71,50,2974.0
2905.0,69,46,2974.0
2910.0,63,50,2973.0
2911.0,61,50,2972.0
2912.0,63,50,2975.0
2915.0,58,56,2973.0
2917.0,134,6829,3051.0
2918.0,134,7911,3052.0
2918.0,133,9488,3051.0
4450.0,169,3979,4619.0
4451.0,169,3952,4620.0
4455.0,1944,44,6399.0
4500.0,119,35,4619.0
4503.0,116,35,4619.0
7284.0,1393,43,8677.0
843.0,410,1265,1253.0
845.0,408,595,1253.0
845.0,411,219,1256.0
846.0,409,2225,1255.0
934.0,34,5343,968.0
934.0,1352,3803,2286.0
935.0,43,8391,978.0
935.0,46,3964,981.0
935.0,319,1931,1254.0
936.0,332,2686,1268.0
936.0,1346,2611,2282.0
939.0,31,9761,970.0
939.0,1419,2416,2358.0
942.0,1430,9884,2372.0
942.0,1496,668,2438.0
1048.0,1392,43,2440.0
1049.0,1391,2403,2440.0
1050.0,1388,86,2438.0
1050.0,1391,51,2441.0
1051.0,1464,1202,2515.0
1051.0,1462,1241,2513.0
1052.0,1470,3163,2522.0
1054.0,1468,423,2522.0
1222.0,0,43,1222.0
1223.0,1299,72,2522.0
1223.0,1301,73,2524.0
1224.0,1320,44,2544.0
1224.0,1339,145,2563.0
1225.0,1338,1589,2563.0
1226.0,1342,60,2568.0
1227.0,1340,237,2567.0
1230.0,1336,46,2566.0
1230.0,1346,442,2576.0
1231.0,1364,317,2595.0
2811.0,69,50,2880.0
2812.0,67,46,2879.0
2817.0,61,50,2878.0
2818.0,59,50,2877.0
2820.0,61,50,2881.0
2823.0,56,56,2879.0
2824.0,1135,6829,3959.0
2825.0,1134,7911,3959.0
2825.0,1133,9488,3958.0
4101.0,262,3979,4363.0
4101.0,263,3952,4364.0
4106.0,2062,44,6168.0
4152.0,211,35,4363.0
4155.0,208,35,4363.0
4251.0,60,807,4311.0
7288.0,306,43,7594.0
826.0,1252,1265,2078.0
828.0,1263,595,2091.0
828.0,1262,219,2090.0
828.0,1251,2225,2079.0
843.0,40,5343,883.0
843.0,47,3803,890.0
844.0,53,8391,897.0
844.0,54,3964,898.0
844.0,1247,1931,2091.0
844.0,58,2686,902.0
845.0,1235,2611,2080.0
847.0,37,9761,884.0
847.0,1383,2416,2230.0
849.0,1341,9884,2190.0
849.0,1381,668,2230.0
1034.0,1200,43,2234.0
1035.0,1232,2403,2267.0
1036.0,1230,86,2266.0
1037.0,1235,51,2272.0
1037.0,1232,1202,2269.0
1038.0,1273,1241,2311.0
1038.0,1279,3163,2317.0
1040.0,1274,423,2314.0
2081.0,0,43,2081.0
2081.0,237,72,2318.0
2082.0,230,73,2312.0
2082.0,237,44,2319.0
2082.0,270,145,2352.0
2083.0,269,1589,2352.0
2083.0,268,60,2351.0
2084.0,264,237,2348.0
2087.0,262,46,2349.0
2087.0,273,442,2360.0
2088.0,327,317,2415.0
3854.0,196,50,4050.0
3855.0,200,46,4055.0
3859.0,182,50,4041.0
3861.0,193,50,4054.0
3862.0,182,50,4044.0
3865.0,177,56,4042.0
3867.0,283,6829,4150.0
3867.0,279,7911,4146.0
3868.0,280,9488,4148.0
4281.0,174,3979,4455.0
4282.0,172,3952,4454.0
4286.0,2015,44,6301.0
4331.0,124,35,4455.0
4334.0,121,35,4455.0
7546.0,1448,43,8994.0
900.0,414,1265,1314.0
902.0,410,595,1312.0
902.0,413,219,1315.0
903.0,411,2225,1314.0
905.0,44,5343,949.0
906.0,73,3803,979.0
906.0,75,8391,981.0
906.0,81,3964,987.0
907.0,406,1931,1313.0
907.0,86,2686,993.0
907.0,404,2611,1311.0
909.0,40,9761,949.0
909.0,1627,2416,2536.0
912.0,1644,9884,2556.0
912.0,1702,668,2614.0
1093.0,1519,43,2612.0
1095.0,1517,2403,2612.0
1096.0,1571,86,2667.0
1096.0,1630,51,2726.0
1097.0,1643,1202,2740.0
1097.0,1641,1241,2738.0
1098.0,1631,3163,2729.0
1100.0,1625,423,2725.0
1265.0,0,43,1265.0
1266.0,1517,72,2783.0
1266.0,1517,73,2783.0
1267.0,1518,44,2785.0
1267.0,1519,145,2786.0
1268.0,1516,1589,2784.0
1268.0,1513,60,2781.0
1270.0,1552,237,2822.0
1273.0,1547,46,2820.0
1273.0,1548,442,2821.0
1274.0,1547,317,2821.0
4016.0,77,50,4093.0
4016.0,77,46,4093.0
4021.0,70,50,4091.0
4022.0,70,50,4092.0
4024.0,67,50,4091.0
4027.0,67,56,4094.0
4028.0,122,6829,4150.0
4029.0,170,7911,4199.0
4030.0,171,9488,4201.0
4329.0,177,3979,4506.0
4329.0,179,3952,4508.0
4334.0,2064,44,6398.0
4378.0,133,35,4511.0
4382.0,130,35,4512.0
7731.0,639,43,8370.0
867.0,405,1265,1272.0
869.0,401,595,1270.0
869.0,402,219,1271.0
870.0,399,2225,1269.0
964.0,36,5343,1000.0
964.0,43,3803,1007.0
965.0,48,8391,1013.0
965.0,49,3964,1014.0
965.0,304,1931,1269.0
966.0,52,2686,1018.0
966.0,305,2611,1271.0
969.0,32,9761,1001.0
969.0,1387,2416,2356.0
972.0,1405,9884,2377.0
972.0,1466,668,2438.0
1060.0,1375,43,2435.0
1062.0,1375,2403,2437.0
1063.0,1375,86,2438.0
1064.0,1458,51,2522.0
1065.0,1445,1202,2510.0
1065.0,1458,1241,2523.0
1065.0,1456,3163,2521.0
1068.0,1452,423,2520.0
1232.0,0,43,1232.0
1233.0,1282,72,2515.0
1234.0,1309,73,2543.0
1234.0,1315,44,2549.0
1235.0,1318,145,2553.0
1235.0,1329,1589,2564.0
1236.0,1328,60,2564.0
1237.0,1327,237,2564.0
1241.0,1331,46,2572.0
1242.0,1340,442,2582.0
1243.0,1341,317,2584.0
3960.0,126,50,4086.0
3961.0,123,46,4084.0
3966.0,127,50,4093.0
3967.0,124,50,4091.0
3969.0,117,50,4086.0
3972.0,113,56,4085.0
3973.0,251,6829,4224.0
3974.0,266,7911,4240.0
3974.0,249,9488,4223.0
4371.0,184,3979,4555.0
4371.0,179,3952,4550.0
4375.0,3198,44,7573.0
4421.0,133,35,4554.0
4426.0,130,35,4556.0
899.0,1253,1265,2152.0
900.0,1250,595,2150.0
900.0,1253,219,2153.0
901.0,1250,2225,2151.0
904.0,54,5343,958.0
904.0,63,3803,967.0
905.0,64,8391,969.0
905.0,74,3964,979.0
905.0,1247,1931,2152.0
905.0,76,2686,981.0
906.0,1248,2611,2154.0
908.0,39,9761,947.0
908.0,1341,2416,2249.0
910.0,1351,9884,2261.0
910.0,1397,668,2307.0
1130.0,1177,43,2307.0
1131.0,1174,2403,2305.0
1132.0,1174,86,2306.0
1132.0,1218,51,2350.0
1133.0,1218,1202,2351.0
1133.0,1216,1241,2349.0
1134.0,1222,3163,2356.0
1136.0,1218,423,2354.0
2155.0,0,43,2155.0
2155.0,197,72,2352.0
2155.0,276,73,2431.0
2156.0,277,44,2433.0
2156.0,277,145,2433.0
2157.0,277,1589,2434.0
2157.0,273,60,2430.0
2158.0,275,237,2433.0
2161.0,306,46,2467.0
2161.0,306,442,2467.0
2162.0,306,317,2468.0
4019.0,124,50,4143.0
4020.0,118,46,4138.0
4025.0,115,50,4140.0
4026.0,116,50,4142.0
4027.0,114,50,4141.0
4030.0,105,56,4135.0
4032.0,243,6829,4275.0
4033.0,244,7911,4277.0
4033.0,242,9488,4275.0
4404.0,176,3979,4580.0
4405.0,175,3952,4580.0
4409.0,2158,44,6567.0
4453.0,130,35,4583.0
4457.0,126,35,4583.0
7863.0,3815,43,11678.0
1012.0,1230,1265,2242.0
1013.0,1228,595,2241.0
1013.0,1225,219,2238.0
1014.0,1226,2225,2240.0
1087.0,33,5343,1120.0
1088.0,38,3803,1126.0
1088.0,42,8391,1130.0
1089.0,45,3964,1134.0
1089.0,1153,1931,2242.0
1089.0,48,2686,1137.0
1090.0,1149,2611,2239.0
1093.0,30,9761,1123.0
1093.0,1278,2416,2371.0
1096.0,1253,9884,2349.0
1096.0,1286,668,2382.0
1204.0,1180,43,2384.0
1205.0,1179,2403,2384.0
1206.0,1211,86,2417.0
1206.0,1205,51,2411.0
1207.0,1211,1202,2418.0
1207.0,1219,1241,2426.0
1208.0,1218,3163,2426.0
1210.0,1223,423,2433.0
1375.0,0,43,1375.0
1376.0,1077,72,2453.0
1376.0,1084,73,2460.0
1377.0,1088,44,2465.0
1377.0,1081,145,2458.0
1378.0,1086,1589,2464.0
1379.0,1086,60,2465.0
1380.0,1153,237,2533.0
1383.0,1148,46,2531.0
1384.0,1150,442,2534.0
1385.0,1148,317,2533.0
2770.0,68,50,2838.0
2771.0,70,46,2841.0
2776.0,66,50,2842.0
2777.0,63,50,2840.0
2779.0,61,50,2840.0
2782.0,59,56,2841.0
2784.0,1195,6829,3979.0
2784.0,1202,7911,3986.0
2785.0,1201,9488,3986.0
4182.0,152,3979,4334.0
4182.0,151,3952,4333.0
4186.0,1912,44,6098.0
4231.0,103,35,4334.0
4235.0,95,35,4330.0
4261.0,71,807,4332.0
7159.0,3422,43,10581.0
876.0,1250,1265,2126.0
877.0,1246,595,2123.0
878.0,1247,219,2125.0
878.0,1250,2225,2128.0
935.0,36,5343,971.0
936.0,42,3803,978.0
936.0,46,8391,982.0
936.0,46,3964,982.0
936.0,1190,1931,2126.0
937.0,50,2686,987.0
937.0,1192,2611,2129.0
940.0,30,9761,970.0
940.0,1311,2416,2251.0
943.0,1367,668,2310.0
1082.0,1232,43,2314.0
1083.0,1228,2403,2311.0
1084.0,1225,86,2309.0
1084.0,1236,51,2320.0
1085.0,1247,1202,2332.0
1085.0,1271,1241,2356.0
1086.0,1261,3163,2347.0
1089.0,1260,423,2349.0
1249.0,0,43,1249.0
1252.0,1103,72,2355.0
1252.0,1109,73,2361.0
1253.0,1109,44,2362.0
1253.0,1171,145,2424.0
1254.0,1170,1589,2424.0
1255.0,1168,60,2423.0
1256.0,1169,237,2425.0
1260.0,1162,46,2422.0
1261.0,1165,442,2426.0
1261.0,1194,317,2455.0
3819.0,131,50,3950.0
3820.0,129,46,3949.0
3825.0,117,50,3942.0
3826.0,117,50,3943.0
3828.0,117,50,3945.0
3830.0,112,56,3942.0
3832.0,200,6829,4032.0
3833.0,188,7911,4021.0
3833.0,188,9488,4021.0
4202.0,175,3979,4377.0
4203.0,175,3952,4378.0
4207.0,2010,44,6217.0
4251.0,127,35,4378.0
4255.0,123,35,4378.0
7427.0,691,43,8118.0
832.0,400,1265,1232.0
833.0,401,595,1234.0
833.0,398,219,1231.0
834.0,399,2225,1233.0
1031.0,194,43,1225.0
1032.0,195,2403,1227.0
1033.0,1067,86,2100.0
1034.0,1078,51,2112.0
1034.0,1077,1202,2111.0
1035.0,1063,1241,2098.0
1035.0,1064,3163,2099.0
1039.0,1140,423,2179.0
1042.0,1083,5343,2125.0
1042.0,1084,3803,2126.0
1042.0,1151,8391,2193.0
1043.0,1147,3964,2190.0
1043.0,1168,1931,2211.0
1043.0,1152,2686,2195.0
1044.0,1195,2611,2239.0
1046.0,43,9761,1089.0
1046.0,1208,2416,2254.0
1048.0,1259,668,2307.0
2100.0,0,43,2100.0
2101.0,205,72,2306.0
2101.0,204,73,2305.0
2102.0,211,44,2313.0
2102.0,210,145,2312.0
2102.0,206,1589,2308.0
2103.0,242,60,2345.0
2104.0,242,237,2346.0
2107.0,244,46,2351.0
2107.0,237,442,2344.0
2108.0,242,317,2350.0
3953.0,132,50,4085.0
3954.0,124,46,4078.0
3959.0,127,50,4086.0
3960.0,122,50,4082.0
3962.0,121,50,4083.0
3965.0,118,56,4083.0
3966.0,261,6829,4227.0
3967.0,261,7911,4228.0
3967.0,269,9488,4236.0
4363.0,178,3979,4541.0
4364.0,178,3952,4542.0
4368.0,2105,44,6473.0
4412.0,132,35,4544.0
4416.0,126,35,4542.0
7816.0,640,43,8456.0
911.0,409,1265,1320.0
912.0,409,595,1321.0
913.0,405,219,1318.0
913.0,406,2225,1319.0
919.0,61,5343,980.0
923.0,63,3803,986.0
923.0,66,8391,989.0
923.0,95,3964,1018.0
924.0,394,1931,1318.0
924.0,100,2686,1024.0
924.0,396,2611,1320.0
926.0,55,9761,981.0
927.0,1738,2416,2665.0
929.0,1737,668,2666.0
1104.0,1639,43,2743.0
1106.0,1638,2403,2744.0
1107.0,1638,86,2745.0
1108.0,1638,51,2746.0
1109.0,1634,1202,2743.0
1109.0,1766,1241,2875.0
1109.0,1768,3163,2877.0
1113.0,1755,423,2868.0
1275.0,0,43,1275.0
1276.0,1594,72,2870.0
1276.0,1588,73,2864.0
1277.0,1649,44,2926.0
1277.0,1649,145,2926.0
1278.0,1649,1589,2927.0
1279.0,1646,60,2925.0
1280.0,1646,237,2926.0
1283.0,1641,46,2924.0
1284.0,1676,442,2960.0
1284.0,1675,317,2959.0
4086.0,295,50,4381.0
4086.0,309,46,4395.0
4091.0,290,50,4381.0
4093.0,303,50,4396.0
4094.0,290,50,4384.0
4098.0,282,56,4380.0
4099.0,358,6829,4457.0
4100.0,363,7911,4463.0
4101.0,360,9488,4461.0
4606.0,1054,3979,5660.0
4607.0,1055,3952,5662.0
4611.0,1050,44,5661.0
4656.0,1009,35,5665.0
4660.0,1004,35,5664.0
4684.0,991,807,5675.0
8074.0,821,43,8895.0
992.0,409,1265,1401.0
994.0,409,595,1403.0
994.0,406,219,1400.0
994.0,404,2225,1398.0
1085.0,36,5343,1121.0
1085.0,43,3803,1128.0
1086.0,47,8391,1133.0
1086.0,48,3964,1134.0
1086.0,317,1931,1403.0
1087.0,52,2686,1139.0
1088.0,313,2611,1401.0
1090.0,32,9761,1122.0
1090.0,1444,2416,2534.0
1093.0,1549,668,2642.0
1190.0,1454,43,2644.0
1191.0,1450,2403,2641.0
1192.0,1451,86,2643.0
1193.0,1490,51,2683.0
1195.0,1483,1202,2678.0
1196.0,1486,1241,2682.0
1196.0,1483,3163,2679.0
1198.0,1485,423,2683.0
1361.0,0,43,1361.0
1361.0,1348,72,2709.0
1362.0,1358,73,2720.0
1362.0,1357,44,2719.0
1363.0,1368,145,2731.0
1363.0,1373,1589,2736.0
1364.0,1372,60,2736.0
1366.0,1375,237,2741.0
1369.0,1384,46,2753.0
1370.0,1384,442,2754.0
1371.0,1388,317,2759.0
4220.0,133,50,4353.0
4221.0,131,46,4352.0
4226.0,129,50,4355.0
4227.0,132,50,4359.0
4228.0,130,50,4358.0
4231.0,126,56,4357.0
4233.0,209,6829,4442.0
4234.0,215,7911,4449.0
4234.0,208,9488,4442.0
4722.0,188,3979,4910.0
4722.0,188,3952,4910.0
4727.0,2212,44,6939.0
4773.0,136,35,4909.0
4776.0,130,35,4906.0
8438.0,578,43,9016.0
885.0,395,1265,1280.0
886.0,395,595,1281.0
887.0,395,219,1282.0
887.0,396,2225,1283.0
894.0,53,5343,947.0
899.0,78,3803,977.0
900.0,79,8391,979.0
900.0,83,3964,983.0
900.0,383,1931,1283.0
900.0,90,2686,990.0
901.0,383,2611,1284.0
903.0,45,9761,948.0
903.0,1861,2416,2764.0
905.0,1862,668,2767.0
1070.0,1694,43,2764.0
1071.0,1776,2403,2847.0
1072.0,1771,86,2843.0
1073.0,1770,51,2843.0
1073.0,1773,1202,2846.0
1074.0,1835,1241,2909.0
1074.0,1919,3163,2993.0
1077.0,1917,423,2994.0
1244.0,0,43,1244.0
1246.0,1743,72,2989.0
1246.0,1741,73,2987.0
1247.0,1742,44,2989.0
1248.0,1743,145,2991.0
1248.0,1794,1589,3042.0
1249.0,1794,60,3043.0
1250.0,1791,237,3041.0
1253.0,1787,46,3040.0
1254.0,1788,442,3042.0
1255.0,1788,317,3043.0
3293.0,75,50,3368.0
3294.0,76,46,3370.0
3299.0,69,50,3368.0
3300.0,69,50,3369.0
3302.0,68,50,3370.0
3305.0,62,56,3367.0
3306.0,1076,6829,4382.0
3307.0,1074,7911,4381.0
3308.0,1064,9488,4372.0
4533.0,146,3979,4679.0
4533.0,146,3952,4679.0
4538.0,2323,44,6861.0
4582.0,112,35,4694.0
4587.0,108,35,4695.0
8212.0,614,43,8826.0
852.0,1200,1265,2052.0
853.0,1201,595,2054.0
853.0,1201,219,2054.0
854.0,1197,2225,2051.0
886.0,34,5343,920.0
887.0,40,3803,927.0
887.0,43,8391,930.0
888.0,45,3964,933.0
888.0,1165,1931,2053.0
889.0,49,2686,938.0
889.0,1166,2611,2055.0
891.0,30,9761,921.0
891.0,1237,2416,2128.0
894.0,1351,668,2245.0
1061.0,1185,43,2246.0
1063.0,1185,2403,2248.0
1064.0,1196,86,2260.0
1065.0,1194,51,2259.0
1065.0,1218,1202,2283.0
1066.0,1218,1241,2284.0
1066.0,1216,3163,2282.0
1069.0,1228,423,2297.0
2056.0,0,43,2056.0
2056.0,240,72,2296.0
2057.0,250,73,2307.0
2057.0,267,44,2324.0
2057.0,270,145,2327.0
2058.0,267,1589,2325.0
2059.0,270,60,2329.0
2060.0,277,237,2337.0
2062.0,275,46,2337.0
2063.0,295,442,2358.0
2063.0,293,317,2356.0
2606.0,1266,50,3872.0
2607.0,1266,46,3873.0
2612.0,1259,50,3871.0
2613.0,1261,50,3874.0
2614.0,1257,50,3871.0
2617.0,1250,56,3867.0
2619.0,1324,6829,3943.0
2620.0,1320,7911,3940.0
2620.0,1318,9488,3938.0
4106.0,152,3979,4258.0
4107.0,151,3952,4258.0
4111.0,1966,44,6077.0
4155.0,122,35,4277.0
4159.0,117,35,4276.0
7423.0,842,43,8265.0
838.0,1280,1265,2118.0
839.0,1279,595,2118.0
840.0,1279,219,2119.0
840.0,1276,2225,2116.0
937.0,35,5343,972.0
938.0,40,3803,978.0
938.0,43,8391,981.0
938.0,44,3964,982.0
939.0,1178,1931,2117.0
939.0,49,2686,988.0
940.0,1175,2611,2115.0
942.0,31,9761,973.0
942.0,1306,2416,2248.0
945.0,1300,668,2245.0
1048.0,1237,43,2285.0
1049.0,1241,2403,2290.0
1051.0,1238,86,2289.0
1051.0,1237,51,2288.0
1052.0,1266,1202,2318.0
1052.0,1275,1241,2327.0
1053.0,1282,3163,2335.0
1056.0,1278,423,2334.0
2106.0,0,43,2106.0
2107.0,226,72,2333.0
2107.0,227,73,2334.0
2108.0,241,44,2349.0
2109.0,252,60,2361.0
2110.0,263,237,2373.0
2112.0,260,46,2372.0
2112.0,264,442,2376.0
2113.0,262,317,2375.0
3837.0,118,50,3955.0
3838.0,82,46,3920.0
3842.0,114,50,3956.0
3843.0,112,50,3955.0
3845.0,112,50,3957.0
3848.0,72,56,3920.0
3850.0,179,6829,4029.0
3850.0,185,7911,4035.0
3851.0,175,9488,4026.0
4224.0,181,3979,4405.0
4225.0,182,3952,4407.0
4229.0,2035,44,6264.0
4275.0,131,35,4406.0
4279.0,123,35,4402.0
7695.0,539,43,8234.0
901.0,408,1265,1309.0
902.0,409,595,1311.0
902.0,406,219,1308.0
903.0,407,2225,1310.0
993.0,35,5343,1028.0
994.0,42,3803,1036.0
994.0,45,8391,1039.0
995.0,45,3964,1040.0
995.0,316,1931,1311.0
995.0,51,2686,1046.0
996.0,316,2611,1312.0
998.0,33,9761,1031.0
998.0,1394,2416,2392.0
1001.0,1472,668,2473.0
1091.0,1384,43,2475.0
1093.0,1436,2403,2529.0
1094.0,1439,86,2533.0
1095.0,1436,51,2531.0
1095.0,1440,1202,2535.0
1096.0,1514,1241,2610.0
1096.0,1512,3163,2608.0
1100.0,1486,423,2586.0
1278.0,0,43,1278.0
1279.0,1327,72,2606.0
1279.0,1328,73,2607.0
1280.0,1307,44,2587.0
1281.0,1347,60,2628.0
1282.0,1374,237,2656.0
1285.0,1368,46,2653.0
1285.0,1371,442,2656.0
1286.0,1371,317,2657.0
2814.0,78,50,2892.0
2815.0,80,46,2895.0
2820.0,74,50,2894.0
2821.0,67,50,2888.0
2823.0,71,50,2894.0
2826.0,66,56,2892.0
2827.0,118,6829,2945.0
2828.0,116,7911,2944.0
2829.0,115,9488,2944.0
4638.0,225,3979,4863.0
4639.0,225,3952,4864.0
4643.0,2354,44,6997.0
4690.0,173,35,4863.0
4694.0,172,35,4866.0
4803.0,62,807,4865.0
7839.0,728,43,8567.0
954.0,405,1265,1359.0
955.0,401,595,1356.0
956.0,402,219,1358.0
956.0,401,2225,1357.0
1065.0,38,5343,1103.0
1065.0,46,3803,1111.0
1066.0,49,8391,1115.0
1066.0,49,3964,1115.0
1066.0,294,1931,1360.0
1067.0,56,2686,1123.0
1067.0,291,2611,1358.0
1069.0,36,9761,1105.0
1070.0,1585,2416,2655.0
1073.0,1663,668,2736.0
1154.0,1584,43,2738.0
1156.0,1581,2403,2737.0
1157.0,1653,86,2810.0
1158.0,1654,51,2812.0
1158.0,1648,1202,2806.0
1159.0,1650,1241,2809.0
1159.0,1738,3163,2897.0
1163.0,1737,423,2900.0
1326.0,0,43,1326.0
1326.0,1572,72,2898.0
1327.0,1574,73,2901.0
1328.0,1571,237,2899.0
1328.0,1572,60,2900.0
1329.0,1606,44,2935.0
1333.0,1605,46,2938.0
1333.0,1600,442,2933.0
1334.0,1600,317,2934.0
3135.0,85,50,3220.0
3136.0,86,46,3222.0
3140.0,81,50,3221.0
3142.0,79,50,3221.0
3143.0,79,50,3222.0
3146.0,77,56,3223.0
3148.0,150,6829,3298.0
3149.0,150,7911,3299.0
3149.0,144,9488,3293.0
4907.0,249,3979,5156.0
4908.0,248,3952,5156.0
4913.0,2498,44,7411.0
4959.0,199,35,5158.0
4963.0,191,35,5154.0
8284.0,704,43,8988.0
958.0,411,1265,1369.0
959.0,410,595,1369.0
960.0,408,219,1368.0
961.0,406,2225,1367.0
1055.0,40,5343,1095.0
1056.0,43,7559,1099.0
1056.0,47,3803,1103.0
1056.0,49,8391,1105.0
1057.0,52,3964,1109.0
1057.0,303,1931,1360.0
1057.0,56,2686,1113.0
1058.0,301,2611,1359.0
1061.0,34,9761,1095.0
1061.0,1703,2416,2764.0
1064.0,1831,668,2895.0
1158.0,1737,2403,2895.0
1159.0,1809,86,2968.0
1160.0,1802,51,2962.0
1160.0,2090,1202,3250.0
1161.0,1872,1241,3033.0
1161.0,1870,3163,3031.0
1164.0,1869,423,3033.0
1327.0,0,43,1327.0
1328.0,1704,72,3032.0
1329.0,1948,73,3277.0
1329.0,2011,237,3340.0
1330.0,2019,60,3349.0
1331.0,2020,44,3351.0
1337.0,2005,46,3342.0
1337.0,2006,442,3343.0
1338.0,2012,317,3350.0
2768.0,650,50,3418.0
2768.0,727,46,3495.0
2772.0,724,50,3496.0
2774.0,722,50,3496.0
2775.0,641,50,3416.0
2778.0,1835,56,4613.0
2780.0,1828,6829,4608.0
2780.0,1832,7911,4612.0
2781.0,1826,9488,4607.0
3419.0,1242,3979,4661.0
3420.0,1300,3952,4720.0
3424.0,1184,44,4608.0
3470.0,1139,35,4609.0
3474.0,1132,35,4606.0
4860.0,2234,43,7094.0
984.0,1490,1265,2474.0
985.0,1488,595,2473.0
985.0,1491,219,2476.0
986.0,1492,2225,2478.0
1001.0,73,5343,1074.0
1001.0,78,7559,1079.0
1001.0,81,3803,1082.0
1002.0,81,8391,1083.0
1002.0,87,3964,1089.0
1002.0,1474,1931,2476.0
1003.0,88,2686,1091.0
1003.0,1472,2611,2475.0
1005.0,68,9761,1073.0
1005.0,1552,2416,2557.0
1008.0,1671,668,2679.0
1205.0,1474,43,2679.0
1207.0,1469,2403,2676.0
1208.0,1468,86,2676.0
1209.0,1466,51,2675.0
1210.0,1519,1202,2729.0
1210.0,1522,1241,2732.0
1210.0,1519,3163,2729.0
1214.0,1514,423,2728.0
1382.0,0,43,1382.0
1383.0,1344,72,2727.0
1383.0,1377,73,2760.0
1384.0,1396,237,2780.0
1385.0,1387,60,2772.0
1386.0,1389,44,2775.0
1390.0,1384,46,2774.0
1390.0,1391,442,2781.0
1391.0,1402,317,2793.0
4364.0,119,50,4483.0
4365.0,121,46,4486.0
4370.0,120,50,4490.0
4371.0,110,50,4481.0
4373.0,112,50,4485.0
4375.0,109,56,4484.0
4377.0,210,6829,4587.0
4378.0,201,7911,4579.0
4378.0,194,9488,4572.0
4718.0,190,3979,4908.0
4718.0,189,3952,4907.0
4723.0,2399,44,7122.0
4768.0,136,35,4904.0
4772.0,133,35,4905.0
8644.0,657,43,9301.0
837.0,1474,1265,2311.0
838.0,1463,595,2301.0
839.0,1473,219,2312.0
839.0,1474,2225,2313.0
936.0,39,5343,975.0
936.0,46,7559,982.0
937.0,48,3803,985.0
937.0,51,8391,988.0
937.0,53,3964,990.0
938.0,1362,1931,2300.0
938.0,58,2686,996.0
939.0,1374,2611,2313.0
942.0,34,9761,976.0
942.0,1525,2416,2467.0
945.0,1524,668,2469.0
1042.0,1427,43,2469.0
1044.0,1426,2403,2470.0
1045.0,1521,86,2566.0
1045.0,1522,51,2567.0
1046.0,1532,1202,2578.0
1046.0,1525,1241,2571.0
1047.0,1530,3163,2577.0
1049.0,1527,423,2576.0
2302.0,0,43,2302.0
2302.0,295,72,2597.0
2303.0,311,73,2614.0
2303.0,309,237,2612.0
2304.0,309,60,2613.0
2305.0,309,44,2614.0
2308.0,310,46,2618.0
2308.0,319,442,2627.0
2309.0,339,317,2648.0
2856.0,1459,50,4315.0
2857.0,1456,46,4313.0
2862.0,1455,50,4317.0
2863.0,1452,50,4315.0
2865.0,1455,50,4320.0
2868.0,1449,56,4317.0
2870.0,1579,6829,4449.0
2870.0,1578,7911,4448.0
2871.0,1566,9488,4437.0
4594.0,154,3979,4748.0
4594.0,154,3952,4748.0
4599.0,2492,44,7091.0
4644.0,107,35,4751.0
4648.0,103,35,4751.0
8545.0,697,43,9242.0
1167.0,978,1265,2145.0
1168.0,990,595,2158.0
1168.0,991,219,2159.0
1169.0,988,2225,2157.0
1172.0,49,5343,1221.0
1172.0,56,7559,1228.0
1172.0,58,3803,1230.0
1172.0,61,8391,1233.0
1173.0,63,3964,1236.0
1173.0,972,1931,2145.0
1173.0,68,2686,1241.0
1174.0,985,2611,2159.0
1176.0,46,9761,1222.0
1176.0,1097,2416,2273.0
1179.0,1130,668,2309.0
2147.0,161,43,2308.0
2148.0,213,2403,2361.0
2149.0,210,86,2359.0
2150.0,210,51,2360.0
2151.0,212,1202,2363.0
2151.0,206,1241,2357.0
2152.0,284,3163,2436.0
2154.0,283,423,2437.0
2310.0,0,43,2310.0
2310.0,128,72,2438.0
2314.0,124,73,2438.0
2315.0,124,237,2439.0
2316.0,152,60,2468.0
2316.0,164,44,2480.0
2320.0,161,46,2481.0
2320.0,164,442,2484.0
2321.0,164,317,2485.0
4065.0,125,50,4190.0
4065.0,125,46,4190.0
4070.0,100,50,4170.0
4071.0,89,50,4160.0
4073.0,116,50,4189.0
4076.0,115,56,4191.0
4077.0,288,6829,4365.0
4078.0,288,7911,4366.0
4078.0,286,9488,4364.0
5650.0,162,3979,5812.0
5651.0,160,3952,5811.0
5656.0,2318,44,7974.0
5702.0,2272,35,7974.0
5705.0,2270,35,7975.0
849.0,1387,1265,2236.0
850.0,1400,595,2250.0
851.0,1385,219,2236.0
851.0,1398,2225,2249.0
852.0,50,5343,902.0
852.0,60,7559,912.0
852.0,59,3803,911.0
853.0,63,8391,916.0
853.0,62,3964,915.0
853.0,1381,1931,2234.0
853.0,70,2686,923.0
854.0,1381,2611,2235.0
856.0,47,9761,903.0
856.0,1513,2416,2369.0
858.0,1621,668,2479.0
1086.0,1407,43,2493.0
1087.0,1403,2403,2490.0
1088.0,1403,86,2491.0
1088.0,1427,51,2515.0
1089.0,1426,1202,2515.0
1089.0,1443,1241,2532.0
1090.0,1442,3163,2532.0
1093.0,1438,423,2531.0
2240.0,0,43,2240.0
2241.0,285,72,2526.0
2241.0,308,73,2549.0
2242.0,303,237,2545.0
2242.0,314,60,2556.0
2243.0,324,44,2567.0
2246.0,320,46,2566.0
2247.0,323,442,2570.0
2247.0,326,317,2573.0
4163.0,139,50,4302.0
4163.0,138,46,4301.0
4168.0,132,50,4300.0
4169.0,139,50,4308.0
4171.0,134,50,4305.0
4174.0,130,56,4304.0
4175.0,1274,6829,5449.0
4176.0,1299,7911,5475.0
4176.0,1295,9488,5471.0
5639.0,188,3979,5827.0
5640.0,184,3952,5824.0
5646.0,2398,44,8044.0
5691.0,133,35,5824.0
5695.0,128,35,5823.0
9112.0,295,43,9407.0
888.0,416,1265,1304.0
890.0,416,595,1306.0
891.0,411,219,1302.0
891.0,412,2225,1303.0
982.0,43,5343,1025.0
983.0,48,7559,1031.0
983.0,49,3803,1032.0
983.0,55,8391,1038.0
984.0,54,3964,1038.0
984.0,320,1931,1304.0
984.0,58,2686,1042.0
985.0,322,2611,1307.0
988.0,35,9761,1023.0
988.0,1849,2416,2837.0
992.0,1965,668,2957.0
1096.0,1866,43,2962.0
1098.0,1861,2403,2959.0
1099.0,1861,86,2960.0
1100.0,1897,51,2997.0
1100.0,1907,1202,3007.0
1101.0,1911,1241,3012.0
1101.0,1912,3163,3013.0
1105.0,1891,423,2996.0
1272.0,0,43,1272.0
1273.0,1767,72,3040.0
1273.0,1760,73,3033.0
1274.0,1760,237,3034.0
1275.0,1779,60,3054.0
1276.0,1779,44,3055.0
1280.0,1775,46,3055.0
1280.0,1789,442,3069.0
1281.0,1789,317,3070.0
3245.0,1470,50,4715.0
3246.0,73,46,3319.0
3250.0,1473,50,4723.0
3252.0,68,50,3320.0
3253.0,65,50,3318.0
3256.0,65,56,3321.0
3258.0,1470,6829,4728.0
3258.0,1468,7911,4726.0
3259.0,1468,9488,4727.0
4896.0,156,3979,5052.0
4897.0,156,3952,5053.0
4901.0,2518,44,7419.0
4947.0,118,35,5065.0
4951.0,114,35,5065.0
8647.0,645,43,9292.0
833.0,412,1265,1245.0
834.0,415,595,1249.0
835.0,413,219,1248.0
835.0,412,2225,1247.0
843.0,61,5343,904.0
843.0,74,7559,917.0
843.0,74,3803,917.0
843.0,77,8391,920.0
844.0,79,3964,923.0
844.0,402,1931,1246.0
844.0,84,2686,928.0
847.0,391,2611,1238.0
850.0,59,9761,909.0
850.0,1803,2416,2653.0
854.0,1818,668,2672.0
1035.0,1636,43,2671.0
1036.0,1656,2403,2692.0
1037.0,1667,86,2704.0
1038.0,1680,51,2718.0
1038.0,1684,1202,2722.0
1039.0,1688,1241,2727.0
1039.0,1689,3163,2728.0
1042.0,1684,423,2726.0
1207.0,0,43,1207.0
1208.0,1529,72,2737.0
1208.0,1540,73,2748.0
1210.0,1557,237,2767.0
1211.0,1564,60,2775.0
1212.0,1562,44,2774.0
1215.0,1559,46,2774.0
1216.0,1565,442,2781.0
1217.0,1565,317,2782.0
4365.0,132,50,4497.0
4366.0,131,46,4497.0
4370.0,125,50,4495.0
4372.0,130,50,4502.0
4373.0,125,50,4498.0
4376.0,134,56,4510.0
4378.0,208,6829,4586.0
4378.0,210,7911,4588.0
4379.0,205,9488,4584.0
4780.0,188,3979,4968.0
4780.0,187,3952,4967.0
4785.0,3749,44,8534.0
4831.0,138,35,4969.0
4835.0,134,35,4969.0
8876.0,278,43,9154.0
921.0,417,1265,1338.0
922.0,407,595,1329.0
922.0,416,219,1338.0
923.0,404,2225,1327.0
929.0,58,5343,987.0
929.0,62,7559,991.0
929.0,63,3803,992.0
930.0,68,8391,998.0
930.0,69,3964,999.0
930.0,398,1931,1328.0
930.0,93,2686,1023.0
931.0,408,2611,1339.0
933.0,52,9761,985.0
933.0,1803,2416,2736.0
936.0,1883,668,2819.0
1121.0,1696,43,2817.0
1122.0,1696,2403,2818.0
1123.0,1750,86,2873.0
1124.0,1752,51,2876.0
1124.0,1816,1202,2940.0
1125.0,1810,1241,2935.0
1125.0,1812,3163,2937.0
1128.0,1809,423,2937.0
1295.0,0,43,1295.0
1296.0,1645,72,2941.0
1297.0,1670,73,2967.0
1297.0,1686,237,2983.0
1298.0,1688,60,2986.0
1299.0,1684,44,2983.0
1304.0,1678,46,2982.0
1304.0,1684,442,2988.0
1305.0,1705,317,3010.0
3276.0,1328,50,4604.0
3276.0,1320,46,4596.0
3281.0,1313,50,4594.0
3282.0,1313,50,4595.0
3284.0,1311,50,4595.0
3287.0,1307,56,4594.0
3289.0,1408,6829,4697.0
3289.0,1412,7911,4701.0
3290.0,1410,9488,4700.0
4769.0,156,3979,4925.0
4770.0,154,3952,4924.0
4774.0,2634,44,7408.0
4819.0,125,35,4944.0
4822.0,102,35,4924.0
8902.0,628,43,9530.0
923.0,426,1265,1349.0
924.0,425,595,1349.0
924.0,428,219,1352.0
925.0,426,2225,1351.0
1018.0,4684,5343,5702.0
1019.0,4683,7559,5702.0
1019.0,4715,3803,5734.0
1019.0,4716,8391,5735.0
1020.0,5453,2611,6473.0
1020.0,5473,2686,6493.0
1020.0,5524,1931,6544.0
1022.0,39,9761,1061.0
1023.0,6561,2416,7584.0
1025.0,6859,668,7884.0
1132.0,6784,43,7916.0
1133.0,6815,2403,7948.0
1134.0,6872,86,8006.0
1134.0,6901,51,8035.0
1135.0,6929,1202,8064.0
1135.0,6957,1241,8092.0
1136.0,7793,3163,8929.0
1138.0,7832,423,8970.0
1308.0,0,43,1308.0
1308.0,7736,72,9044.0
1309.0,7804,73,9113.0
1311.0,7815,2512,9126.0
1313.0,7829,60,9142.0
1314.0,7839,44,9153.0
1315.0,7867,145,9182.0
1315.0,7873,1589,9188.0
1318.0,7893,46,9211.0
1319.0,7898,442,9217.0
1320.0,7924,317,9244.0
2769.0,6476,50,9245.0
2770.0,6508,46,9278.0
2775.0,6505,50,9280.0
2776.0,6537,50,9313.0
2778.0,6534,50,9312.0
2781.0,6563,56,9344.0
2782.0,6600,6829,9382.0
2783.0,6596,7911,9379.0
2784.0,6633,9488,9417.0
3366.0,6120,3979,9486.0
3367.0,6123,3952,9490.0
3371.0,2313,44,5684.0
3422.0,160,35,3582.0
3425.0,155,35,3580.0
17621.0,276,43,17897.0
1134.0,1087,1265,2221.0
1135.0,1074,595,2209.0
1135.0,1074,219,2209.0
1136.0,1072,2225,2208.0
1153.0,1079,5343,2232.0
1153.0,1079,7559,2232.0
1153.0,1082,3803,2235.0
1154.0,1080,8391,2234.0
1154.0,1203,2611,2357.0
1154.0,1209,2686,2363.0
1155.0,1202,1931,2357.0
1157.0,49,9761,1206.0
1157.0,1288,2416,2445.0
1159.0,2865,668,4024.0
2211.0,1816,43,4027.0
2212.0,1815,2403,4027.0
2212.0,1813,86,4025.0
2213.0,1815,51,4028.0
2214.0,1883,1202,4097.0
2214.0,1883,1241,4097.0
2214.0,1888,3163,4102.0
2216.0,1883,423,4099.0
2385.0,0,43,2385.0
2385.0,1714,72,4099.0
2386.0,1785,73,4171.0
2388.0,1776,2512,4164.0
2391.0,1781,60,4172.0
2392.0,1775,44,4167.0
2393.0,1775,145,4168.0
2393.0,1776,1589,4169.0
2396.0,1848,46,4244.0
2397.0,1847,442,4244.0
2398.0,1843,317,4241.0
4518.0,74,50,4592.0
4518.0,1055,46,5573.0
4523.0,1046,50,5569.0
4524.0,1048,50,5572.0
4526.0,1043,50,5569.0
4529.0,1045,56,5574.0
4531.0,1120,6829,5651.0
4531.0,1119,7911,5650.0
4532.0,1120,9488,5652.0
5708.0,254,3979,5962.0
5709.0,254,3952,5963.0
5713.0,2548,44,8261.0
5764.0,197,35,5961.0
5768.0,194,35,5962.0
5876.0,85,807,5961.0
9772.0,1268,43,11040.0
828.0,1736,1265,2564.0
830.0,1734,595,2564.0
830.0,1732,219,2562.0
830.0,1717,2225,2547.0
848.0,78,5343,926.0
849.0,84,7559,933.0
849.0,85,3803,934.0
849.0,86,8391,935.0
850.0,1699,2611,2549.0
850.0,93,2686,943.0
851.0,1711,1931,2562.0
853.0,53,9761,906.0
853.0,2168,2416,3021.0
856.0,2185,668,3041.0
1041.0,1999,43,3040.0
1042.0,1991,2403,3033.0
1044.0,2008,86,3052.0
1044.0,2013,51,3057.0
1045.0,2020,1202,3065.0
1045.0,2028,1241,3073.0
1046.0,2028,3163,3074.0
1049.0,2030,423,3079.0
2549.0,0,43,2549.0
2549.0,539,72,3088.0
2550.0,539,73,3089.0
2551.0,551,2512,3102.0
2554.0,548,60,3102.0
2554.0,555,44,3109.0
2555.0,563,145,3118.0
2555.0,572,1589,3127.0
2558.0,563,46,3121.0
2559.0,576,442,3135.0
2559.0,574,317,3133.0
4829.0,115,50,4944.0
4829.0,111,46,4940.0
4834.0,107,50,4941.0
4835.0,108,50,4943.0
4837.0,105,50,4942.0
4840.0,99,56,4939.0
4841.0,173,6829,5014.0
4842.0,176,7911,5018.0
4843.0,173,9488,5016.0
5219.0,269,3979,5488.0
5220.0,269,3952,5489.0
5224.0,2610,44,7834.0
5276.0,2558,35,7834.0
5280.0,2554,35,7834.0
9403.0,302,43,9705.0
981.0,421,1265,1402.0
982.0,419,595,1401.0
982.0,418,219,1400.0
983.0,420,2225,1403.0
991.0,87,5343,1078.0
991.0,92,7559,1083.0
991.0,120,3803,1111.0
992.0,120,8391,1112.0
992.0,407,2611,1399.0
992.0,128,2686,1120.0
993.0,406,1931,1399.0
995.0,58,9761,1053.0
995.0,2154,2416,3149.0
998.0,2274,668,3272.0
1180.0,2091,43,3271.0
1181.0,2089,2403,3270.0
1182.0,2090,86,3272.0
1183.0,2168,51,3351.0
1183.0,2171,1202,3354.0
1184.0,2166,1241,3350.0
1184.0,2168,3163,3352.0
1187.0,2168,423,3355.0
1355.0,0,43,1355.0
1355.0,2079,72,3434.0
1356.0,2078,73,3434.0
1359.0,2074,2512,3433.0
1362.0,2073,60,3435.0
1363.0,2073,44,3436.0
1364.0,2068,145,3432.0
1364.0,2110,1589,3474.0
1368.0,2107,46,3475.0
1368.0,2108,442,3476.0
1369.0,2107,317,3476.0
3503.0,77,50,3580.0
3505.0,79,46,3584.0
3510.0,73,50,3583.0
3511.0,72,50,3583.0
3513.0,68,50,3581.0
3516.0,66,56,3582.0
3518.0,99,6829,3617.0
3518.0,98,7911,3616.0
3519.0,100,9488,3619.0
5705.0,194,3979,5899.0
5706.0,192,3952,5898.0
5710.0,1172,44,6882.0
5763.0,135,35,5898.0
5767.0,132,35,5899.0
9619.0,344,43,9963.0
835.0,1784,1265,2619.0
836.0,1782,595,2618.0
837.0,1797,219,2634.0
837.0,1797,2225,2634.0
855.0,76,5343,931.0
855.0,77,7559,932.0
856.0,83,3803,939.0
857.0,1761,2611,2618.0
857.0,94,2686,951.0
857.0,1762,1931,2619.0
859.0,52,9761,911.0
859.0,2227,2416,3086.0
862.0,2238,668,3100.0
1038.0,2061,43,3099.0
1039.0,2088,2403,3127.0
1041.0,2085,86,3126.0
1041.0,2091,51,3132.0
1042.0,2090,1202,3132.0
1042.0,2097,1241,3139.0
1043.0,2105,3163,3148.0
1046.0,2110,423,3156.0
2620.0,0,43,2620.0
2621.0,542,72,3163.0
2621.0,556,73,3177.0
2623.0,551,2512,3174.0
2625.0,556,60,3181.0
2626.0,556,44,3182.0
2626.0,562,145,3188.0
2627.0,566,1589,3193.0
2630.0,581,46,3211.0
2630.0,586,442,3216.0
2631.0,584,317,3215.0
4985.0,102,50,5087.0
4985.0,128,46,5113.0
4990.0,126,50,5116.0
4991.0,118,50,5109.0
4993.0,95,50,5088.0
4996.0,115,56,5111.0
4997.0,233,6829,5230.0
4998.0,231,7911,5229.0
4998.0,229,9488,5227.0
5370.0,240,3979,5610.0
5371.0,236,3952,5607.0
5377.0,2729,44,8106.0
5431.0,178,35,5609.0
5435.0,174,35,5609.0
9770.0,766,43,10536.0
921.0,429,1265,1350.0
922.0,430,595,1352.0
923.0,428,219,1351.0
923.0,426,2225,1349.0
928.0,87,5343,1015.0
928.0,90,7559,1018.0
928.0,93,3803,1021.0
929.0,424,2611,1353.0
929.0,100,2686,1029.0
929.0,424,1931,1353.0
931.0,60,9761,991.0
932.0,1874,2416,2806.0
935.0,2016,668,2951.0
1128.0,29,3134,1157.0
1130.0,1853,2403,2983.0
1131.0,1849,86,2980.0
1132.0,1909,51,3041.0
1132.0,1911,1202,3043.0
1133.0,1910,1241,3043.0
1133.0,2213,3163,3346.0
1136.0,2209,423,3345.0
1305.0,0,43,1305.0
1308.0,2041,72,3349.0
1308.0,2040,73,3348.0
1310.0,2037,2512,3347.0
1312.0,2037,60,3349.0
1313.0,3327,44,4640.0
1314.0,3325,145,4639.0
1314.0,3324,1589,4638.0
1317.0,3322,46,4639.0
1317.0,3323,442,4640.0
1318.0,3491,317,4809.0
1350.0,1373,42,2723.0
2809.0,1904,50,4713.0
2809.0,2005,46,4814.0
2814.0,1997,50,4811.0
2815.0,1990,50,4805.0
2817.0,1990,50,4807.0
2820.0,2096,56,4916.0
2821.0,2087,6829,4908.0
2822.0,2092,7911,4914.0
2823.0,2091,9488,4914.0
4715.0,284,3979,4999.0
4716.0,278,3952,4994.0
4722.0,1809,44,6531.0
4776.0,131,35,4907.0
4779.0,127,35,4906.0
9150.0,272,43,9422.0
992.0,419,1265,1411.0
994.0,413,595,1407.0
994.0,414,219,1408.0
994.0,415,2225,1409.0
1063.0,68,5343,1131.0
1063.0,69,7559,1132.0
1064.0,75,3803,1139.0
1065.0,346,2611,1411.0
1065.0,80,2686,1145.0
1065.0,342,1931,1407.0
1068.0,41,9761,1109.0
1068.0,2072,2416,3140.0
1070.0,2353,668,3423.0
1188.0,2272,43,3460.0
1189.0,2273,2403,3462.0
1190.0,2271,86,3461.0
1191.0,2273,51,3464.0
1192.0,2319,1202,3511.0
1192.0,2317,1241,3509.0
1192.0,2315,3163,3507.0
1195.0,2316,423,3511.0
1364.0,0,43,1364.0
1365.0,2138,72,3503.0
1365.0,2170,73,3535.0
1367.0,2184,2512,3551.0
1371.0,2180,60,3551.0
1372.0,2180,44,3552.0
1372.0,2173,145,3545.0
1373.0,2187,1589,3560.0
1376.0,2195,46,3571.0
1376.0,2199,442,3575.0
1377.0,2207,317,3584.0
5074.0,120,50,5194.0
5075.0,132,46,5207.0
5080.0,126,50,5206.0
5081.0,123,50,5204.0
5083.0,122,50,5205.0
5086.0,123,56,5209.0
5087.0,186,6829,5273.0
5088.0,191,7911,5279.0
5088.0,189,9488,5277.0
5429.0,233,3979,5662.0
5430.0,231,3952,5661.0
5434.0,2654,44,8088.0
5485.0,174,35,5659.0
5488.0,171,35,5659.0
9762.0,276,43,10038.0
823.0,414,1265,1237.0
824.0,415,595,1239.0
825.0,414,219,1239.0
825.0,413,2225,1238.0
834.0,102,5343,936.0
835.0,1826,7559,2661.0
837.0,1972,2611,2809.0
837.0,1977,2686,2814.0
837.0,1973,1931,2810.0
839.0,67,9761,906.0
840.0,2344,2416,3184.0
842.0,3748,668,4590.0
1021.0,3569,43,4590.0
1023.0,3570,2403,4593.0
1024.0,3735,86,4759.0
1024.0,3640,51,4664.0
1025.0,3733,1202,4758.0
1025.0,3640,1241,4665.0
1026.0,3731,3163,4757.0
1028.0,3817,423,4845.0
1193.0,0,43,1193.0
1194.0,3750,72,4944.0
1194.0,3726,73,4920.0
1198.0,3651,2512,4849.0
1201.0,3643,60,4844.0
1202.0,3720,44,4922.0
1202.0,3792,145,4994.0
1203.0,3787,1589,4990.0
1205.0,3874,46,5079.0
1206.0,3870,442,5076.0
1207.0,3869,317,5076.0
2658.0,527,44,3185.0
2791.0,2286,50,5077.0
2791.0,3552,46,6343.0
2796.0,3546,50,6342.0
2797.0,3541,50,6338.0
2799.0,3543,50,6342.0
2802.0,3538,56,6340.0
2803.0,3659,6829,6462.0
2804.0,3655,7911,6459.0
2805.0,3677,9488,6482.0
4667.0,4415,3979,9082.0
4668.0,4426,3952,9094.0
4672.0,458,44,5130.0
4724.0,122,35,4846.0
4727.0,204,35,4931.0
9974.0,1201,43,11175.0
917.0,418,1265,1335.0
919.0,419,595,1338.0
919.0,414,219,1333.0
920.0,418,2225,1338.0
924.0,104,5343,1028.0
925.0,107,7559,1032.0
926.0,409,2611,1335.0
926.0,119,2686,1045.0
926.0,410,1931,1336.0
928.0,55,9761,983.0
928.0,2495,2416,3423.0
931.0,3207,668,4138.0
1116.0,3020,43,4136.0
1117.0,3022,2403,4139.0
1119.0,3018,86,4137.0
1119.0,3021,51,4140.0
1120.0,3168,1202,4288.0
1120.0,3173,1241,4293.0
1121.0,3173,3163,4294.0
1123.0,3161,423,4284.0
1291.0,0,43,1291.0
1292.0,2990,72,4282.0
1292.0,2997,73,4289.0
1294.0,3082,2512,4376.0
1297.0,3069,60,4366.0
1298.0,3079,44,4377.0
1298.0,3063,145,4361.0
1299.0,3062,1589,4361.0
1302.0,3064,46,4366.0
1302.0,3128,442,4430.0
1303.0,3126,317,4429.0
4147.0,284,50,4431.0
4148.0,279,46,4427.0
4152.0,279,50,4431.0
4154.0,300,50,4454.0
4155.0,354,50,4509.0
4158.0,352,56,4510.0
4160.0,349,6829,4509.0
4160.0,347,7911,4507.0
4161.0,363,9488,4524.0
4526.0,242,3979,4768.0
4526.0,243,3952,4769.0
4531.0,2471,44,7002.0
4582.0,187,35,4769.0
4585.0,185,35,4770.0
9987.0,278,43,10265.0
935.0,427,1265,1362.0
936.0,425,595,1361.0
937.0,429,219,1366.0
937.0,428,2225,1365.0
942.0,84,5343,1026.0
942.0,89,7559,1031.0
943.0,421,2611,1364.0
944.0,121,2686,1065.0
944.0,419,1931,1363.0
946.0,56,9761,1002.0
946.0,1948,2416,2894.0
949.0,2073,668,3022.0
1144.0,1874,43,3018.0
1145.0,1871,2403,3016.0
1146.0,1935,86,3081.0
1147.0,1937,51,3084.0
1147.0,1938,1202,3085.0
1148.0,1936,1241,3084.0
1148.0,1934,3163,3082.0
1151.0,1966,423,3117.0
1317.0,0,43,1317.0
1318.0,1827,72,3145.0
1318.0,1828,73,3146.0
1320.0,1823,2512,3143.0
1323.0,1822,60,3145.0
1324.0,1819,44,3143.0
1325.0,1859,145,3184.0
1325.0,1865,1589,3190.0
1329.0,1860,46,3189.0
1329.0,1860,442,3189.0
1330.0,1856,317,3186.0
3324.0,1767,50,5091.0
3325.0,1777,46,5102.0
3330.0,1772,50,5102.0
3331.0,1759,50,5090.0
3333.0,1757,50,5090.0
3336.0,1755,56,5091.0
3337.0,1870,6829,5207.0
3338.0,1856,7911,5194.0
3339.0,1859,9488,5198.0
5282.0,213,3979,5495.0
5283.0,210,3952,5493.0
5287.0,1594,44,6881.0
5338.0,214,35,5552.0
5342.0,210,35,5552.0
9673.0,289,43,9962.0
933.0,1763,1265,2696.0
934.0,1759,595,2693.0
934.0,1760,219,2694.0
935.0,1760,2225,2695.0
939.0,88,5343,1027.0
940.0,93,7559,1033.0
941.0,1738,2611,2679.0
941.0,103,2686,1044.0
941.0,1737,1931,2678.0
944.0,61,9761,1005.0
944.0,2396,2416,3340.0
946.0,2408,668,3354.0
1175.0,2180,43,3355.0
1176.0,2195,2403,3371.0
1178.0,3412,86,4590.0
1179.0,3437,51,4616.0
1179.0,3437,1202,4616.0
1180.0,3409,1241,4589.0
1180.0,3411,3163,4591.0
1183.0,3434,423,4617.0
2680.0,0,43,2680.0
2680.0,2014,72,4694.0
2681.0,2036,73,4717.0
2682.0,2037,2512,4719.0
2685.0,1999,60,4684.0
2686.0,1997,44,4683.0
2686.0,2112,145,4798.0
2686.0,2124,1589,4810.0
2689.0,2111,46,4800.0
2690.0,2106,442,4796.0
2691.0,2104,317,4795.0
4598.0,278,50,4876.0
4598.0,336,46,4934.0
4603.0,330,50,4933.0
4604.0,326,50,4930.0
4606.0,326,50,4932.0
4609.0,362,56,4971.0
4610.0,356,6829,4966.0
4611.0,359,7911,4970.0
4612.0,362,9488,4974.0
5026.0,2,807,5028.0
5034.0,249,3979,5283.0
5035.0,252,3952,5287.0
5039.0,2878,44,7917.0
5091.0,193,35,5284.0
5095.0,186,35,5281.0
10117.0,268,43,10385.0
887.0,1909,1265,2796.0
889.0,1903,595,2792.0
889.0,1904,219,2793.0
889.0,1906,2225,2795.0
1070.0,100,5343,1170.0
1070.0,105,7559,1175.0
1071.0,1722,2611,2793.0
1072.0,115,2686,1187.0
1072.0,1722,1931,2794.0
1075.0,58,9761,1133.0
1075.0,2153,2416,3228.0
1078.0,2201,668,3279.0
1117.0,2160,43,3277.0
1118.0,2160,2403,3278.0
1119.0,2176,86,3295.0
1120.0,2175,51,3295.0
1120.0,2201,1202,3321.0
1121.0,2196,1241,3317.0
1121.0,2202,3163,3323.0
1123.0,2192,423,3315.0
1284.0,0,43,1284.0
1285.0,2047,72,3332.0
1285.0,2057,73,3342.0
1288.0,2069,2512,3357.0
1291.0,2064,60,3355.0
1292.0,2064,44,3356.0
1292.0,2074,145,3366.0
1293.0,2081,1589,3374.0
1296.0,2078,46,3374.0
1296.0,3667,442,4963.0
1297.0,3666,317,4963.0
4945.0,192,50,5137.0
4945.0,193,46,5138.0
4950.0,185,50,5135.0
4951.0,188,50,5139.0
4952.0,119,50,5071.0
4955.0,239,56,5194.0
4957.0,327,6829,5284.0
4958.0,325,7911,5283.0
4958.0,277,9488,5235.0
5386.0,1708,3979,7094.0
5387.0,1697,3952,7084.0
5392.0,4530,44,9922.0
5448.0,1647,35,7095.0
5452.0,1639,35,7091.0
10629.0,311,43,10940.0
989.0,428,1265,1417.0
991.0,425,595,1416.0
991.0,423,219,1414.0
992.0,425,2225,1417.0
1057.0,76,5343,1133.0
1058.0,82,7559,1140.0
1061.0,358,2611,1419.0
1061.0,88,2686,1149.0
1061.0,357,1931,1418.0
1064.0,45,9761,1109.0
1064.0,2004,2416,3068.0
1067.0,2132,668,3199.0
1199.0,1991,43,3190.0
1200.0,2000,2403,3200.0
1201.0,2062,86,3263.0
1202.0,2061,51,3263.0
1203.0,2062,1202,3265.0
1203.0,2062,1241,3265.0
1203.0,2059,3163,3262.0
1206.0,2101,423,3307.0
1373.0,0,43,1373.0
1374.0,1935,72,3309.0
1374.0,1947,73,3321.0
1376.0,1935,2512,3311.0
1379.0,1938,60,3317.0
1380.0,1933,44,3313.0
1381.0,1987,145,3368.0
1381.0,1985,1589,3366.0
1384.0,1983,46,3367.0
1385.0,1983,442,3368.0
1386.0,1983,317,3369.0
3471.0,71,50,3542.0
3471.0,71,46,3542.0
3476.0,69,50,3545.0
3477.0,64,50,3541.0
3479.0,65,50,3544.0
3482.0,61,56,3543.0
3484.0,1808,6829,5292.0
3484.0,1808,7911,5292.0
3485.0,1805,9488,5290.0
5460.0,201,3979,5661.0
5461.0,202,3952,5663.0
5465.0,2797,44,8262.0
5518.0,144,35,5662.0
5522.0,141,35,5663.0
9515.0,281,43,9796.0
933.0,413,1265,1346.0
935.0,411,595,1346.0
935.0,412,219,1347.0
936.0,409,2225,1345.0
1033.0,73,5343,1106.0
1033.0,77,7559,1110.0
1034.0,309,2611,1343.0
1035.0,86,2686,1121.0
1035.0,308,1931,1343.0
1040.0,44,9761,1084.0
1041.0,2165,2416,3206.0
1043.0,2305,668,3348.0
1128.0,2216,43,3344.0
1129.0,2216,2403,3345.0
1130.0,2217,86,3347.0
1130.0,2282,51,3412.0
1131.0,2284,1202,3415.0
1131.0,2290,1241,3421.0
1131.0,2288,3163,3419.0
1134.0,2288,423,3422.0
1298.0,0,43,1298.0
1299.0,2210,72,3509.0
1300.0,2210,73,3510.0
1301.0,2201,2512,3502.0
1304.0,2202,60,3506.0
1305.0,2198,44,3503.0
1306.0,2201,145,3507.0
1306.0,2272,1589,3578.0
1310.0,2268,46,3578.0
1311.0,2267,442,3578.0
1311.0,2267,317,3578.0
3783.0,125,50,3908.0
3783.0,121,46,3904.0
3788.0,117,50,3905.0
3790.0,114,50,3904.0
3791.0,111,50,3902.0
3795.0,113,56,3908.0
3796.0,149,6829,3945.0
3797.0,153,7911,3950.0
3797.0,153,9488,3950.0
6094.0,299,3979,6393.0
6095.0,266,3952,6361.0
6099.0,1189,44,7288.0
6151.0,242,35,6393.0
6154.0,238,35,6392.0
10503.0,1223,43,11726.0
925.0,410,1265,1335.0
926.0,407,595,1333.0
927.0,411,219,1338.0
927.0,409,2225,1336.0
958.0,75,5343,1033.0
959.0,82,7559,1041.0
960.0,378,2611,1338.0
960.0,91,2686,1051.0
960.0,374,1931,1334.0
962.0,51,9761,1013.0
963.0,2088,2416,3051.0
965.0,2207,668,3172.0
1117.0,2112,43,3229.0
1118.0,2111,2403,3229.0
1119.0,2108,86,3227.0
1119.0,2106,51,3225.0
1120.0,2108,1202,3228.0
1120.0,2160,1241,3280.0
1121.0,2156,3163,3277.0
1124.0,2152,423,3276.0
1289.0,0,43,1289.0
1290.0,1995,72,3285.0
1290.0,1992,73,3282.0
1292.0,1990,2512,3282.0
1295.0,2028,60,3323.0
1296.0,2020,44,3316.0
1297.0,2024,145,3321.0
1297.0,2025,1589,3322.0
1300.0,2021,46,3321.0
1301.0,2029,442,3330.0
1302.0,2053,317,3355.0
5106.0,137,50,5243.0
5107.0,136,46,5243.0
5111.0,130,50,5241.0
5113.0,138,50,5251.0
5114.0,139,50,5253.0
5117.0,127,56,5244.0
5119.0,226,6829,5345.0
5120.0,246,7911,5366.0
5120.0,238,9488,5358.0
5522.0,231,3979,5753.0
5523.0,231,3952,5754.0
5527.0,2957,44,8484.0
5578.0,174,35,5752.0
5581.0,168,35,5749.0
10233.0,303,43,10536.0
960.0,431,1265,1391.0
961.0,425,595,1386.0
962.0,428,219,1390.0
962.0,428,2225,1390.0
970.0,97,5343,1067.0
971.0,103,7559,1074.0
972.0,417,2611,1389.0
972.0,113,2686,1085.0
972.0,415,1931,1387.0
975.0,57,9761,1032.0
975.0,2234,2416,3209.0
978.0,2356,668,3334.0
1170.0,2166,43,3336.0
1171.0,2162,2403,3333.0
1171.0,2163,86,3334.0
1172.0,2231,51,3403.0
1172.0,2229,1202,3401.0
1173.0,2227,1241,3400.0
1173.0,2225,3163,3398.0
1175.0,2225,423,3400.0
1344.0,0,43,1344.0
1345.0,2056,72,3401.0
1345.0,2098,73,3443.0
1347.0,2137,2512,3484.0
1350.0,2132,60,3482.0
1351.0,2089,44,3440.0
1352.0,2134,145,3486.0
1352.0,2131,1589,3483.0
1355.0,2155,46,3510.0
1356.0,2164,442,3520.0
1356.0,2164,317,3520.0
3582.0,76,50,3658.0
3583.0,77,46,3660.0
3587.0,71,50,3658.0
3589.0,77,50,3666.0
3590.0,94,50,3684.0
3593.0,92,56,3685.0
3595.0,101,6829,3696.0
3596.0,2188,7911,5784.0
3596.0,117,9488,3713.0
5964.0,204,3979,6168.0
5965.0,203,3952,6168.0
5969.0,1431,44,7400.0
6020.0,145,35,6165.0
6023.0,146,35,6169.0
10454.0,269,43,10723.0
4262.0,438,1265,4700.0
4263.0,438,595,4701.0
4264.0,437,219,4701.0
4264.0,438,2225,4702.0
4269.0,89,5343,4358.0
4269.0,96,7559,4365.0
4270.0,429,2611,4699.0
4271.0,103,2686,4374.0
4271.0,427,1931,4698.0
4273.0,58,9761,4331.0
4274.0,1993,2416,6267.0
4276.0,2142,668,6418.0
4477.0,1939,43,6416.0
4478.0,1940,2403,6418.0
4480.0,1930,86,6410.0
4480.0,2007,51,6487.0
4481.0,2006,1202,6487.0
4481.0,2004,1241,6485.0
4482.0,2008,3163,6490.0
4485.0,2000,423,6485.0
4653.0,0,43,4653.0
4653.0,1917,72,6570.0
4654.0,1919,73,6573.0
4656.0,1916,2512,6572.0
4659.0,1913,60,6572.0
4660.0,1914,44,6574.0
4660.0,1905,145,6565.0
4661.0,1963,1589,6624.0
4664.0,1959,46,6623.0
4664.0,1960,442,6624.0
4665.0,1959,317,6624.0
6713.0,91,50,6804.0
6714.0,91,46,6805.0
6719.0,88,50,6807.0
6720.0,87,50,6807.0
6722.0,84,50,6806.0
6725.0,83,56,6808.0
6727.0,120,6829,6847.0
6727.0,118,7911,6845.0
6728.0,113,9488,6841.0
6965.0,2456,3979,9421.0
6966.0,2456,3952,9422.0
6970.0,2811,44,9781.0
7027.0,2397,35,9424.0
7031.0,2392,35,9423.0
13105.0,315,43,13420.0
852.0,1910,1265,2762.0
853.0,1908,595,2761.0
854.0,1922,219,2776.0
854.0,1905,2225,2759.0
859.0,115,5343,974.0
859.0,121,7559,980.0
860.0,1900,2611,2760.0
860.0,131,2686,991.0
860.0,1900,1931,2760.0
863.0,87,9761,950.0
863.0,2366,2416,3229.0
866.0,2379,668,3245.0
1122.0,2136,43,3258.0
1123.0,2136,2403,3259.0
1124.0,2147,86,3271.0
1125.0,2144,51,3269.0
1126.0,2151,1202,3277.0
1126.0,2165,1241,3291.0
1126.0,2166,3163,3292.0
1129.0,2179,423,3308.0
2763.0,0,43,2763.0
2763.0,544,72,3307.0
2764.0,550,73,3314.0
2765.0,549,2512,3314.0
2767.0,561,60,3328.0
2768.0,560,44,3328.0
2769.0,576,145,3345.0
2769.0,579,1589,3348.0
2772.0,580,46,3352.0
2772.0,576,442,3348.0
2773.0,585,317,3358.0
5299.0,138,50,5437.0
5299.0,135,46,5434.0
5304.0,129,50,5433.0
5306.0,126,50,5432.0
5307.0,128,50,5435.0
5310.0,122,56,5432.0
5312.0,252,6829,5564.0
5313.0,247,7911,5560.0
5313.0,254,9488,5567.0
5703.0,248,3979,5951.0
5703.0,248,3952,5951.0
5708.0,3023,44,8731.0
5765.0,187,35,5952.0
5769.0,184,35,5953.0
10437.0,274,43,10711.0
936.0,1856,1265,2792.0
938.0,1855,595,2793.0
938.0,1869,219,2807.0
939.0,1852,2225,2791.0
943.0,97,5343,1040.0
944.0,98,7559,1042.0
945.0,1862,2611,2807.0
945.0,110,2686,1055.0
945.0,1846,1931,2791.0
947.0,69,9761,1016.0
947.0,2353,2416,3300.0
950.0,2388,668,3338.0
1193.0,2146,43,3339.0
1194.0,2153,2403,3347.0
1195.0,2160,86,3355.0
1195.0,2180,51,3375.0
1196.0,2178,1202,3374.0
1196.0,2179,1241,3375.0
1197.0,2196,3163,3393.0
1200.0,2192,423,3392.0
2793.0,0,43,2793.0
2794.0,623,72,3417.0
2794.0,624,73,3418.0
2796.0,615,2512,3411.0
2798.0,632,60,3430.0
2799.0,630,44,3429.0
2800.0,640,145,3440.0
2800.0,655,1589,3455.0
2803.0,653,46,3456.0
2803.0,657,442,3460.0
2804.0,657,317,3461.0
5313.0,88,50,5401.0
5313.0,123,46,5436.0
5318.0,82,50,5400.0
5320.0,87,50,5407.0
5321.0,114,50,5435.0
5324.0,188,56,5512.0
5326.0,184,6829,5510.0
5327.0,180,7911,5507.0
5327.0,184,9488,5511.0
5711.0,218,3979,5929.0
5711.0,222,3952,5933.0
5715.0,3025,44,8740.0
5770.0,162,35,5932.0
5774.0,158,35,5932.0
10654.0,769,43,11423.0
1129.0,1854,1265,2983.0
1131.0,1868,595,2999.0
1131.0,1869,219,3000.0
1132.0,1852,2225,2984.0
1140.0,99,5343,1239.0
1140.0,105,7559,1245.0
1141.0,1844,2611,2985.0
1142.0,117,2686,1259.0
1142.0,1844,1931,2986.0
1145.0,64,9761,1209.0
1145.0,2315,2416,3460.0
1151.0,2317,668,3468.0
1334.0,2141,43,3475.0
1335.0,2154,2403,3489.0
1337.0,2170,86,3507.0
1337.0,2162,51,3499.0
1338.0,2170,1202,3508.0
1338.0,2175,1241,3513.0
1339.0,2177,3163,3516.0
1342.0,2178,423,3520.0
2987.0,0,43,2987.0
2987.0,544,72,3531.0
2987.0,556,73,3543.0
2989.0,554,2512,3543.0
2991.0,553,60,3544.0
2992.0,564,44,3556.0
2993.0,564,145,3557.0
2993.0,571,1589,3564.0
2996.0,584,46,3580.0
2996.0,584,442,3580.0
2997.0,585,317,3582.0
5623.0,138,50,5761.0
5624.0,140,46,5764.0
5628.0,132,50,5760.0
5630.0,134,50,5764.0
5631.0,132,50,5763.0
5634.0,128,56,5762.0
5636.0,245,6829,5881.0
5637.0,250,7911,5887.0
5637.0,246,9488,5883.0
6049.0,258,3979,6307.0
6050.0,258,3952,6308.0
6054.0,3241,44,9295.0
6110.0,197,35,6307.0
6114.0,194,35,6308.0
11139.0,285,43,11424.0
1088.0,417,1265,1505.0
1089.0,414,595,1503.0
1089.0,408,219,1497.0
1090.0,414,2225,1504.0
1094.0,130,5343,1224.0
1095.0,134,7559,1229.0
1096.0,403,2611,1499.0
1096.0,147,2686,1243.0
1096.0,399,1931,1495.0
1098.0,58,9761,1156.0
1098.0,2322,2416,3420.0
1101.0,2322,668,3423.0
1512.0,1909,43,3421.0
1513.0,1909,2403,3422.0
1514.0,2059,86,3573.0
1514.0,2063,51,3577.0
1515.0,2053,1202,3568.0
1515.0,2061,1241,3576.0
1515.0,2056,3163,3571.0
1518.0,3725,423,5243.0
3495.0,0,43,3495.0
3496.0,1750,72,5246.0
3496.0,1745,73,5241.0
3498.0,1738,2512,5236.0
3501.0,1741,60,5242.0
3507.0,1734,44,5241.0
3507.0,1812,145,5319.0
3508.0,1809,1589,5317.0
3511.0,1810,46,5321.0
3511.0,1809,442,5320.0
3512.0,1810,317,5322.0
5678.0,91,50,5769.0
5679.0,91,46,5770.0
5684.0,84,50,5768.0
5685.0,82,50,5767.0
5687.0,84,50,5771.0
5690.0,79,56,5769.0
5692.0,120,6829,5812.0
5692.0,120,7911,5812.0
5693.0,114,9488,5807.0
7642.0,206,3979,7848.0
7643.0,208,3952,7851.0
7647.0,3546,44,11193.0
7704.0,144,35,7848.0
7709.0,138,35,7847.0
12354.0,826,43,13180.0
