450	58
500	147
550	18
600	71
650	117
700	287
750	471
800	231
850	250
900	68
950	238
1000	164
1050	121
1100	103
1150	83
1200	31
1250	19
1300	34
1350	39
1400	51
1450	35
1500	20
1550	11
1600	2
1650	3
1700	0
1750	5
1800	5
1850	26
1900	0
1950	0
2000	3
2050	0
2100	3
2150	0
2200	0
2250	0
2300	0
2350	0
2400	1
2450	5
2500	0
2550	0
2600	0
2650	0
2700	0
2750	0
2800	0
2850	0
2900	0
2950	3
3000	2
3050	1
3100	3
3150	0
3200	0
3250	3
3300	0
3350	2
3400	2
3450	0
3500	0
3550	0
3600	3
3650	0
3700	0
3750	0
3800	0
3850	0
3900	0
3950	0
4000	0
4050	0
4100	0
4150	0
4200	0
4250	0
4300	0
4350	0
4400	0
4450	0
4500	0
4550	0
4600	3
4650	0
4700	0
4750	0
4800	0
4850	0
4900	0
4950	0
5000	0
5050	0
5100	0
5150	0
5200	0
5250	0
5300	0
5350	0
5400	0
5450	0
5500	0
5550	0
5600	0
5650	0
5700	0
5750	0
5800	0
5850	0
5900	0
5950	0
6000	0
6050	0
6100	0
6150	0
6200	0
6250	0
6300	3
