440	6
460	24
480	42
500	45
520	38
540	25
560	30
580	20
600	39
620	33
640	13
660	37
680	19
700	15
720	20
740	42
760	30
780	39
800	45
820	42
840	25
860	9
880	18
900	39
920	26
940	21
960	21
980	22
1000	6
1020	8
1040	18
1060	1
1080	1
1100	2
1120	5
1140	7
1160	10
1180	3
1200	0
1220	0
1240	10
1260	1
1280	6
1300	0
1320	1
1340	2
1360	0
1380	1
1400	0
1420	1
1440	1
1460	1
1480	0
1500	2
1520	2
1540	1
1560	0
1580	0
1600	1
1620	1
1640	0
1660	0
1680	0
1700	1
1720	2
1740	0
1760	0
1780	0
1800	1
1820	2
1840	0
1860	0
1880	0
1900	1
1920	2
1940	1
1960	0
1980	3
2000	1
2020	1
2040	1
2060	1
2080	2
2100	0
2120	0
2140	1
2160	2
2180	1
2200	0
2220	1
2240	2
2260	5
2280	0
2300	0
2320	1
2340	0
2360	0
2380	2
2400	0
2420	0
2440	1
2460	1
2480	1
2500	1
2520	1
2540	0
2560	1
2580	0
2600	1
2620	1
2640	2
2660	2
2680	0
2700	1
2720	1
2740	4
2760	0
2780	1
2800	2
2820	1
2840	0
2860	2
2880	0
2900	1
2920	2
2940	1
2960	0
2980	1
3000	1
3020	0
3040	0
3060	3
3080	0
3100	0
3120	1
3140	1
3160	2
3180	0
3200	0
3220	0
3240	1
3260	0
3280	0
3300	1
3320	0
3340	0
3360	1
3380	0
3400	2
3420	0
3440	0
3460	0
3480	0
3500	0
3520	0
3540	0
3560	1
3580	0
3600	1
3620	0
3640	0
3660	1
3680	2
3700	0
3720	1
3740	0
3760	0
3780	2
3800	0
3820	0
3840	1
3860	0
3880	0
3900	0
3920	1
3940	0
3960	2
3980	0
4000	1
4020	1
4040	0
4060	0
4080	1
4100	0
4120	1
4140	2
4160	1
4180	1
4200	2
4220	0
4240	1
4260	1
4280	2
4300	1
4320	1
4340	0
4360	2
4380	2
4400	0
4420	1
4440	0
4460	1
4480	0
4500	0
4520	0
4540	3
4560	2
4580	2
4600	0
4620	0
4640	1
4660	1
4680	1
4700	0
4720	3
4740	0
4760	1
4780	1
4800	0
4820	1
4840	0
4860	2
4880	0
4900	1
4920	0
4940	2
4960	1
4980	1
5000	1
5020	0
5040	2
5060	0
5080	0
5100	0
5120	0
5140	0
5160	0
5180	0
5200	1
5220	2
5240	2
5260	0
5280	0
5300	1
5320	0
5340	0
5360	0
5380	0
5400	0
5420	0
5440	0
5460	0
5480	1
5500	0
5520	0
5540	0
5560	0
5580	1
5600	0
5620	0
5640	0
5660	0
5680	0
5700	0
5720	0
5740	0
5760	0
5780	0
5800	0
5820	0
5840	0
5860	0
5880	1
5900	0
5920	0
5940	0
5960	0
5980	0
6000	0
6020	1
