0	287
50	346
100	311
150	245
200	183
250	177
300	147
350	97
400	228
450	50
500	83
550	112
600	103
650	87
700	88
750	71
800	72
850	50
900	59
950	68
1000	31
1050	83
1100	58
1150	79
1200	91
1250	73
1300	82
1350	70
1400	49
1450	56
1500	31
1550	30
1600	33
1650	29
1700	36
1750	44
1800	46
1850	40
1900	42
1950	29
2000	36
2050	46
2100	31
2150	57
2200	26
2250	17
2300	13
2350	12
2400	1
2450	6
2500	2
2550	2
2600	2
2650	1
2700	1
2750	1
2800	1
2850	2
2900	0
2950	3
3000	6
3050	6
3100	2
3150	5
3200	2
3250	0
3300	5
3350	0
3400	7
3450	1
3500	5
3550	3
3600	3
3650	6
3700	10
3750	2
3800	2
3850	3
3900	0
3950	0
4000	0
4050	0
4100	0
4150	0
4200	0
4250	0
4300	0
4350	0
4400	2
4450	0
4500	1
4550	0
4600	0
4650	2
4700	2
4750	0
4800	0
4850	0
4900	0
4950	0
5000	0
5050	0
5100	0
5150	0
5200	0
5250	0
5300	0
5350	0
5400	0
5450	2
5500	1
5550	0
5600	0
5650	0
5700	0
5750	0
5800	0
5850	0
5900	0
5950	0
6000	0
6050	0
6100	2
6150	0
6200	0
6250	0
6300	0
6350	0
6400	0
6450	1
6500	4
6550	4
6600	1
6650	0
6700	0
6750	1
6800	1
6850	2
6900	2
6950	1
7000	0
7050	0
7100	0
7150	0
7200	0
7250	0
7300	0
7350	0
7400	0
7450	0
7500	0
7550	0
7600	0
7650	0
7700	1
7750	1
7800	5
7850	4
7900	1
