480	2
500	0
520	1
540	2
560	3
580	6
600	19
620	34
640	20
660	8
680	3
700	16
720	12
740	12
760	15
780	10
800	11
820	10
840	10
860	5
880	13
900	13
920	16
940	21
960	26
980	16
1000	10
1020	11
1040	8
1060	10
1080	9
1100	18
1120	14
1140	9
1160	6
1180	8
1200	5
1220	6
1240	2
1260	4
1280	10
1300	4
1320	4
1340	2
1360	6
1380	4
1400	4
1420	4
1440	7
1460	4
1480	1
1500	1
1520	7
1540	4
1560	2
1580	0
1600	1
1620	3
1640	1
1660	0
1680	1
1700	0
1720	0
1740	2
1760	0
1780	1
1800	1
1820	0
1840	1
1860	1
1880	0
1900	0
1920	0
1940	0
1960	0
1980	0
2000	0
2020	0
2040	1
2060	1
2080	1
2100	1
2120	0
2140	1
2160	1
2180	1
2200	2
2220	0
2240	1
2260	1
2280	1
2300	0
2320	0
2340	1
2360	1
2380	1
2400	0
2420	0
2440	0
2460	0
2480	0
2500	0
2520	0
2540	0
2560	0
2580	1
2600	0
2620	0
2640	0
2660	0
2680	0
2700	0
2720	0
2740	0
2760	0
2780	0
2800	0
2820	0
2840	0
2860	0
2880	1
2900	0
2920	0
2940	0
2960	0
2980	0
3000	1
3020	1
3040	1
3060	1
3080	0
3100	0
3120	0
3140	0
3160	0
3180	0
3200	0
3220	1
3240	0
3260	1
3280	0
3300	0
3320	0
3340	0
3360	1
3380	0
3400	0
3420	0
3440	0
3460	0
3480	0
3500	2
3520	0
3540	0
3560	0
3580	0
3600	0
3620	1
3640	1
3660	1
3680	0
3700	1
3720	1
3740	1
3760	0
3780	0
3800	0
3820	0
3840	0
3860	0
3880	0
3900	0
3920	0
3940	1
3960	2
3980	0
4000	0
4020	3
4040	3
4060	0
4080	0
4100	1
4120	1
4140	0
4160	0
4180	0
4200	0
4220	0
4240	0
4260	0
4280	0
4300	0
4320	0
4340	0
4360	0
4380	2
4400	0
4420	0
4440	0
4460	0
4480	0
4500	0
4520	0
4540	0
4560	0
4580	0
4600	0
4620	0
4640	0
4660	0
4680	0
4700	0
4720	0
4740	0
4760	0
4780	0
4800	0
4820	0
4840	1
