600	2
620	0
640	0
660	3
680	15
700	13
720	23
740	15
760	14
780	4
800	24
820	15
840	10
860	13
880	5
900	4
920	11
940	22
960	23
980	10
1000	13
1020	19
1040	7
1060	16
1080	8
1100	4
1120	7
1140	17
1160	14
1180	14
1200	3
1220	10
1240	2
1260	8
1280	5
1300	5
1320	3
1340	6
1360	6
1380	1
1400	0
1420	7
1440	4
1460	3
1480	9
1500	1
1520	3
1540	0
1560	1
1580	7
1600	3
1620	0
1640	0
1660	0
1680	1
1700	0
1720	0
1740	1
1760	2
1780	0
1800	5
1820	0
1840	0
1860	1
1880	1
1900	2
1920	0
1940	1
1960	0
1980	0
2000	0
2020	4
2040	2
2060	0
2080	1
2100	0
2120	2
2140	3
2160	3
2180	0
2200	0
2220	7
2240	0
2260	2
2280	0
2300	0
2320	0
2340	1
2360	3
2380	1
2400	0
2420	0
2440	4
2460	0
2480	1
2500	0
2520	1
2540	0
2560	0
2580	1
2600	2
2620	0
2640	0
2660	1
2680	1
2700	1
2720	0
2740	0
2760	0
2780	0
2800	0
2820	0
2840	0
2860	1
2880	0
2900	0
2920	0
2940	0
2960	0
2980	0
3000	0
3020	0
3040	0
3060	0
3080	0
3100	1
3120	2
3140	0
3160	0
3180	1
3200	1
3220	0
3240	1
3260	1
3280	1
3300	0
3320	0
3340	1
3360	0
3380	4
3400	2
3420	1
3440	0
3460	1
3480	0
3500	0
3520	0
3540	0
3560	0
3580	3
3600	1
3620	0
3640	0
3660	0
3680	0
3700	4
3720	1
3740	0
3760	0
3780	1
3800	1
3820	0
3840	0
3860	1
3880	0
3900	3
3920	1
3940	1
3960	0
3980	0
4000	1
4020	0
4040	0
4060	0
4080	3
4100	1
4120	0
4140	1
4160	0
4180	1
4200	3
4220	0
4240	0
4260	0
4280	0
4300	0
4320	0
4340	0
4360	1
4380	0
4400	0
4420	0
4440	0
4460	2
4480	1
4500	1
4520	0
4540	0
4560	1
4580	1
4600	1
4620	0
4640	1
4660	1
4680	0
4700	2
4720	1
4740	0
4760	0
4780	0
4800	0
4820	0
4840	0
4860	0
4880	0
4900	0
4920	0
4940	0
4960	0
4980	0
5000	0
5020	0
5040	0
5060	0
5080	0
5100	0
5120	0
5140	0
5160	0
5180	0
5200	0
5220	0
5240	0
5260	0
5280	0
5300	0
5320	1
