0	374
50	0
100	372
150	265
200	93
250	93
300	0
350	0
400	0
450	0
500	0
550	0
600	0
650	0
700	0
750	0
800	0
850	0
900	0
950	95
1000	186
1050	0
1100	93
1150	0
1200	0
1250	0
1300	0
1350	0
1400	0
1450	0
1500	0
1550	93
1600	0
1650	93
1700	0
1750	0
1800	0
1850	0
1900	0
1950	0
2000	0
2050	0
2100	0
2150	0
2200	93
2250	0
2300	0
2350	0
2400	0
2450	0
2500	0
2550	0
2600	0
2650	0
2700	0
2750	127
2800	0
2850	0
2900	93
2950	18
3000	17
3050	0
3100	0
3150	33
3200	0
3250	0
3300	39
3350	0
3400	74
3450	28
3500	33
3550	0
3600	0
3650	51
3700	150
3750	53
3800	15
3850	0
3900	15
3950	19
4000	47
4050	5
4100	1
4150	0
4200	78
4250	20
4300	0
4350	2
4400	0
4450	92
4500	0
4550	93
4600	32
4650	56
4700	93
4750	112
4800	102
4850	74
4900	108
4950	0
5000	4
5050	18
5100	14
5150	35
5200	8
5250	27
5300	0
5350	0
5400	13
5450	11
5500	165
5550	116
5600	23
5650	2
5700	0
5750	85
5800	21
5850	93
5900	24
5950	0
6000	22
6050	79
6100	60
6150	3
6200	0
6250	104
6300	0
6350	55
6400	0
6450	96
6500	0
6550	0
6600	0
6650	93
6700	0
6750	0
6800	0
6850	0
6900	0
6950	0
7000	0
7050	182
7100	0
7150	0
7200	0
7250	1
7300	0
7350	110
7400	0
7450	0
7500	0
7550	0
7600	28
7650	0
7700	0
7750	1
7800	0
7850	0
7900	0
7950	93
8000	0
8050	0
8100	0
8150	0
8200	0
8250	0
8300	93
8350	0
8400	0
8450	18
8500	0
8550	0
8600	0
8650	0
8700	0
8750	0
8800	0
8850	0
8900	0
8950	39
