0	560
50	14
100	92
150	0
200	92
250	0
300	0
350	198
400	0
450	0
500	0
550	0
600	92
650	0
700	0
750	0
800	91
850	0
900	5
950	0
1000	91
1050	0
1100	92
1150	0
1200	106
1250	0
1300	0
1350	2
1400	0
1450	0
1500	91
1550	0
1600	0
1650	21
1700	0
1750	0
1800	92
1850	8
1900	0
1950	0
2000	139
2050	0
2100	0
2150	0
2200	0
2250	0
2300	0
2350	12
2400	63
2450	0
2500	50
2550	0
2600	91
2650	1
2700	0
2750	0
2800	0
2850	2
2900	2
2950	0
3000	0
3050	92
3100	0
3150	1
3200	0
3250	0
3300	12
3350	2
3400	4
3450	0
3500	0
3550	60
3600	4
3650	0
3700	0
3750	0
3800	0
3850	1
3900	118
3950	0
4000	0
4050	0
4100	1
4150	21
4200	0
4250	92
4300	1
4350	3
4400	14
4450	0
4500	0
4550	92
4600	92
4650	1
4700	136
4750	9
4800	1
4850	11
4900	1
4950	91
5000	6
5050	0
5100	1
5150	0
5200	0
5250	0
5300	5
5350	0
5400	0
5450	91
5500	0
5550	0
5600	0
5650	0
5700	0
5750	2
5800	0
5850	0
5900	0
5950	1
6000	106
6050	0
6100	0
6150	0
6200	92
6250	92
6300	0
6350	0
6400	106
6450	0
6500	0
6550	0
6600	93
6650	0
6700	0
6750	0
6800	0
6850	28
6900	0
6950	92
7000	3
7050	0
7100	92
7150	0
7200	0
7250	23
7300	0
7350	0
7400	92
7450	0
7500	0
7550	4
7600	0
7650	0
7700	0
7750	0
7800	0
7850	0
7900	0
7950	91
8000	0
8050	0
8100	0
8150	0
8200	1
8250	0
8300	0
8350	0
8400	0
8450	0
8500	0
8550	0
8600	72
8650	0
8700	0
8750	0
8800	0
8850	0
8900	0
8950	1
9000	92
9050	0
9100	0
9150	0
9200	91
