950	2
1000	3
1050	20
1100	40
1150	20
1200	10
1250	92
1300	226
1350	464
1400	291
1450	201
1500	273
1550	149
1600	81
1650	62
1700	22
1750	12
1800	6
1850	3
1900	0
1950	0
2000	0
2050	1
2100	3
2150	18
2200	0
2250	1
2300	5
2350	6
2400	1
2450	4
2500	21
2550	0
2600	1
2650	4
2700	5
2750	9
2800	9
2850	13
2900	12
2950	1
3000	2
3050	6
3100	6
3150	4
3200	1
3250	9
3300	12
3350	3
3400	6
3450	8
3500	6
3550	6
3600	3
3650	4
3700	13
3750	7
3800	4
3850	8
3900	4
3950	0
4000	0
4050	2
4100	1
4150	4
4200	1
4250	7
4300	1
4350	5
4400	8
4450	1
4500	1
4550	5
4600	8
4650	1
4700	2
4750	1
4800	1
4850	1
4900	1
4950	3
5000	0
5050	1
5100	1
5150	9
5200	4
5250	7
5300	3
5350	1
5400	15
5450	3
5500	2
5550	5
5600	7
5650	3
5700	9
5750	0
5800	3
5850	0
5900	9
5950	10
6000	0
6050	6
6100	7
6150	8
6200	4
6250	1
6300	3
6350	9
6400	1
6450	4
6500	5
6550	0
6600	4
6650	8
6700	2
6750	7
6800	6
6850	4
6900	5
6950	2
7000	6
7050	3
7100	10
7150	4
7200	7
7250	7
7300	6
7350	9
7400	7
7450	5
7500	1
7550	2
7600	4
7650	4
7700	3
7750	2
7800	2
7850	1
7900	1
7950	0
8000	0
8050	0
8100	2
8150	0
8200	1
8250	0
8300	0
8350	1
8400	2
8450	0
8500	1
8550	0
8600	1
8650	0
8700	0
8750	0
8800	1
8850	0
8900	0
8950	0
9000	0
9050	0
9100	0
9150	0
9200	0
9250	0
9300	0
9350	0
9400	0
9450	0
9500	0
9550	0
9600	0
9650	0
9700	0
9750	0
9800	0
9850	0
9900	0
9950	1
10000	0
10050	0
10100	0
10150	0
10200	0
10250	1
10300	0
10350	0
10400	0
10450	1
10500	0
10550	0
10600	0
10650	0
10700	0
10750	0
10800	0
10850	0
10900	0
10950	0
11000	0
11050	0
11100	0
11150	0
11200	0
11250	1
11300	0
11350	0
11400	0
11450	0
11500	0
11550	0
11600	0
11650	0
11700	0
11750	0
11800	0
11850	1
