0	603
100	752
200	410
300	251
400	187
500	181
600	220
700	215
800	153
900	52
1000	96
1100	156
1200	193
1300	164
1400	90
1500	82
1600	104
1700	101
1800	87
1900	110
2000	104
2100	64
2200	72
2300	89
2400	59
2500	84
2600	66
2700	63
2800	42
2900	45
3000	17
3100	32
3200	26
3300	52
3400	12
3500	30
3600	32
3700	14
3800	21
3900	31
4000	10
4100	24
4200	11
4300	46
4400	33
4500	8
4600	0
4700	22
4800	14
4900	1
5000	0
5100	0
5200	4
5300	8
5400	0
5500	1
5600	10
5700	10
5800	14
5900	0
6000	1
6100	0
6200	5
6300	2
6400	18
6500	0
6600	6
6700	6
6800	5
6900	0
7000	0
7100	0
7200	0
7300	4
7400	0
7500	0
7600	1
7700	9
7800	0
7900	4
8000	11
8100	14
8200	0
8300	0
8400	0
8500	0
8600	0
8700	5
8800	3
8900	1
9000	0
9100	0
9200	27
9300	14
9400	1
9500	0
9600	0
9700	3
9800	4
9900	0
10000	0
10100	0
10200	0
10300	0
10400	1
10500	0
10600	0
10700	0
10800	0
10900	0
11000	0
11100	0
11200	0
11300	2
11400	1
11500	20
11600	2
11700	0
11800	0
11900	0
12000	5
12100	0
12200	0
12300	0
12400	2
12500	0
12600	0
12700	0
12800	5
12900	0
13000	4
13100	1
13200	0
13300	0
13400	0
13500	0
13600	0
13700	0
13800	0
13900	0
14000	0
14100	0
14200	0
14300	0
14400	0
14500	0
14600	0
14700	0
14800	0
14900	0
15000	0
15100	2
15200	0
15300	0
15400	0
15500	0
15600	1
