700	4
800	41
900	146
1000	80
1100	85
1200	134
1300	191
1400	139
1500	140
1600	148
1700	157
1800	83
1900	91
2000	120
2100	123
2200	159
2300	153
2400	138
2500	128
2600	102
2700	102
2800	88
2900	106
3000	104
3100	61
3200	84
3300	132
3400	95
3500	76
3600	50
3700	31
3800	42
3900	40
4000	74
4100	41
4200	45
4300	69
4400	43
4500	43
4600	41
4700	33
4800	26
4900	55
5000	20
5100	31
5200	38
5300	9
5400	17
5500	19
5600	26
5700	24
5800	16
5900	20
6000	3
6100	5
6200	3
6300	19
6400	16
6500	11
6600	6
6700	1
6800	14
6900	3
7000	8
7100	2
7200	1
7300	1
7400	3
7500	3
7600	0
7700	0
7800	8
7900	6
8000	6
8100	2
8200	4
8300	1
8400	2
8500	2
8600	1
8700	2
8800	2
8900	4
9000	5
9100	7
9200	9
9300	7
9400	9
9500	1
9600	0
9700	3
9800	0
9900	3
10000	1
10100	0
10200	1
10300	1
10400	0
10500	3
10600	0
10700	2
10800	0
10900	1
11000	1
11100	2
11200	0
11300	0
11400	2
11500	0
11600	1
11700	1
11800	0
11900	0
12000	0
12100	0
12200	0
12300	0
12400	0
12500	0
12600	0
12700	0
12800	0
12900	0
13000	0
13100	1
13200	0
13300	0
13400	1
13500	0
13600	0
13700	0
13800	0
13900	0
14000	0
14100	0
14200	0
14300	0
14400	0
14500	0
14600	0
14700	0
14800	0
14900	0
15000	0
15100	0
15200	0
15300	0
15400	0
15500	0
15600	0
15700	0
15800	0
15900	0
16000	0
16100	0
16200	0
16300	0
16400	0
16500	0
16600	0
16700	0
16800	0
16900	0
17000	0
17100	0
17200	0
17300	0
17400	0
17500	0
17600	0
17700	0
17800	1
