starttime,duration,size,total
1981.0,484,4064,2465.0
1982.0,374,43,2356.0
1983.0,298,2445,2281.0
2260.0,208,3366,2468.0
2261.0,205,2482,2466.0
2261.0,206,5132,2467.0
2262.0,206,8427,2468.0
2262.0,206,4226,2468.0
3167.0,50,1150,3217.0
3170.0,203,0,3373.0
3414.0,73,151,3487.0
602.0,69,4064,671.0
603.0,72,43,675.0
603.0,67,2445,670.0
734.0,60,3366,794.0
734.0,54,2482,788.0
735.0,53,5132,788.0
735.0,56,8427,791.0
736.0,56,4226,792.0
736.0,131,3268,867.0
1015.0,463,0,1478.0
1391.0,74,151,1465.0
471.0,54,4064,525.0
471.0,56,43,527.0
472.0,56,2445,528.0
601.0,22,3366,623.0
602.0,21,2482,623.0
602.0,20,5132,622.0
603.0,20,8427,623.0
603.0,21,4226,624.0
604.0,20,3268,624.0
668.0,222,0,890.0
1133.0,58,151,1191.0
483.0,74,4064,557.0
483.0,74,43,557.0
484.0,72,2445,556.0
634.0,19,3366,653.0
635.0,19,2482,654.0
635.0,17,5132,652.0
636.0,20,8427,656.0
636.0,17,4226,653.0
637.0,16,3268,653.0
1140.0,242,0,1382.0
1466.0,57,151,1523.0
700.0,125,4064,825.0
700.0,123,43,823.0
701.0,240,2445,941.0
800.0,142,3366,942.0
801.0,137,2482,938.0
802.0,138,5132,940.0
802.0,136,8427,938.0
802.0,140,4226,942.0
1331.0,332,0,1663.0
1608.0,79,151,1687.0
508.0,148,4064,656.0
509.0,149,43,658.0
510.0,150,2445,660.0
623.0,39,3366,662.0
624.0,35,2482,659.0
624.0,34,5132,658.0
625.0,37,8427,662.0
625.0,36,4226,661.0
1247.0,400,0,1647.0
1556.0,77,151,1633.0
487.0,65,4064,552.0
488.0,62,43,550.0
488.0,61,2445,549.0
616.0,64,3366,680.0
617.0,69,2482,686.0
617.0,62,5132,679.0
618.0,60,8427,678.0
618.0,70,4226,688.0
619.0,60,3268,679.0
1275.0,1078,0,2353.0
1519.0,78,151,1597.0
515.0,57,4064,572.0
516.0,56,43,572.0
517.0,230,2445,747.0
668.0,83,3366,751.0
669.0,79,2482,748.0
670.0,553,5132,1223.0
670.0,76,8427,746.0
670.0,76,4226,746.0
671.0,78,3268,749.0
1245.0,446,0,1691.0
1520.0,59,151,1579.0
474.0,128,4064,602.0
474.0,129,43,603.0
475.0,68,2445,543.0
622.0,28,3366,650.0
622.0,25,2482,647.0
623.0,26,5132,649.0
623.0,27,8427,650.0
624.0,24,4226,648.0
624.0,25,3268,649.0
701.0,914,0,1615.0
1538.0,78,151,1616.0
490.0,143,4064,633.0
491.0,147,43,638.0
491.0,96,2445,587.0
660.0,51,3366,711.0
660.0,29,2482,689.0
661.0,43,5132,704.0
661.0,50,8427,711.0
662.0,42,4226,704.0
662.0,548,4536,1210.0
1429.0,619,0,2048.0
1738.0,78,151,1816.0
514.0,96,4064,610.0
515.0,129,43,644.0
516.0,99,2445,615.0
678.0,37,3366,715.0
678.0,36,2482,714.0
679.0,35,5132,714.0
679.0,33,8427,712.0
679.0,32,4226,711.0
680.0,33,3268,713.0
755.0,556,0,1311.0
1840.0,79,151,1919.0
859.0,125,4064,984.0
860.0,131,43,991.0
861.0,122,2445,983.0
958.0,174,3366,1132.0
959.0,26,2482,985.0
960.0,26,5132,986.0
960.0,25,8427,985.0
960.0,22,4226,982.0
1715.0,643,0,2358.0
2234.0,78,151,2312.0
517.0,144,4064,661.0
517.0,141,43,658.0
518.0,141,2445,659.0
612.0,43,3366,655.0
613.0,47,2482,660.0
613.0,44,5132,657.0
613.0,48,8427,661.0
614.0,43,4226,657.0
1527.0,396,0,1923.0
1828.0,79,151,1907.0
465.0,207,4064,672.0
466.0,206,43,672.0
467.0,229,2445,696.0
658.0,62,3366,720.0
658.0,61,2482,719.0
659.0,60,5132,719.0
660.0,59,8427,719.0
660.0,61,4226,721.0
1625.0,194,0,1819.0
1923.0,79,151,2002.0
569.0,139,4064,708.0
570.0,138,43,708.0
571.0,138,2445,709.0
678.0,68,3366,746.0
678.0,67,2482,745.0
679.0,69,5132,748.0
679.0,69,8427,748.0
680.0,67,4226,747.0
1449.0,430,0,1879.0
1933.0,80,151,2013.0
500.0,148,4064,648.0
500.0,149,43,649.0
501.0,149,2445,650.0
684.0,38,3366,722.0
684.0,37,2482,721.0
685.0,38,5132,723.0
685.0,37,8427,722.0
686.0,33,4226,719.0
686.0,35,3268,721.0
1812.0,743,0,2555.0
2094.0,80,151,2174.0
518.0,181,4064,699.0
519.0,179,43,698.0
520.0,168,2445,688.0
673.0,63,3366,736.0
673.0,63,2482,736.0
674.0,63,5132,737.0
674.0,60,8427,734.0
674.0,799,4226,1473.0
1721.0,286,0,2007.0
2032.0,80,151,2112.0
472.0,147,4064,619.0
473.0,175,43,648.0
473.0,231,2445,704.0
683.0,48,3366,731.0
684.0,74,2482,758.0
684.0,45,5132,729.0
685.0,73,8427,758.0
685.0,23,4226,708.0
686.0,21,3268,707.0
858.0,1255,0,2113.0
2056.0,81,151,2137.0
507.0,162,4064,669.0
508.0,219,43,727.0
509.0,247,2445,756.0
798.0,77,3366,875.0
798.0,82,2482,880.0
799.0,75,5132,874.0
799.0,80,8427,879.0
800.0,80,4226,880.0
800.0,74,3268,874.0
1942.0,310,0,2252.0
2195.0,81,151,2276.0
493.0,62,4064,555.0
494.0,60,43,554.0
495.0,195,2445,690.0
621.0,67,3366,688.0
622.0,67,2482,689.0
622.0,85,5132,707.0
623.0,65,8427,688.0
623.0,82,4226,705.0
624.0,83,3268,707.0
755.0,744,0,1499.0
2009.0,97,151,2106.0
487.0,110,4064,597.0
488.0,110,43,598.0
489.0,59,2445,548.0
765.0,42,3366,807.0
765.0,41,2482,806.0
766.0,42,5132,808.0
768.0,41,8427,809.0
768.0,37,4226,805.0
769.0,39,4536,808.0
1901.0,331,0,2232.0
2175.0,81,151,2256.0
488.0,279,4064,767.0
489.0,277,43,766.0
490.0,276,2445,766.0
728.0,40,3366,768.0
729.0,61,2482,790.0
729.0,61,5132,790.0
730.0,40,8427,770.0
730.0,60,4226,790.0
2144.0,142,0,2286.0
2340.0,86,151,2426.0
504.0,137,4064,641.0
505.0,138,43,643.0
506.0,223,2445,729.0
715.0,14,3366,729.0
716.0,14,2482,730.0
716.0,15,5132,731.0
717.0,42,8427,759.0
717.0,36,4226,753.0
717.0,35,3268,752.0
805.0,1048,0,1853.0
2391.0,64,151,2455.0
481.0,242,4064,723.0
482.0,241,43,723.0
483.0,242,2445,725.0
594.0,131,3366,725.0
595.0,132,2482,727.0
595.0,132,5132,727.0
595.0,130,8427,725.0
596.0,130,4226,726.0
2275.0,375,0,2650.0
2504.0,81,151,2585.0
908.0,157,4064,1065.0
909.0,154,43,1063.0
910.0,153,2445,1063.0
1031.0,39,3366,1070.0
1032.0,39,2482,1071.0
1032.0,34,5132,1066.0
1033.0,37,8427,1070.0
1033.0,63,4226,1096.0
2756.0,594,0,3350.0
2952.0,66,151,3018.0
507.0,236,4064,743.0
508.0,232,43,740.0
508.0,243,2445,751.0
611.0,132,3366,743.0
612.0,129,2482,741.0
613.0,130,5132,743.0
613.0,123,8427,736.0
613.0,127,4226,740.0
807.0,1215,0,2022.0
2083.0,91,151,2174.0
509.0,64,4064,573.0
509.0,61,43,570.0
510.0,122,2445,632.0
759.0,21,3366,780.0
760.0,20,2482,780.0
760.0,19,5132,779.0
761.0,20,8427,781.0
761.0,21,4226,782.0
762.0,21,4536,783.0
2247.0,378,0,2625.0
2492.0,81,151,2573.0
1009.0,165,4064,1174.0
1009.0,166,43,1175.0
1010.0,162,2445,1172.0
1143.0,35,3366,1178.0
1144.0,35,2482,1179.0
1144.0,61,5132,1205.0
1145.0,33,8427,1178.0
1145.0,35,4226,1180.0
2831.0,214,0,3045.0
3080.0,82,151,3162.0
517.0,281,4064,798.0
518.0,278,43,796.0
518.0,223,2445,741.0
618.0,179,3366,797.0
618.0,122,2482,740.0
619.0,175,5132,794.0
619.0,180,8427,799.0
619.0,121,4226,740.0
2077.0,1199,0,3276.0
2664.0,82,151,2746.0
523.0,270,4064,793.0
523.0,249,43,772.0
524.0,267,2445,791.0
622.0,170,3366,792.0
623.0,171,2482,794.0
623.0,168,5132,791.0
623.0,170,8427,793.0
623.0,171,4226,794.0
2161.0,868,0,3029.0
2752.0,82,151,2834.0
514.0,241,4064,755.0
515.0,151,43,666.0
515.0,240,2445,755.0
741.0,44,3366,785.0
742.0,44,2482,786.0
742.0,42,5132,784.0
743.0,41,8427,784.0
743.0,40,4226,783.0
743.0,1228,3268,1971.0
2396.0,441,0,2837.0
2646.0,83,151,2729.0
527.0,205,4064,732.0
528.0,258,43,786.0
529.0,202,2445,731.0
630.0,153,3366,783.0
630.0,152,2482,782.0
631.0,153,5132,784.0
631.0,100,8427,731.0
631.0,99,4226,730.0
2446.0,1049,0,3495.0
2706.0,81,151,2787.0
559.0,197,4064,756.0
559.0,196,43,755.0
560.0,203,2445,763.0
677.0,87,3366,764.0
678.0,90,2482,768.0
678.0,87,5132,765.0
678.0,88,8427,766.0
679.0,89,4226,768.0
847.0,1307,0,2154.0
2730.0,88,151,2818.0
616.0,179,4064,795.0
616.0,195,43,811.0
617.0,193,2445,810.0
782.0,27,3366,809.0
782.0,24,2482,806.0
782.0,23,5132,805.0
783.0,26,8427,809.0
783.0,29,4226,812.0
2480.0,320,0,2800.0
2741.0,82,151,2823.0
538.0,113,4064,651.0
539.0,111,43,650.0
540.0,110,2445,650.0
741.0,33,3366,774.0
741.0,32,2482,773.0
742.0,30,5132,772.0
742.0,32,8427,774.0
743.0,35,4226,778.0
743.0,28,4536,771.0
827.0,1292,0,2119.0
2675.0,90,151,2765.0
503.0,160,4064,663.0
504.0,158,43,662.0
505.0,203,2445,708.0
751.0,15,3366,766.0
751.0,15,2482,766.0
752.0,33,5132,785.0
752.0,64,8427,816.0
753.0,60,4226,813.0
753.0,59,4536,812.0
2637.0,370,0,3007.0
2924.0,83,151,3007.0
526.0,281,4064,807.0
527.0,280,43,807.0
528.0,232,2445,760.0
747.0,61,3366,808.0
748.0,61,2482,809.0
748.0,1358,5132,2106.0
748.0,63,8427,811.0
749.0,59,4226,808.0
2522.0,791,0,3313.0
2760.0,419,151,3179.0
521.0,58,4064,579.0
521.0,61,43,582.0
522.0,227,2445,749.0
643.0,121,3366,764.0
643.0,104,2482,747.0
643.0,104,5132,747.0
644.0,104,8427,748.0
644.0,122,4226,766.0
645.0,120,3268,765.0
2617.0,882,0,3499.0
2876.0,83,151,2959.0
547.0,170,4064,717.0
547.0,169,43,716.0
548.0,233,2445,781.0
825.0,14,3366,839.0
826.0,35,2482,861.0
826.0,33,5132,859.0
826.0,33,8427,859.0
827.0,40,4226,867.0
827.0,32,3268,859.0
908.0,1422,0,2330.0
3002.0,82,151,3084.0
550.0,210,4064,760.0
550.0,149,43,699.0
551.0,207,2445,758.0
743.0,70,3366,813.0
744.0,74,2482,818.0
744.0,91,5132,835.0
745.0,91,8427,836.0
745.0,89,4226,834.0
746.0,89,3268,835.0
2643.0,668,0,3311.0
2933.0,87,151,3020.0
579.0,186,4064,765.0
580.0,189,43,769.0
581.0,183,2445,764.0
678.0,163,3366,841.0
679.0,82,2482,761.0
679.0,84,5132,763.0
680.0,88,8427,768.0
680.0,86,4226,766.0
2805.0,473,0,3278.0
3071.0,77,151,3148.0
540.0,185,4064,725.0
540.0,184,43,724.0
541.0,234,2445,775.0
799.0,21,3366,820.0
800.0,19,2482,819.0
800.0,19,5132,819.0
801.0,66,8427,867.0
801.0,66,4226,867.0
802.0,1529,4536,2331.0
2873.0,700,0,3573.0
3124.0,75,151,3199.0
534.0,183,4064,717.0
535.0,180,43,715.0
536.0,236,2445,772.0
758.0,38,3366,796.0
759.0,36,2482,795.0
759.0,14,5132,773.0
760.0,34,8427,794.0
760.0,35,4226,795.0
761.0,33,3268,794.0
2820.0,670,0,3490.0
3063.0,76,151,3139.0
526.0,125,4064,651.0
527.0,116,43,643.0
528.0,227,2445,755.0
819.0,28,3366,847.0
820.0,25,2482,845.0
820.0,26,5132,846.0
821.0,25,8427,846.0
821.0,24,4226,845.0
821.0,25,3268,846.0
2918.0,674,0,3592.0
3154.0,72,151,3226.0
566.0,154,4064,720.0
567.0,153,43,720.0
568.0,218,2445,786.0
769.0,37,3366,806.0
770.0,38,2482,808.0
770.0,37,5132,807.0
771.0,35,8427,806.0
771.0,164,4226,935.0
772.0,35,3268,807.0
2580.0,871,0,3451.0
3375.0,75,151,3450.0
556.0,159,4064,715.0
556.0,160,43,716.0
557.0,225,2445,782.0
772.0,17,3366,789.0
773.0,50,2482,823.0
773.0,13,5132,786.0
773.0,193,8427,966.0
774.0,48,4226,822.0
774.0,46,3268,820.0
3316.0,372,0,3688.0
3564.0,84,151,3648.0
584.0,286,4064,870.0
584.0,193,43,777.0
585.0,190,2445,775.0
686.0,91,3366,777.0
686.0,267,2482,953.0
686.0,89,5132,775.0
687.0,92,8427,779.0
687.0,91,4226,778.0
2793.0,616,0,3409.0
3692.0,74,151,3766.0
619.0,166,4064,785.0
620.0,166,43,786.0
620.0,164,2445,784.0
907.0,13,3366,920.0
908.0,44,2482,952.0
909.0,45,5132,954.0
909.0,45,8427,954.0
909.0,44,4226,953.0
910.0,51,3268,961.0
986.0,2000,0,2986.0
3967.0,69,151,4036.0
579.0,148,4064,727.0
580.0,149,43,729.0
580.0,265,2445,845.0
780.0,67,3366,847.0
780.0,66,2482,846.0
781.0,75,5132,856.0
781.0,68,8427,849.0
781.0,67,4226,848.0
782.0,75,3268,857.0
3733.0,369,0,4102.0
4022.0,80,151,4102.0
749.0,188,4064,937.0
750.0,186,43,936.0
751.0,192,2445,943.0
924.0,19,3366,943.0
925.0,14,2482,939.0
925.0,16,5132,941.0
926.0,11,8427,937.0
926.0,16,4226,942.0
1067.0,2143,0,3210.0
4209.0,82,151,4291.0
1119.0,94,4064,1213.0
1120.0,95,43,1215.0
1121.0,92,2445,1213.0
1286.0,13,3366,1299.0
1287.0,14,2482,1301.0
1287.0,14,5132,1301.0
1288.0,12,8427,1300.0
1288.0,34,4226,1322.0
1289.0,34,4536,1323.0
4377.0,718,0,5095.0
4655.0,63,151,4718.0
580.0,173,4064,753.0
581.0,171,43,752.0
582.0,171,2445,753.0
797.0,36,3366,833.0
798.0,35,2482,833.0
798.0,11,5132,809.0
799.0,31,8427,830.0
799.0,30,4226,829.0
800.0,32,3268,832.0
4002.0,197,0,4199.0
4288.0,62,151,4350.0
601.0,144,4064,745.0
602.0,140,43,742.0
603.0,140,2445,743.0
779.0,40,3366,819.0
780.0,41,2482,821.0
780.0,38,5132,818.0
781.0,39,8427,820.0
781.0,38,4226,819.0
781.0,36,3268,817.0
3415.0,382,0,3797.0
3687.0,104,151,3791.0
789.0,196,4064,985.0
789.0,196,43,985.0
790.0,272,2445,1062.0
971.0,91,4372,1062.0
972.0,145,2055,1117.0
972.0,83,5132,1055.0
972.0,83,8427,1055.0
973.0,84,3181,1057.0
973.0,144,2584,1117.0
3251.0,1066,0,4317.0
4141.0,83,151,4224.0
762.0,127,4064,889.0
763.0,128,43,891.0
764.0,130,2445,894.0
1045.0,68,4372,1113.0
1046.0,68,2055,1114.0
1046.0,68,5132,1114.0
1050.0,64,8427,1114.0
1051.0,64,3181,1115.0
1052.0,70,2584,1122.0
1053.0,157,3802,1210.0
4199.0,183,0,4382.0
4423.0,78,151,4501.0
582.0,62,4064,644.0
583.0,95,43,678.0
584.0,60,2445,644.0
821.0,31,3366,852.0
821.0,30,2482,851.0
822.0,32,5132,854.0
822.0,31,8427,853.0
822.0,35,4226,857.0
823.0,30,4536,853.0
917.0,2257,0,3174.0
4245.0,57,151,4302.0
529.0,222,4064,751.0
530.0,190,43,720.0
531.0,191,2445,722.0
809.0,34,3366,843.0
809.0,28,2482,837.0
810.0,32,5132,842.0
810.0,29,8427,839.0
810.0,27,4226,837.0
811.0,31,4536,842.0
898.0,2319,0,3217.0
4266.0,93,151,4359.0
543.0,206,4064,749.0
544.0,205,43,749.0
545.0,206,2445,751.0
800.0,93,3366,893.0
801.0,84,2482,885.0
802.0,216,5132,1018.0
802.0,216,8427,1018.0
802.0,215,4226,1017.0
803.0,213,4536,1016.0
4176.0,355,0,4531.0
4473.0,81,151,4554.0
457.0,123,4064,580.0
457.0,166,43,623.0
458.0,118,2445,576.0
850.0,37,3366,887.0
850.0,35,2482,885.0
851.0,35,5132,886.0
851.0,96,8427,947.0
853.0,191,5170,1044.0
854.0,190,2599,1044.0
854.0,81,3327,935.0
2999.0,547,0,3546.0
3788.0,81,151,3869.0
535.0,97,4064,632.0
535.0,97,43,632.0
536.0,128,2445,664.0
705.0,41,3366,746.0
706.0,97,2482,803.0
706.0,41,5132,747.0
707.0,97,8427,804.0
707.0,94,5170,801.0
707.0,95,2599,802.0
708.0,40,3327,748.0
3673.0,182,0,3855.0
3932.0,78,151,4010.0
573.0,176,4064,749.0
576.0,173,43,749.0
577.0,89,2445,666.0
738.0,41,3366,779.0
739.0,46,2482,785.0
739.0,39,5132,778.0
740.0,40,8427,780.0
740.0,38,5170,778.0
740.0,40,2599,780.0
3973.0,318,0,4291.0
4201.0,80,151,4281.0
500.0,128,4064,628.0
501.0,330,43,831.0
501.0,332,2445,833.0
912.0,68,3366,980.0
913.0,69,2482,982.0
913.0,65,5132,978.0
914.0,67,8427,981.0
914.0,63,5170,977.0
914.0,65,2599,979.0
914.0,67,3327,981.0
4094.0,727,0,4821.0
4388.0,84,151,4472.0
547.0,132,4064,679.0
548.0,132,43,680.0
549.0,130,2445,679.0
859.0,47,3366,906.0
860.0,46,2482,906.0
860.0,47,5132,907.0
861.0,114,8427,975.0
861.0,114,5170,975.0
863.0,113,2599,976.0
864.0,42,3327,906.0
1060.0,3273,0,4333.0
4548.0,79,151,4627.0
532.0,357,4064,889.0
533.0,170,43,703.0
534.0,354,2445,888.0
931.0,106,3366,1037.0
931.0,106,2482,1037.0
932.0,105,5132,1037.0
932.0,106,8427,1038.0
932.0,104,5170,1036.0
933.0,106,2599,1039.0
933.0,103,4372,1036.0
1124.0,3389,0,4513.0
4734.0,78,151,4812.0
475.0,132,4064,607.0
476.0,134,43,610.0
476.0,133,2445,609.0
894.0,103,3366,997.0
895.0,101,2482,996.0
895.0,130,5132,1025.0
896.0,129,8427,1025.0
896.0,101,3327,997.0
897.0,2679,2301,3576.0
897.0,128,5170,1025.0
4368.0,465,0,4833.0
4669.0,81,151,4750.0
1055.0,151,4064,1206.0
1055.0,146,43,1201.0
1056.0,146,2445,1202.0
1176.0,15,3366,1191.0
1176.0,14,2482,1190.0
1176.0,26,5132,1202.0
1177.0,23,8427,1200.0
1177.0,24,3327,1201.0
1177.0,23,2301,1200.0
4301.0,196,0,4497.0
4585.0,78,151,4663.0
492.0,133,4064,625.0
493.0,131,43,624.0
494.0,130,2445,624.0
916.0,121,3366,1037.0
916.0,131,2482,1047.0
917.0,120,5132,1037.0
918.0,129,8427,1047.0
918.0,125,3327,1043.0
919.0,125,2301,1044.0
919.0,127,5170,1046.0
3614.0,727,0,4341.0
4564.0,77,151,4641.0
553.0,183,4064,736.0
553.0,149,43,702.0
554.0,181,2445,735.0
801.0,78,3366,879.0
802.0,83,2482,885.0
802.0,106,5132,908.0
803.0,106,8427,909.0
803.0,83,3327,886.0
803.0,106,2301,909.0
804.0,2597,5170,3401.0
4292.0,324,0,4616.0
4556.0,84,151,4640.0
508.0,141,4064,649.0
508.0,139,43,647.0
509.0,140,2445,649.0
924.0,32,5132,956.0
924.0,30,8427,954.0
925.0,29,3327,954.0
925.0,29,2301,954.0
926.0,77,3366,1003.0
926.0,29,2482,955.0
926.0,29,5170,955.0
1033.0,2581,0,3614.0
4695.0,56,151,4751.0
516.0,192,4064,708.0
517.0,144,43,661.0
518.0,145,2445,663.0
946.0,73,5132,1019.0
947.0,69,8427,1016.0
947.0,68,3366,1015.0
948.0,68,2482,1016.0
948.0,68,5170,1016.0
948.0,66,2599,1014.0
949.0,173,3327,1122.0
3791.0,838,0,4629.0
4872.0,61,151,4933.0
527.0,129,4064,656.0
528.0,127,43,655.0
529.0,125,2445,654.0
899.0,33,5132,932.0
900.0,88,8427,988.0
900.0,29,3327,929.0
900.0,30,2301,930.0
901.0,88,3366,989.0
901.0,33,2482,934.0
902.0,94,5170,996.0
1024.0,2312,0,3336.0
4327.0,57,151,4384.0
902.0,168,4064,1070.0
903.0,165,43,1068.0
904.0,168,2445,1072.0
1179.0,70,5132,1249.0
1179.0,101,8427,1280.0
1180.0,68,3327,1248.0
1180.0,69,2301,1249.0
1181.0,69,3366,1250.0
1181.0,66,2482,1247.0
1181.0,68,5170,1249.0
1355.0,3301,0,4656.0
5041.0,133,151,5174.0
573.0,149,4064,722.0
573.0,183,43,756.0
574.0,260,2445,834.0
820.0,85,5132,905.0
821.0,2702,8427,3523.0
821.0,83,3327,904.0
822.0,82,2301,904.0
822.0,2700,3366,3522.0
823.0,83,2482,906.0
823.0,2700,5170,3523.0
4386.0,150,0,4536.0
4596.0,87,151,4683.0
492.0,137,4064,629.0
492.0,140,43,632.0
493.0,138,2445,631.0
937.0,100,5132,1037.0
937.0,104,8427,1041.0
937.0,34,3366,971.0
938.0,32,2482,970.0
939.0,34,3327,973.0
939.0,97,2301,1036.0
939.0,103,5170,1042.0
3854.0,800,0,4654.0
4876.0,81,151,4957.0
486.0,135,4064,621.0
487.0,135,43,622.0
488.0,168,2445,656.0
946.0,31,5132,977.0
946.0,99,8427,1045.0
947.0,34,3366,981.0
947.0,123,2482,1070.0
948.0,32,3327,980.0
948.0,100,2301,1048.0
948.0,91,5170,1039.0
1147.0,3589,0,4736.0
4943.0,80,151,5023.0
723.0,251,4064,974.0
724.0,228,43,952.0
725.0,253,2445,978.0
832.0,274,5132,1106.0
833.0,144,8427,977.0
833.0,140,3366,973.0
833.0,140,2482,973.0
833.0,145,3327,978.0
834.0,280,2301,1114.0
4551.0,396,0,4947.0
4771.0,77,151,4848.0
963.0,176,4064,1139.0
964.0,142,43,1106.0
965.0,178,2445,1143.0
1248.0,63,5132,1311.0
1249.0,57,8427,1306.0
1249.0,56,3366,1305.0
1249.0,57,2482,1306.0
1250.0,56,3327,1306.0
1250.0,57,2301,1307.0
1251.0,54,5170,1305.0
1350.0,1029,0,2379.0
5312.0,76,151,5388.0
565.0,185,4064,750.0
566.0,185,43,751.0
566.0,182,2445,748.0
821.0,92,5132,913.0
821.0,90,8427,911.0
822.0,86,3366,908.0
822.0,85,2482,907.0
823.0,85,3327,908.0
823.0,84,2301,907.0
823.0,83,5170,906.0
1018.0,3748,0,4766.0
4983.0,77,151,5060.0
475.0,145,4064,620.0
475.0,150,43,625.0
476.0,148,2445,624.0
988.0,91,5132,1079.0
989.0,98,8427,1087.0
989.0,91,3366,1080.0
990.0,90,2482,1080.0
991.0,89,3327,1080.0
992.0,95,2301,1087.0
992.0,95,5170,1087.0
4915.0,237,0,5152.0
5211.0,76,151,5287.0
571.0,216,4064,787.0
572.0,183,43,755.0
573.0,181,2445,754.0
859.0,77,5132,936.0
859.0,78,8427,937.0
860.0,76,3366,936.0
860.0,76,2482,936.0
861.0,74,3327,935.0
861.0,75,2301,936.0
861.0,73,5170,934.0
4567.0,209,0,4776.0
4828.0,83,151,4911.0
586.0,98,4064,684.0
587.0,97,43,684.0
588.0,60,2445,648.0
852.0,71,5132,923.0
852.0,71,8427,923.0
853.0,24,3366,877.0
853.0,69,2482,922.0
854.0,68,5170,922.0
854.0,2859,2599,3713.0
854.0,22,3327,876.0
4727.0,1051,0,5778.0
5013.0,84,151,5097.0
484.0,195,4064,679.0
484.0,194,43,678.0
485.0,145,2445,630.0
960.0,105,5132,1065.0
960.0,149,8427,1109.0
961.0,106,3366,1067.0
961.0,104,2482,1065.0
962.0,111,3327,1073.0
962.0,111,2301,1073.0
962.0,111,5170,1073.0
4130.0,1669,0,5799.0
5249.0,81,151,5330.0
551.0,184,4064,735.0
552.0,182,43,734.0
553.0,327,2445,880.0
807.0,103,5132,910.0
808.0,100,8427,908.0
808.0,99,3366,907.0
808.0,100,2482,908.0
809.0,101,5170,910.0
809.0,96,2599,905.0
809.0,97,3327,906.0
1008.0,3558,0,4566.0
4782.0,79,151,4861.0
523.0,141,4064,664.0
524.0,138,43,662.0
524.0,171,2445,695.0
990.0,33,5132,1023.0
991.0,89,8427,1080.0
991.0,30,3366,1021.0
992.0,30,2482,1022.0
992.0,30,3327,1022.0
993.0,93,2301,1086.0
993.0,93,5170,1086.0
1121.0,2763,0,3884.0
5043.0,59,151,5102.0
471.0,146,4064,617.0
472.0,196,43,668.0
473.0,161,2445,634.0
968.0,121,5132,1089.0
969.0,119,8427,1088.0
970.0,115,3366,1085.0
971.0,120,2482,1091.0
972.0,118,5170,1090.0
972.0,116,2599,1088.0
973.0,116,3327,1089.0
4151.0,842,0,4993.0
5235.0,85,151,5320.0
577.0,185,4064,762.0
578.0,184,43,762.0
579.0,184,2445,763.0
836.0,82,5132,918.0
837.0,83,8427,920.0
837.0,83,3366,920.0
838.0,83,2482,921.0
838.0,84,3327,922.0
839.0,84,2301,923.0
839.0,83,5170,922.0
1028.0,3998,0,5026.0
5244.0,79,151,5323.0
495.0,152,4064,647.0
496.0,187,43,683.0
497.0,152,2445,649.0
784.0,61,5132,845.0
784.0,60,8427,844.0
785.0,21,3366,806.0
785.0,21,2482,806.0
786.0,58,3327,844.0
786.0,56,2301,842.0
787.0,58,5170,845.0
4730.0,800,0,5530.0
4970.0,78,151,5048.0
591.0,153,4064,744.0
592.0,150,43,742.0
593.0,150,2445,743.0
880.0,64,5132,944.0
881.0,104,8427,985.0
882.0,103,3366,985.0
882.0,63,2482,945.0
882.0,103,5170,985.0
883.0,102,2599,985.0
883.0,65,3327,948.0
4948.0,370,0,5318.0
5234.0,83,151,5317.0
492.0,169,4064,661.0
493.0,172,43,665.0
493.0,168,2445,661.0
802.0,72,5132,874.0
802.0,24,8427,826.0
803.0,23,3366,826.0
803.0,22,2482,825.0
804.0,24,5170,828.0
804.0,24,2599,828.0
804.0,23,3327,827.0
907.0,1098,0,2005.0
5600.0,75,151,5675.0
458.0,188,4064,646.0
458.0,155,43,613.0
459.0,152,2445,611.0
985.0,35,5132,1020.0
985.0,90,8427,1075.0
986.0,14,3366,1000.0
986.0,14,2482,1000.0
986.0,88,5170,1074.0
987.0,88,2599,1075.0
987.0,93,3327,1080.0
1141.0,3128,0,4269.0
5484.0,58,151,5542.0
461.0,152,4064,613.0
462.0,152,43,614.0
463.0,152,2445,615.0
1044.0,23,5132,1067.0
1044.0,24,8427,1068.0
1045.0,13,3366,1058.0
1045.0,22,2482,1067.0
1046.0,23,5170,1069.0
1046.0,81,2599,1127.0
1046.0,12,3327,1058.0
1259.0,4412,0,5671.0
5887.0,79,151,5966.0
561.0,59,4064,620.0
561.0,57,43,618.0
562.0,58,2445,620.0
902.0,77,5132,979.0
902.0,112,8427,1014.0
902.0,73,3366,975.0
903.0,76,2482,979.0
903.0,109,5170,1012.0
904.0,108,2599,1012.0
904.0,71,3327,975.0
1098.0,4724,0,5822.0
6032.0,89,151,6121.0
