0	94
20	66
40	85
60	381
80	266
100	250
120	219
140	266
160	82
180	42
200	12
220	50
240	57
260	13
280	9
300	21
320	6
340	9
360	10
380	7
400	13
420	8
440	15
460	36
480	62
500	60
520	84
540	58
560	52
580	41
600	29
620	8
640	8
660	4
680	7
700	3
720	8
740	4
760	5
780	8
800	4
820	0
840	4
860	10
880	5
900	0
920	16
940	10
960	0
980	0
1000	0
1020	0
1040	2
1060	9
1080	17
1100	14
1120	17
1140	2
1160	2
1180	6
1200	18
1220	16
1240	2
1260	2
1280	0
1300	11
1320	4
1340	0
1360	0
1380	0
1400	2
1420	2
1440	0
1460	9
1480	8
1500	2
1520	3
1540	6
1560	0
1580	2
1600	2
1620	2
1640	10
1660	0
1680	0
1700	0
1720	1
1740	6
1760	0
1780	6
1800	5
1820	0
1840	9
1860	1
1880	0
1900	4
1920	0
1940	0
1960	0
1980	1
2000	0
2020	2
2040	2
2060	0
2080	0
2100	0
2120	9
2140	0
2160	2
2180	0
2200	0
2220	0
2240	0
2260	0
2280	2
2300	0
2320	0
2340	0
2360	4
2380	3
2400	0
2420	0
2440	0
2460	3
2480	0
2500	0
2520	2
2540	1
2560	0
2580	2
2600	0
2620	0
2640	0
2660	0
2680	0
2700	0
2720	0
2740	0
2760	0
2780	0
2800	0
2820	0
2840	0
2860	0
2880	0
2900	0
2920	0
2940	0
2960	0
2980	0
3000	0
3020	0
3040	0
3060	0
3080	0
3100	0
3120	0
3140	0
3160	0
3180	0
3200	0
3220	0
3240	0
3260	0
3280	0
3300	0
3320	0
3340	0
3360	0
3380	0
3400	0
3420	0
3440	0
3460	0
3480	0
3500	0
3520	0
3540	0
3560	0
3580	0
3600	0
3620	0
3640	0
3660	0
3680	0
3700	0
3720	0
3740	0
3760	0
3780	0
3800	0
3820	0
3840	0
3860	2
3880	0
3900	0
3920	0
3940	0
3960	0
3980	0
4000	0
4020	0
4040	0
4060	0
4080	0
4100	0
4120	0
4140	0
4160	0
4180	0
4200	0
4220	0
4240	0
4260	0
4280	0
4300	1
