150	9
200	89
250	88
300	158
350	192
400	144
450	132
500	125
550	34
600	21
650	2
700	0
750	17
800	9
850	13
900	37
950	69
1000	118
1050	138
1100	104
1150	104
1200	48
1250	60
1300	43
1350	42
1400	57
1450	43
1500	46
1550	42
1600	42
1650	55
1700	62
1750	40
1800	50
1850	68
1900	67
1950	71
2000	62
2050	79
2100	85
2150	98
2200	75
2250	55
2300	58
2350	49
2400	62
2450	29
2500	58
2550	30
2600	25
2650	27
2700	18
2750	45
2800	14
2850	38
2900	28
2950	21
3000	32
3050	14
3100	12
3150	17
3200	13
3250	16
3300	12
3350	3
3400	27
3450	7
3500	16
3550	3
3600	17
3650	21
3700	8
3750	13
3800	1
3850	17
3900	9
3950	13
4000	14
4050	14
4100	13
4150	15
4200	8
4250	13
4300	9
4350	11
4400	1
4450	19
4500	0
4550	23
4600	10
4650	25
4700	10
4750	33
4800	13
4850	15
4900	3
4950	7
5000	4
5050	6
5100	10
5150	10
5200	2
5250	9
5300	2
5350	1
5400	12
5450	4
5500	7
5550	12
5600	6
5650	13
5700	2
5750	0
5800	5
5850	13
5900	4
5950	10
6000	5
6050	9
6100	6
6150	0
6200	5
6250	1
6300	5
6350	1
6400	5
6450	0
6500	2
6550	5
6600	2
6650	0
6700	1
6750	0
6800	0
6850	8
6900	2
6950	0
7000	0
7050	0
7100	5
7150	1
7200	0
7250	0
7300	0
7350	0
7400	0
7450	0
7500	0
7550	0
7600	3
7650	0
7700	0
7750	0
7800	0
7850	0
7900	0
7950	0
8000	1
