starttime,duration,size,total
1987.0,6236,1415,8248
1993.0,6226,808,8238
2023.0,6201,303,8213
2024.0,6191,170,8203
2025.0,6128,43,8140
2195.0,7281,50,9293
2196.0,7282,50,9294
8028.0,5276,35,7288
8173.0,551,109,2563
8173.0,2837,930,4849
8188.0,2802,43,4814
8217.0,1262,764,3274
13960.0,465,1150,2477
1496.0,146,1415,2158
1497.0,134,808,2146
1527.0,126,303,2138
1528.0,89,170,2101
1528.0,1033,43,3045
1595.0,966,50,2978
1596.0,964,50,2976
1715.0,140,35,2152
1853.0,27,43,2039
2567.0,11,109,2023
2568.0,14,930,2026
2569.0,213,764,2225
1396.0,96,1415,2108
1396.0,94,808,2106
1429.0,71,303,2083
1429.0,94,170,2106
1430.0,1354,43,3366
1568.0,1207,50,3219
1569.0,1215,50,3227
1593.0,208,35,2220
1803.0,44,43,2056
1804.0,13,764,2025
2782.0,18,109,2030
2782.0,3,930,2015
1601.0,70,1415,2082
1601.0,138,808,2150
1632.0,103,303,2115
1633.0,121,170,2133
1633.0,1202,43,3214
1716.0,1117,50,3129
1717.0,1117,50,3129
1814.0,1021,35,3033
2048.0,789,43,2801
2049.0,37,764,2049
2843.0,5,109,2017
2844.0,3,930,2015
1525.0,139,1415,2151
1525.0,105,808,2117
1557.0,103,303,2115
1558.0,60,170,2072
1558.0,720,43,2732
1704.0,642,50,2654
1705.0,572,50,2584
1730.0,263,35,2275
1994.0,44,764,2056
1996.0,55,43,2067
2344.0,754,109,2766
2345.0,752,930,2764
1392.0,182,1415,2194
1393.0,149,808,2161
1425.0,140,303,2152
1426.0,144,170,2156
1426.0,1144,43,3156
1498.0,1072,50,3084
1500.0,1068,50,3080
1600.0,295,35,2307
1895.0,705,764,2717
1898.0,703,43,2715
2566.0,34,109,2046
2567.0,20,930,2032
5625.0,360,0,2372
1397.0,204,1415,2216
1397.0,138,808,2150
1428.0,128,303,2140
1429.0,79,170,2091
1430.0,1418,43,3430
1488.0,555,50,2567
1489.0,1358,50,3370
1628.0,345,35,2357
1971.0,47,43,2059
1972.0,29,764,2041
2845.0,12,109,2024
2846.0,14,930,2026
1925.0,128,1415,2140
1926.0,121,808,2133
1959.0,88,303,2100
1960.0,69,170,2081
1961.0,1511,43,3523
2122.0,476,50,2488
2123.0,474,50,2486
2151.0,1321,35,3333
2221.0,378,43,2390
2583.0,15,764,2027
3478.0,13,109,2025
3479.0,10,930,2022
1394.0,171,1415,2183
1395.0,140,808,2152
1425.0,134,303,2146
1426.0,139,170,2151
1426.0,611,43,2623
1503.0,1451,50,3463
1504.0,1457,50,3469
1628.0,407,35,2419
2034.0,4,43,2016
2036.0,1,764,2013
2959.0,5,109,2017
2960.0,5,930,2017
1498.0,87,1415,2099
1499.0,99,808,2111
1532.0,73,303,2085
1533.0,67,170,2079
1533.0,1548,43,3560
1703.0,502,50,2514
1704.0,501,50,2513
1732.0,424,35,2436
2152.0,19,764,2031
2154.0,17,43,2029
3088.0,14,109,2026
3089.0,10,930,2022
1409.0,147,1415,2159
1409.0,168,808,2180
1440.0,97,303,2109
1440.0,96,170,2108
1441.0,699,43,2711
1512.0,570,50,2582
1513.0,570,50,2582
1648.0,433,35,2445
2080.0,14,43,2026
2083.0,26,764,2038
3040.0,4,109,2016
3041.0,4,930,2016
2263.0,372,1415,2384
2264.0,360,808,2372
2299.0,343,303,2355
2299.0,348,170,2360
2300.0,1058,43,3070
2598.0,748,50,2760
2599.0,748,50,2760
2717.0,643,35,2655
2747.0,62,764,2074
3349.0,878,43,2890
3356.0,871,109,2883
3357.0,871,930,2883
1549.0,105,1415,2117
1550.0,101,808,2113
1582.0,74,303,2086
1583.0,81,170,2093
1583.0,905,43,2917
1751.0,704,50,2716
1752.0,736,50,2748
1782.0,704,35,2716
1867.0,643,43,2655
2452.0,56,109,2068
2452.0,56,930,2068
2453.0,58,764,2070
1527.0,172,1415,2184
1528.0,157,808,2169
1558.0,43,303,2055
1559.0,135,170,2147
1559.0,827,43,2839
1662.0,725,50,2737
1664.0,721,50,2733
1752.0,621,35,2633
2376.0,27,43,2039
2384.0,53,109,2065
2384.0,51,930,2063
2386.0,51,764,2063
1379.0,109,1415,2121
1379.0,98,808,2110
1414.0,91,303,2103
1414.0,77,170,2089
1415.0,858,43,2870
1560.0,725,50,2737
1561.0,724,50,2736
1614.0,659,35,2671
2275.0,37,43,2049
2283.0,30,109,2042
2284.0,28,930,2040
2286.0,25,764,2037
1368.0,219,1415,2231
1369.0,193,808,2205
1400.0,175,303,2187
1400.0,182,170,2194
1401.0,880,43,2892
1509.0,785,50,2797
1510.0,785,50,2797
1611.0,668,35,2680
2289.0,63,109,2075
2289.0,27,930,2039
2290.0,61,764,2073
2293.0,58,43,2070
3415.0,176,1415,2188
3416.0,112,808,2124
3449.0,79,303,2091
3449.0,164,170,2176
3450.0,768,43,2780
3473.0,746,50,2758
3473.0,746,50,2758
3648.0,563,35,2575
4206.0,74,764,2086
4216.0,64,43,2076
4245.0,63,109,2075
4245.0,62,930,2074
1724.0,156,1415,2168
1724.0,167,808,2179
1758.0,51,303,2063
1759.0,118,170,2130
1760.0,928,43,2940
1846.0,829,50,2841
1847.0,828,50,2840
1954.0,721,35,2733
2678.0,62,43,2074
2685.0,53,109,2065
2686.0,19,930,2031
2687.0,52,764,2064
1227.0,199,1415,2211
1228.0,209,808,2221
1268.0,55,303,2067
1269.0,199,170,2211
1269.0,987,43,2999
1379.0,874,50,2886
1380.0,858,50,2870
1404.0,164,35,2176
2238.0,1086,764,3098
2242.0,1108,43,3120
2249.0,1076,109,3088
2250.0,1076,930,3088
2262.0,149,1415,2161
2263.0,156,808,2168
2299.0,126,303,2138
2300.0,125,170,2137
2300.0,946,43,2958
2385.0,859,50,2871
2387.0,859,50,2871
2485.0,761,35,2773
3242.0,1249,43,3261
3245.0,1246,764,3258
3253.0,1237,109,3249
3254.0,1236,930,3248
1403.0,146,1415,2158
1404.0,151,808,2163
1434.0,145,303,2157
1435.0,127,170,2139
1435.0,983,43,2995
1525.0,908,50,2920
1526.0,906,50,2918
1672.0,759,35,2771
2421.0,72,43,2084
2429.0,30,109,2042
2430.0,28,930,2040
2432.0,61,764,2073
1444.0,134,1415,2146
1445.0,136,808,2148
1478.0,72,303,2084
1479.0,65,170,2077
1479.0,1007,43,3019
1649.0,827,50,2839
1650.0,826,50,2838
1698.0,787,35,2799
1765.0,749,43,2761
2483.0,36,109,2048
2484.0,32,930,2044
2485.0,31,764,2043
1799.0,159,1415,2171
1800.0,178,808,2190
1834.0,127,303,2139
1834.0,114,170,2126
1835.0,1131,43,3143
1928.0,1024,50,3036
1929.0,1036,50,3048
2034.0,919,35,2931
2953.0,76,764,2088
2960.0,36,109,2048
2960.0,36,930,2048
2963.0,65,43,2077
1526.0,91,1415,2103
1527.0,91,808,2103
1559.0,177,303,2189
1560.0,191,170,2203
1560.0,1288,43,3300
1674.0,1169,50,3181
1675.0,1169,50,3181
1787.0,1051,35,3063
2840.0,1304,43,3316
2842.0,1300,764,3312
2854.0,1264,109,3276
2855.0,1261,930,3273
3490.0,123,1415,2135
3491.0,117,808,2129
3524.0,135,303,2147
3524.0,98,170,2110
3525.0,1362,43,3374
3696.0,1189,50,3201
3697.0,1188,50,3200
3790.0,1096,35,3108
3850.0,1065,43,3077
4882.0,68,109,2080
4883.0,67,930,2079
4884.0,67,764,2079
1679.0,205,1415,2217
1680.0,209,808,2221
1711.0,178,303,2190
1711.0,156,170,2168
1712.0,1376,43,3388
1842.0,1247,50,3259
1843.0,1254,50,3266
1932.0,1165,35,3177
3088.0,43,764,2055
3096.0,33,109,2045
3096.0,33,930,2045
3100.0,80,43,2092
2152.0,165,1415,2177
2153.0,189,808,2201
2187.0,126,303,2138
2187.0,155,170,2167
2188.0,1194,43,3206
2285.0,1105,50,3117
2287.0,1090,50,3102
2385.0,996,35,3008
3375.0,1254,43,3266
3380.0,1235,764,3247
3388.0,1253,109,3265
3389.0,1224,930,3236
2943.0,164,1415,2176
2944.0,163,808,2175
2976.0,110,303,2122
2976.0,116,170,2128
2977.0,1276,43,3288
3065.0,1175,50,3187
3066.0,1187,50,3199
3216.0,1037,35,3049
4242.0,26,43,2038
4244.0,26,764,2038
4250.0,18,109,2030
4251.0,18,930,2030
1533.0,201,1415,2213
1533.0,180,808,2192
1566.0,164,303,2176
1567.0,147,170,2159
1567.0,1390,43,3402
1672.0,1284,50,3296
1674.0,1283,50,3295
1805.0,1153,35,3165
1884.0,1102,43,3114
2954.0,32,109,2044
2955.0,32,930,2044
2957.0,41,764,2053
1877.0,136,1415,2148
1878.0,133,808,2145
1911.0,115,303,2127
1912.0,85,170,2097
1912.0,1720,43,3732
2081.0,1551,50,3563
2082.0,1552,50,3564
2155.0,1478,35,3490
2188.0,51,43,2063
2261.0,1446,764,3458
3630.0,78,109,2090
3631.0,79,930,2091
1796.0,459,1415,2471
1797.0,102,808,2114
1829.0,418,303,2430
1830.0,405,170,2417
1830.0,874,43,2886
1937.0,1733,50,3745
1939.0,1732,50,3744
2242.0,119,43,2131
2353.0,352,35,2364
2366.0,68,764,2080
2713.0,963,109,2975
2715.0,957,930,2969
2054.0,182,1415,2194
2055.0,182,808,2194
2088.0,119,303,2131
2089.0,128,170,2140
2089.0,1368,43,3380
2181.0,1276,50,3288
2182.0,1275,50,3287
2301.0,1162,35,3174
3454.0,60,109,2072
3455.0,43,930,2055
3456.0,42,764,2054
3461.0,53,43,2065
2309.0,183,1415,2195
2310.0,146,808,2158
2343.0,119,303,2131
2343.0,121,170,2133
1611.0,139,1415,2151
1612.0,96,808,2108
1644.0,72,303,2084
1645.0,86,170,2098
1646.0,1834,43,3846
1843.0,1629,50,3641
1844.0,1637,50,3649
1939.0,1586,43,3598
3471.0,30,764,2042
3478.0,46,109,2058
3479.0,22,930,2034
3559.0,283,35,2295
1463.0,180,1415,2192
1464.0,197,808,2209
1495.0,176,303,2188
1496.0,77,170,2089
1497.0,1447,43,3459
1621.0,1323,50,3335
1623.0,1308,50,3320
1740.0,1191,35,3203
2938.0,23,109,2035
2939.0,38,930,2050
2942.0,53,43,2065
2944.0,53,764,2065
2107.0,98,1415,2110
2108.0,64,808,2076
2143.0,136,303,2148
2143.0,139,170,2151
2144.0,1846,43,3858
2342.0,1649,50,3661
2343.0,1646,50,3658
2440.0,25,43,2037
2457.0,1532,35,3544
2779.0,1212,764,3224
3997.0,18,109,2030
3998.0,20,930,2032
1512.0,170,1415,2182
1513.0,101,808,2113
1546.0,166,303,2178
1547.0,140,170,2152
1547.0,1579,43,3591
1647.0,1489,50,3501
1648.0,1470,50,3482
1751.0,1374,35,3386
3122.0,1585,43,3597
3127.0,1579,764,3591
3134.0,1572,109,3584
3134.0,1572,930,3584
1333.0,216,1415,2228
1334.0,214,808,2226
1366.0,160,303,2172
1367.0,168,170,2180
1367.0,1506,43,3518
1477.0,1400,50,3412
1482.0,1390,50,3402
1601.0,1272,35,3284
2870.0,35,109,2047
2871.0,35,930,2047
2872.0,67,764,2079
2876.0,63,43,2075
2206.0,164,1415,2176
2207.0,165,808,2177
2241.0,138,303,2150
2242.0,137,170,2149
2242.0,1873,43,3885
2468.0,1647,50,3659
2469.0,1645,50,3657
2515.0,1600,35,3612
2551.0,47,43,2059
4148.0,35,109,2047
4149.0,35,930,2047
4150.0,35,764,2047
2485.0,238,1415,2250
2485.0,217,808,2229
2519.0,107,303,2119
2519.0,183,170,2195
2520.0,1636,43,3648
2605.0,1546,50,3558
2606.0,1550,50,3562
2689.0,1476,35,3488
4153.0,30,43,2042
4156.0,63,764,2075
4163.0,21,109,2033
4164.0,19,930,2031
1372.0,167,1415,2179
1373.0,158,808,2170
1407.0,116,303,2128
1407.0,121,170,2133
1408.0,1634,43,3646
1607.0,1434,50,3446
1608.0,1433,50,3445
1710.0,1332,35,3344
1758.0,1285,43,3297
3019.0,40,764,2052
3038.0,22,109,2034
3039.0,21,930,2033
1455.0,180,1415,2192
1456.0,172,808,2184
1487.0,138,303,2150
1488.0,159,170,2171
1489.0,1672,43,3684
1593.0,1559,50,3571
1594.0,1552,50,3564
1722.0,1426,35,3438
3147.0,30,764,2042
3150.0,55,43,2067
3158.0,48,109,2060
3159.0,47,930,2059
1747.0,611,1415,2623
1748.0,634,808,2646
1782.0,612,303,2624
1782.0,566,170,2578
1783.0,789,43,2801
1872.0,1281,50,3293
1873.0,1286,50,3298
2353.0,95,764,2107
2378.0,67,43,2079
2578.0,208,109,2220
2579.0,203,930,2215
2792.0,362,35,2374
1960.0,117,1415,2129
1961.0,120,808,2132
1994.0,94,303,2106
1995.0,97,170,2109
1995.0,1660,43,3672
2151.0,1513,50,3525
2152.0,1488,50,3500
2277.0,1364,35,3376
2320.0,1358,43,3370
3655.0,41,764,2053
3663.0,16,109,2028
3664.0,18,930,2030
1364.0,124,1415,2136
1365.0,123,808,2135
1396.0,192,303,2204
1396.0,160,170,2172
1397.0,1776,43,3788
1526.0,1646,50,3658
1527.0,1644,50,3656
1698.0,1474,35,3486
3172.0,48,764,2060
3180.0,39,109,2051
3180.0,39,930,2051
3183.0,71,43,2083
1425.0,216,1415,2228
1426.0,186,808,2198
1458.0,175,303,2187
1459.0,164,170,2176
1459.0,1925,43,3937
1571.0,1800,50,3812
1575.0,1797,50,3809
1718.0,1666,35,3678
3372.0,24,764,2036
3375.0,21,43,2033
3382.0,14,109,2026
3383.0,14,930,2026
1465.0,178,1415,2190
1466.0,207,808,2219
1499.0,166,303,2178
1499.0,172,170,2184
1500.0,2054,43,4066
1612.0,1973,50,3985
1614.0,1940,50,3952
1775.0,1778,35,3790
1868.0,1742,43,3754
3571.0,41,764,2053
3592.0,19,109,2031
3593.0,18,930,2030
1576.0,125,1415,2137
1577.0,111,808,2123
1613.0,100,303,2112
1614.0,66,170,2078
1614.0,2883,43,4895
1783.0,2511,50,4523
1784.0,2713,50,4725
1928.0,2580,35,4592
1941.0,22,43,2034
4505.0,43,109,2055
4506.0,40,930,2052
4507.0,39,764,2051
1520.0,169,1415,2181
1520.0,182,808,2194
1551.0,149,303,2161
1552.0,146,170,2158
1552.0,2317,43,4329
1647.0,2227,50,4239
1648.0,2216,50,4228
1853.0,2020,35,4032
1923.0,1982,43,3994
3862.0,47,109,2059
3863.0,43,930,2055
3871.0,2130,764,4142
2180.0,174,1415,2186
2181.0,82,808,2094
2216.0,145,303,2157
2217.0,46,170,2058
2217.0,686,43,2698
2443.0,2479,50,4491
2444.0,2477,50,4489
2557.0,49,43,2061
2583.0,320,35,2332
2606.0,283,764,2295
2941.0,1984,109,3996
2942.0,1985,930,3997
2137.0,207,1415,2219
2137.0,216,808,2228
2172.0,166,303,2178
2173.0,190,170,2202
2173.0,2488,43,4500
2300.0,2360,50,4372
2302.0,2347,50,4359
2563.0,2097,35,4109
4655.0,2365,109,4377
4655.0,2361,930,4373
4658.0,2359,43,4371
4661.0,2359,764,4371
1535.0,192,1415,2204
1536.0,222,808,2234
1567.0,188,303,2200
1567.0,163,170,2175
1568.0,2473,43,4485
1696.0,2346,50,4358
1698.0,2335,50,4347
1899.0,2142,35,4154
1952.0,2091,43,4103
4033.0,24,764,2036
4039.0,18,109,2030
4040.0,18,930,2030
1453.0,152,1415,2164
1454.0,79,808,2091
1486.0,56,303,2068
1486.0,59,170,2071
1487.0,2750,43,4762
1696.0,2541,50,4553
1697.0,2538,50,4550
1820.0,2416,35,4428
1829.0,55,43,2067
1882.0,241,764,2253
4290.0,22,109,2034
4291.0,22,930,2034
1457.0,245,1415,2257
1458.0,234,808,2246
1487.0,227,303,2239
1488.0,220,170,2232
1489.0,2262,43,4274
1607.0,2106,50,4118
1608.0,2134,50,4146
1790.0,1922,35,3934
1866.0,1846,43,3858
3713.0,2182,764,4194
3749.0,2147,109,4159
3750.0,2148,930,4160
1527.0,172,1415,2184
1528.0,122,808,2134
1561.0,96,303,2108
1561.0,87,170,2099
1561.0,2373,43,4385
1770.0,2165,50,4177
1770.0,2164,50,4176
1893.0,48,43,2060
1916.0,2041,35,4053
3941.0,33,109,2045
3942.0,31,930,2043
3957.0,18,764,2030
2203.0,131,1415,2143
2203.0,141,808,2153
2236.0,95,303,2107
2237.0,97,170,2109
2237.0,2444,43,4456
2428.0,2266,50,4278
2429.0,2266,50,4278
2556.0,56,43,2068
2597.0,2097,35,4109
2644.0,2067,764,4079
4688.0,91,109,2103
4689.0,88,930,2100
1608.0,226,1415,2238
1609.0,251,808,2263
1641.0,210,303,2222
1642.0,209,170,2221
1642.0,2554,43,4566
1733.0,2464,50,4476
1734.0,2462,50,4474
1979.0,2220,35,4232
2062.0,2155,43,4167
4194.0,41,109,2053
4195.0,38,930,2050
4198.0,38,764,2050
2249.0,109,1415,2121
2249.0,114,808,2126
2282.0,66,303,2078
2282.0,62,170,2074
2283.0,2600,43,4612
2449.0,2434,50,4446
2450.0,2434,50,4446
2607.0,2276,35,4288
2633.0,66,43,2078
2698.0,2184,764,4196
4891.0,19,109,2031
4892.0,17,930,2029
1870.0,171,1415,2183
1871.0,155,808,2167
1901.0,140,303,2152
1902.0,163,170,2175
1903.0,2665,43,4677
2003.0,2565,50,4577
2004.0,2566,50,4578
2215.0,2353,35,4365
2251.0,66,43,2078
4569.0,22,764,2034
4577.0,14,109,2026
4578.0,15,930,2027
1592.0,158,1415,2170
1592.0,132,808,2144
1629.0,135,303,2147
1630.0,96,170,2108
1630.0,2560,43,4572
1829.0,2351,50,4363
1830.0,2361,50,4373
1961.0,323,43,2335
2037.0,2155,35,4167
2284.0,19,764,2031
4188.0,2503,109,4515
4188.0,2485,930,4497
1575.0,246,1415,2258
1576.0,218,808,2230
1606.0,197,303,2209
1606.0,221,170,2233
1607.0,2384,43,4396
1707.0,2286,50,4298
1709.0,2284,50,4296
1906.0,2095,35,4107
1981.0,2076,43,4088
3989.0,68,764,2080
4000,56,109,2068
4001.0,57,930,2069
1472.0,206,1415,2218
1472.0,225,808,2237
1504.0,194,303,2206
1505.0,179,170,2191
1505.0,2469,43,4481
1638.0,2345,50,4357
1640.0,2334,50,4346
1842.0,2132,35,4144
1898.0,2127,43,4139
3982.0,42,109,2054
3982.0,42,930,2054
3984.0,40,764,2052
1509.0,148,1415,2160
1510.0,171,808,2183
1542.0,29,303,2041
1543.0,125,170,2137
1543.0,3254,43,5266
1762.0,3036,50,5048
1763.0,2976,50,4988
1860.0,51,43,2063
1901.0,2839,35,4851
2175.0,2629,764,4641
4795.0,10,109,2022
4796.0,10,930,2022
1464.0,240,1415,2252
1465.0,240,808,2252
1496.0,203,303,2215
1497.0,181,170,2193
1498.0,2761,43,4773
1656.0,2602,50,4614
1657.0,2612,50,4624
1837.0,2431,35,4443
1861.0,58,43,2070
1936.0,2334,764,4346
4266.0,25,109,2037
4267.0,25,930,2037
1588.0,109,1415,2121
1590.0,95,808,2107
1622.0,156,303,2168
1623.0,69,170,2081
1623.0,3492,43,5504
1846.0,3225,50,5237
1847.0,3225,50,5237
1924.0,68,43,2080
2034.0,3039,35,5051
5072.0,51,764,2063
5113.0,9,109,2021
5114.0,9,930,2021
2238.0,210,1415,2222
2238.0,212,808,2224
2270.0,179,303,2191
2270.0,153,170,2165
2271.0,992,43,3004
2398.0,645,50,2657
2399.0,1190,50,3202
2473.0,3092,35,5104
2998.0,138,43,2150
3000,67,764,2079
3041.0,96,109,2108
3042.0,97,930,2109
1712.0,227,1415,2239
1713.0,223,808,2235
1746.0,170,303,2182
1746.0,175,170,2187
1747.0,2152,43,4164
1853.0,2035,50,4047
1854.0,2043,50,4055
2020.0,1879,35,3891
3885.0,47,43,2059
3895.0,70,109,2082
3895.0,71,930,2083
3896.0,67,764,2079
1613.0,188,1415,2200
1613.0,228,808,2240
1643.0,172,303,2184
1644.0,152,170,2164
1644.0,2795,43,4807
1774.0,2665,50,4677
1775.0,2662,50,4674
1994.0,119,35,2131
2033.0,81,43,2093
4438.0,82,764,2094
4446.0,73,109,2085
4447.0,76,930,2088
1501.0,63,1415,2075
1502.0,146,808,2158
1535.0,143,303,2155
1535.0,134,170,2146
1536.0,3337,43,5349
1736.0,3136,50,5148
1737.0,3137,50,5149
1836.0,59,43,2071
1931.0,2942,35,4954
2158.0,2782,764,4794
4932.0,22,109,2034
4933.0,22,930,2034
1803.0,222,1415,2234
1803.0,187,808,2199
1836.0,175,303,2187
1836.0,161,170,2173
1837.0,3421,43,5433
1965.0,567,50,2579
1966.0,562,50,2574
2174.0,127,35,2139
2216.0,302,43,2314
2301.0,227,764,2239
5256.0,4,109,2016
5257.0,6,930,2018
1596.0,175,1415,2187
1597.0,202,808,2214
1631.0,139,303,2151
1631.0,170,170,2182
1632.0,3002,43,5014
1742.0,2892,50,4904
1744.0,2890,50,4902
1977.0,120,35,2132
2017.0,81,43,2093
4631.0,85,109,2097
4632.0,86,930,2098
4633.0,84,764,2096
1533.0,222,1415,2234
1534.0,215,808,2227
1567.0,162,303,2174
1568.0,177,170,2189
1569.0,2666,43,4678
1695.0,2568,50,4580
1696.0,2568,50,4580
1899.0,2336,35,4348
1969.0,14,43,2026
4271.0,56,109,2068
4272.0,53,930,2065
4273.0,55,764,2067
1792.0,266,1415,2278
1793.0,239,808,2251
1825.0,222,303,2234
1825.0,83,170,2095
1826.0,2806,43,4818
1956.0,2694,50,4706
1960.0,2706,50,4718
2174.0,2456,35,4468
2215.0,2436,43,4448
4651.0,47,764,2059
4674.0,77,109,2089
4675.0,22,930,2034
1635.0,168,1415,2180
1636.0,82,808,2094
1668.0,145,303,2157
1668.0,142,170,2154
1669.0,3561,43,5573
1885.0,3346,50,5358
1885.0,3293,50,5305
1980.0,68,43,2080
2062.0,241,764,2253
2072.0,3158,35,5170
5228.0,42,109,2054
5229.0,42,930,2054
1481.0,135,1415,2147
1482.0,263,808,2275
1511.0,142,303,2154
1511.0,233,170,2245
1512.0,3280,43,5292
1724.0,3067,50,5079
1725.0,3065,50,5077
1887.0,116,35,2128
1890.0,71,43,2083
1961.0,266,764,2278
4799.0,17,109,2029
4800.0,18,930,2030
1563.0,1230,1415,3242
1564.0,1216,808,3228
1598.0,1175,303,3187
1599.0,1183,170,3195
1599.0,1190,43,3202
1720.0,1075,50,3087
1721.0,1067,50,3079
2778.0,2509,43,4521
2791.0,2519,764,4531
2812.0,2499,109,4511
2813.0,2449,930,4461
5460.0,2950,35,4962
1500.0,227,1415,2239
1500.0,258,808,2270
1532.0,225,303,2237
1533.0,66,170,2078
1534.0,2808,43,4820
1648.0,2729,50,4741
1649.0,2725,50,4737
1851.0,2524,35,4536
1904.0,2438,43,4450
4340.0,92,109,2104
4341.0,89,930,2101
4377.0,56,764,2068
1561.0,165,1415,2177
1562.0,164,808,2176
1597.0,231,303,2243
1597.0,227,170,2239
1598.0,3067,43,5079
1794.0,2877,50,4889
1795.0,2875,50,4887
1966.0,2698,35,4710
1998.0,93,43,2105
2090.0,2580,764,4592
4663.0,24,109,2036
4663.0,22,930,2034
1650.0,179,1415,2191
1650.0,175,808,2187
1687.0,124,303,2136
1688.0,148,170,2160
1688.0,748,43,2760
1902.0,520,50,2532
1903.0,533,50,2545
2000,95,43,2107
2128.0,2995,35,5007
2155.0,2,764,2014
2433.0,2695,109,4707
2434.0,2689,930,4701
1513.0,233,1415,2245
1514.0,224,808,2236
1544.0,94,303,2106
1544.0,87,170,2099
1545.0,2845,43,4857
1687.0,2702,50,4714
1688.0,2709,50,4721
1890.0,2509,35,4521
1929.0,59,43,2071
4396.0,19,109,2031
4397.0,16,930,2028
4398.0,16,764,2028
2151.0,87,1415,2099
2152.0,164,808,2176
2184.0,134,303,2146
2185.0,131,170,2143
2539.0,64,43,2076
1749.0,255,1415,2267
1750.0,255,808,2267
1784.0,111,303,2123
1785.0,83,170,2095
2162.0,144,35,2156
2175.0,131,43,2143
1618.0,166,1415,2178
1619.0,163,808,2175
1651.0,45,303,2057
1651.0,126,170,2138
1652.0,710,43,2722
1885.0,3584,50,5596
1886.0,3580,50,5592
1982.0,89,43,2101
2092.0,3375,35,5387
2131.0,232,764,2244
2356.0,3111,109,5123
2358.0,3110,930,5122
1519.0,168,1415,2180
1520.0,161,808,2173
1552.0,117,303,2129
1553.0,48,170,2060
1554.0,705,43,2717
1765.0,496,50,2508
1766.0,495,50,2507
1909.0,128,43,2140
1911.0,63,764,2075
1931.0,329,35,2341
2256.0,29,109,2041
2257.0,30,930,2042
1490.0,188,1415,2200
1491.0,230,808,2242
1521.0,201,303,2213
1521.0,189,170,2201
1522.0,3375,43,5387
1662.0,595,50,2607
1663.0,595,50,2607
1892.0,154,35,2166
1929.0,20,43,2032
1966.0,284,764,2296
4903.0,79,109,2091
4904.0,2,930,2014
1613.0,71,1415,2083
1614.0,167,808,2179
1651.0,147,303,2159
1652.0,146,170,2158
1653.0,3511,43,5523
1877.0,508,50,2520
1878.0,507,50,2519
2023.0,85,43,2097
2050.0,326,35,2338
2107.0,270,764,2282
5171.0,10,109,2022
5172.0,2,930,2014
1571.0,124,1415,2136
1572.0,131,808,2143
1602.0,242,303,2254
1602.0,231,170,2243
1603.0,3371,43,5383
1804.0,3171,50,5183
1805.0,3179,50,5191
1992.0,122,35,2134
2041.0,89,43,2101
2112.0,17,764,2029
4982.0,81,109,2093
4982.0,77,930,2089
1539.0,172,1415,2184
1540.0,183,808,2195
1573.0,148,303,2160
1573.0,45,170,2057
1574.0,697,43,2709
1801.0,558,50,2570
1802.0,3214,50,5226
1947.0,111,43,2123
1967.0,302,35,2314
2017.0,336,764,2348
2351.0,2666,109,4678
2352.0,2664,930,4676
1517.0,222,1415,2234
1519.0,120,808,2132
1550.0,175,303,2187
1550.0,223,170,2235
1551.0,3955,43,5967
1704.0,605,50,2617
1705.0,601,50,2613
1948.0,364,35,2376
1992.0,104,43,2116
2044.0,266,764,2278
2378.0,3192,109,5204
2379.0,3190,930,5202
1583.0,130,1415,2142
1584.0,240,808,2252
1618.0,187,303,2199
1618.0,108,170,2120
1619.0,3646,43,5658
1644.0,3667,50,5679
1645.0,3666,50,5678
1986.0,385,35,2397
2019.0,351,43,2363
2021.0,148,764,2160
5309.0,84,109,2096
5310.0,85,930,2097
1549.0,252,1415,2264
1550.0,251,808,2263
1579.0,228,303,2240
1580.0,227,170,2239
1581.0,3547,43,5559
1604.0,3533,50,5545
1604.0,3531,50,5543
1972.0,3165,35,5177
2037.0,70,43,2082
2072.0,36,764,2048
5134.0,89,109,2101
5135.0,87,930,2099
1672.0,164,1415,2176
1673.0,160,808,2172
1707.0,137,303,2149
1708.0,65,170,2077
1709.0,890,43,2902
1946.0,651,50,2663
1947.0,653,50,2665
2030.0,140,43,2152
2170.0,51,764,2063
2177.0,421,35,2433
