0	1164
50	540
100	65
150	0
200	159
250	0
300	90
350	0
400	180
450	0
500	0
550	90
600	0
650	90
700	0
750	0
800	19
850	0
900	0
950	0
1000	0
1050	0
1100	0
1150	0
1200	180
1250	90
1300	0
1350	0
1400	0
1450	0
1500	0
1550	65
1600	16
1650	0
1700	0
1750	0
1800	0
1850	0
1900	67
1950	0
2000	0
2050	0
2100	0
2150	0
2200	90
2250	11
2300	0
2350	0
2400	180
2450	0
2500	21
2550	0
2600	57
2650	44
2700	29
2750	0
2800	0
2850	0
2900	0
2950	0
3000	0
3050	0
3100	2
3150	90
3200	7
3250	0
3300	0
3350	0
3400	0
3450	0
3500	0
3550	0
3600	22
3650	0
3700	0
3750	0
3800	30
3850	0
3900	0
3950	214
4000	0
4050	0
4100	0
4150	0
4200	0
4250	0
4300	0
4350	0
4400	0
4450	0
4500	0
4550	0
4600	0
4650	0
4700	0
4750	0
4800	0
4850	0
4900	0
4950	0
5000	0
5050	0
5100	0
5150	0
5200	0
5250	0
5300	54
5350	0
5400	0
5450	0
5500	0
5550	0
5600	0
5650	0
5700	0
5750	0
5800	0
5850	0
5900	29
5950	0
6000	0
6050	0
6100	0
6150	0
6200	7
6250	0
6300	0
6350	0
6400	0
6450	0
6500	0
6550	0
6600	0
6650	0
6700	0
6750	0
6800	90
6850	0
6900	0
6950	0
7000	0
7050	0
7100	0
7150	0
7200	0
7250	3
7300	2
7350	0
7400	6
7450	22
7500	0
7550	29
7600	0
7650	0
7700	0
7750	0
7800	0
7850	0
7900	90
7950	0
8000	0
8050	0
8100	29
8150	0
8200	0
8250	0
8300	0
8350	39
8400	0
8450	0
8500	7
8550	0
8600	0
8650	0
8700	0
8750	0
8800	0
8850	0
8900	0
8950	0
9000	0
9050	0
9100	0
9150	0
9200	0
9250	0
9300	0
9350	0
9400	0
9450	90
9500	0
9550	0
9600	0
9650	1
9700	0
9750	90
9800	0
9850	52
9900	0
9950	13
