0	184
50	0
100	0
150	92
200	0
250	0
300	0
350	0
400	0
450	0
500	0
550	0
600	0
650	0
700	0
750	0
800	0
850	0
900	0
950	0
1000	0
1050	0
1100	1
1150	0
1200	0
1250	0
1300	0
1350	0
1400	0
1450	0
1500	0
1550	0
1600	0
1650	0
1700	0
1750	0
1800	0
1850	0
1900	0
1950	0
2000	0
2050	2
2100	0
2150	0
2200	0
2250	0
2300	19
2350	0
2400	92
2450	90
2500	0
2550	17
2600	0
2650	0
2700	0
2750	0
2800	0
2850	0
2900	0
2950	0
3000	0
3050	0
3100	0
3150	2
3200	0
3250	24
3300	32
3350	90
3400	0
3450	0
3500	0
3550	0
3600	0
3650	0
3700	0
3750	0
3800	1
3850	0
3900	0
3950	0
4000	0
4050	92
4100	0
4150	0
4200	56
4250	0
4300	0
4350	3
4400	0
4450	0
4500	10
4550	0
4600	0
4650	0
4700	0
4750	0
4800	0
4850	0
4900	0
4950	0
5000	0
5050	0
5100	92
5150	32
5200	0
5250	0
5300	0
5350	0
5400	0
5450	0
5500	0
5550	0
5600	0
5650	0
5700	0
5750	0
5800	0
5850	0
5900	0
5950	0
6000	0
6050	0
6100	0
6150	0
6200	0
6250	0
6300	0
6350	0
6400	0
6450	0
6500	0
6550	0
6600	0
6650	0
6700	0
6750	0
6800	0
6850	0
6900	0
6950	0
7000	0
7050	0
7100	0
7150	0
7200	0
7250	0
7300	0
7350	0
7400	0
7450	0
7500	0
7550	0
7600	0
7650	0
7700	0
7750	0
7800	0
7850	0
7900	0
7950	0
8000	0
8050	0
8100	0
8150	0
8200	0
8250	0
8300	0
8350	0
8400	92
