0	42
20	295
40	450
60	224
80	226
100	232
120	183
140	99
160	75
180	3
200	49
220	41
240	40
260	17
280	8
300	9
320	5
340	5
360	4
380	6
400	8
420	8
440	5
460	5
480	4
500	3
520	4
540	1
560	3
580	3
600	3
620	1
640	2
660	3
680	1
700	6
720	1
740	2
760	1
780	7
800	3
820	1
840	0
860	3
880	4
900	24
920	44
940	29
960	4
980	5
1000	10
1020	0
1040	5
1060	6
1080	9
1100	10
1120	18
1140	11
1160	21
1180	18
1200	14
1220	20
1240	11
1260	20
1280	13
1300	12
1320	8
1340	23
1360	13
1380	14
1400	10
1420	3
1440	3
1460	11
1480	4
1500	0
1520	0
1540	0
1560	0
1580	3
1600	0
1620	0
1640	6
1660	0
1680	3
1700	0
1720	0
1740	0
1760	3
1780	0
1800	3
1820	0
1840	0
1860	0
1880	0
1900	0
1920	0
1940	0
1960	3
1980	0
2000	0
2020	0
2040	0
2060	3
2080	0
2100	0
2120	0
2140	0
2160	0
2180	0
2200	0
2220	0
2240	0
2260	3
2280	0
2300	0
2320	3
2340	0
2360	0
2380	0
2400	0
2420	0
2440	0
2460	0
2480	0
2500	0
2520	0
2540	0
2560	0
2580	0
2600	3
2620	0
2640	0
2660	0
2680	0
2700	0
2720	0
2740	0
2760	0
2780	3
2800	0
2820	0
2840	0
2860	0
2880	0
2900	0
2920	0
2940	0
2960	0
2980	0
3000	0
3020	0
3040	0
3060	0
3080	0
3100	0
3120	0
3140	0
3160	0
3180	0
3200	0
3220	0
3240	0
3260	0
3280	0
3300	0
3320	6
3340	0
3360	0
3380	0
3400	0
3420	0
3440	0
3460	0
3480	0
3500	0
3520	0
3540	0
3560	0
3580	0
3600	0
3620	0
3640	0
3660	0
3680	0
3700	0
3720	0
3740	0
3760	0
3780	0
3800	0
3820	0
3840	0
3860	0
3880	0
3900	0
3920	0
3940	0
3960	0
3980	0
4000	0
4020	0
4040	0
4060	0
4080	0
4100	0
4120	0
4140	3
