100	410
150	1385
200	444
250	96
300	41
350	27
400	59
450	37
500	20
550	10
600	2
650	1
700	3
750	120
800	455
850	418
900	140
950	45
1000	15
1050	28
1100	18
1150	18
1200	15
1250	6
1300	1
1350	6
1400	6
1450	5
1500	3
1550	19
1600	29
1650	4
1700	9
1750	3
1800	3
1850	15
1900	12
1950	11
2000	16
2050	14
2100	5
2150	24
2200	7
2250	7
2300	7
2350	7
2400	8
2450	1
2500	6
2550	3
2600	1
2650	2
2700	2
2750	1
2800	4
2850	2
2900	2
2950	0
3000	3
3050	0
3100	0
3150	0
3200	1
3250	0
3300	4
3350	0
3400	1
3450	1
3500	2
3550	0
3600	1
3650	1
3700	2
3750	1
3800	0
3850	0
3900	1
3950	0
4000	1
4050	3
4100	0
4150	0
4200	6
4250	2
4300	0
4350	0
4400	0
4450	0
4500	0
4550	2
4600	7
4650	7
4700	5
4750	0
4800	1
4850	1
4900	0
4950	0
5000	0
5050	1
5100	0
5150	0
5200	0
5250	0
5300	0
5350	0
5400	0
5450	0
5500	1
5550	0
5600	0
5650	0
5700	0
5750	2
5800	0
5850	0
5900	5
5950	0
6000	0
6050	1
