1300	1
1350	0
1400	2
1450	9
1500	22
1550	28
1600	31
1650	48
1700	47
1750	22
1800	32
1850	18
1900	10
1950	14
2000	27
2050	20
2100	11
2150	7
2200	15
2250	28
2300	32
2350	31
2400	22
2450	17
2500	12
2550	21
2600	9
2650	5
2700	9
2750	15
2800	14
2850	7
2900	10
2950	22
3000	10
3050	14
3100	15
3150	11
3200	10
3250	2
3300	6
3350	14
3400	0
3450	13
3500	8
3550	6
3600	14
3650	11
3700	7
3750	1
3800	1
3850	8
3900	7
3950	19
4000	12
4050	7
4100	8
4150	18
4200	19
4250	19
4300	9
4350	7
4400	9
4450	6
4500	7
4550	7
4600	11
4650	18
4700	10
4750	8
4800	5
4850	14
4900	11
4950	7
5000	3
5050	5
5100	11
5150	4
5200	5
5250	8
5300	4
5350	2
5400	0
5450	5
5500	1
5550	3
5600	0
5650	0
5700	0
5750	0
5800	0
5850	3
5900	0
5950	1
6000	1
6050	0
6100	0
6150	0
6200	0
6250	0
6300	0
6350	0
6400	0
6450	0
6500	0
6550	0
6600	0
6650	2
6700	0
6750	0
6800	0
6850	0
6900	0
6950	0
7000	4
7050	0
7100	0
7150	0
7200	0
7250	0
7300	0
7350	0
7400	0
7450	0
7500	0
7550	0
7600	0
7650	0
7700	0
7750	0
7800	0
7850	0
7900	0
7950	0
8000	0
8050	0
8100	0
8150	1
8200	4
8250	0
8300	0
8350	0
8400	1
8450	0
8500	0
8550	0
8600	0
8650	0
8700	1
8750	0
8800	0
8850	0
8900	0
8950	0
9000	0
9050	0
9100	0
9150	0
9200	0
9250	0
9300	0
9350	0
9400	0
9450	3
9500	0
9550	0
9600	0
9650	0
9700	0
9750	0
9800	0
9850	0
9900	0
9950	0
10000	0
10050	0
10100	0
10150	0
10200	0
10250	0
10300	0
10350	0
10400	0
10450	0
10500	0
10550	0
10600	0
10650	0
10700	0
10750	0
10800	0
10850	0
10900	0
10950	1
11000	1
11050	0
11100	0
11150	0
11200	0
11250	0
11300	0
11350	0
11400	0
11450	0
11500	0
11550	0
11600	0
11650	0
11700	0
11750	0
11800	0
11850	0
11900	0
11950	0
12000	0
12050	0
12100	0
12150	0
12200	0
12250	0
12300	0
12350	0
12400	0
12450	0
12500	0
12550	0
12600	0
12650	0
12700	0
12750	0
12800	0
12850	0
12900	0
12950	0
13000	0
13050	0
13100	0
13150	0
13200	0
13250	0
13300	1
13350	0
13400	0
13450	0
13500	0
13550	0
13600	0
13650	0
13700	0
13750	0
13800	0
13850	0
13900	0
13950	0
14000	0
14050	0
14100	0
14150	0
14200	0
14250	0
14300	0
14350	0
14400	1
