520	3
540	10
560	7
580	4
600	18
620	25
640	48
660	34
680	16
700	37
720	44
740	59
760	50
780	49
800	45
820	27
840	31
860	17
880	13
900	29
920	28
940	23
960	24
980	25
1000	15
1020	19
1040	16
1060	32
1080	13
1100	11
1120	5
1140	1
1160	7
1180	5
1200	11
1220	1
1240	6
1260	1
1280	2
1300	10
1320	2
1340	0
1360	0
1380	1
1400	0
1420	0
1440	0
1460	3
1480	1
1500	0
1520	1
1540	0
1560	1
1580	1
1600	2
1620	1
1640	1
1660	1
1680	2
1700	0
1720	0
1740	0
1760	0
1780	0
1800	2
1820	0
1840	1
1860	1
1880	0
1900	2
1920	1
1940	0
1960	1
1980	0
2000	4
2020	1
2040	1
2060	0
2080	0
2100	5
2120	1
2140	1
2160	2
2180	0
2200	0
2220	1
2240	2
2260	1
2280	2
2300	1
2320	2
2340	3
2360	1
2380	0
2400	0
2420	1
2440	1
2460	6
2480	0
2500	0
2520	0
2540	1
2560	1
2580	1
2600	0
2620	1
2640	1
2660	0
2680	0
2700	0
2720	1
2740	1
2760	1
2780	2
2800	1
2820	3
2840	0
2860	0
2880	0
2900	0
2920	0
2940	1
2960	0
2980	1
3000	4
3020	1
3040	1
3060	0
3080	1
3100	0
3120	1
3140	1
3160	3
3180	1
3200	3
3220	1
3240	0
3260	2
3280	0
3300	2
3320	1
3340	1
3360	1
3380	0
3400	2
3420	0
3440	2
3460	0
3480	4
3500	0
3520	3
3540	1
3560	2
3580	1
3600	1
3620	0
3640	1
3660	0
3680	1
3700	1
3720	0
3740	0
3760	1
3780	2
3800	0
3820	0
3840	1
3860	1
3880	1
3900	0
3920	0
3940	0
3960	0
3980	0
4000	1
4020	1
4040	0
4060	0
4080	0
4100	2
4120	0
4140	0
4160	0
4180	1
4200	0
4220	1
4240	0
4260	1
4280	3
4300	2
4320	1
4340	3
4360	0
4380	2
4400	0
4420	0
4440	0
4460	1
4480	1
4500	2
4520	2
4540	1
4560	1
4580	0
4600	1
4620	3
4640	3
4660	1
4680	1
4700	1
4720	1
4740	2
4760	2
4780	0
4800	1
4820	2
4840	1
4860	1
4880	0
4900	1
4920	1
4940	2
4960	0
4980	1
5000	0
5020	2
5040	2
5060	0
5080	2
5100	1
5120	0
5140	1
5160	1
5180	0
5200	0
5220	0
5240	0
5260	0
5280	1
5300	3
5320	2
5340	0
5360	0
5380	1
5400	0
5420	0
5440	0
5460	0
5480	0
5500	0
5520	1
5540	1
5560	0
5580	0
5600	0
5620	0
5640	0
5660	2
5680	0
5700	0
5720	0
5740	0
5760	1
5780	1
5800	0
5820	1
5840	0
5860	0
5880	0
5900	0
5920	0
5940	0
5960	1
5980	0
6000	0
6020	0
6040	0
6060	0
6080	0
6100	0
6120	1
