starttime,duration,size,total
1331.0,1136,67,3148
1332.0,1135,115,3147
1332.0,1139,69,3151
1334.0,1129,107,3141
1336.0,1128,3327,3140
1339.0,1127,3588,3139
1341.0,1121,5955,3133
1345.0,1123,3401,3135
1350.0,1115,1694,3127
1350.0,1236,1388,3248
1351.0,1235,1227,3247
1352.0,1233,1722,3245
1352.0,1231,2280,3243
1353.0,1232,478,3244
1353.0,1320,2921,3332
1354.0,1330,3629,3342
1354.0,1330,1611,3342
1360.0,1103,568,3115
1361.0,1106,125,3118
1361.0,1108,70,3120
1362.0,1108,117,3120
1362.0,1106,135,3118
1363.0,1108,94,3120
1364.0,1101,214,3113
1365.0,1099,96,3111
1371.0,1093,2426,3105
1371.0,1098,3525,3110
3118.0,62,203,2074
3119.0,62,145,2074
3130.0,51,143,2063
3401.0,58,318,2070
584.0,134,67,2146
584.0,165,115,2177
585.0,165,69,2177
586.0,164,107,2176
588.0,129,3327,2141
590.0,512,3588,2524
593.0,159,5955,2171
596.0,159,3401,2171
602.0,500,1694,2512
602.0,495,1388,2507
603.0,494,1227,2506
603.0,514,1722,2526
604.0,513,2280,2525
604.0,511,478,2523
605.0,705,2921,2717
605.0,512,3629,2524
606.0,703,1611,2715
612.0,141,568,2153
612.0,142,125,2154
613.0,103,70,2115
613.0,138,117,2150
613.0,102,135,2114
614.0,139,94,2151
615.0,138,214,2150
616.0,134,96,2146
622.0,95,2426,2107
622.0,98,3525,2110
962.0,140,203,2152
963.0,155,145,2167
974.0,130,143,2142
611.0,145,67,2157
611.0,144,115,2156
612.0,142,69,2154
613.0,141,107,2153
615.0,143,3327,2155
617.0,471,3588,2483
619.0,127,5955,2139
622.0,134,3401,2146
628.0,461,1694,2473
628.0,678,1388,2690
629.0,678,1227,2690
629.0,476,1722,2488
630.0,475,2280,2487
630.0,476,478,2488
631.0,677,2921,2689
631.0,499,3629,2511
632.0,674,1611,2686
638.0,103,568,2115
639.0,99,125,2111
639.0,114,70,2126
640.0,118,117,2130
640.0,115,135,2127
641.0,114,94,2126
642.0,101,214,2113
643.0,100,96,2112
648.0,94,2426,2106
648.0,97,3525,2109
966.0,124,203,2136
967.0,123,145,2135
977.0,0,143,2012
495.0,160,67,2172
496.0,153,115,2165
496.0,159,69,2171
498.0,154,107,2166
499.0,151,3327,2163
502.0,163,3588,2175
504.0,149,5955,2161
507.0,144,3401,2156
514.0,152,1694,2164
515.0,579,1388,2591
515.0,579,1227,2591
516.0,152,1722,2164
516.0,153,2280,2165
517.0,153,478,2165
517.0,579,2921,2591
518.0,159,3629,2171
518.0,576,1611,2588
524.0,131,568,2143
525.0,128,125,2140
525.0,132,70,2144
525.0,128,117,2140
526.0,130,135,2142
527.0,129,94,2141
528.0,127,214,2139
528.0,123,96,2135
534.0,117,2426,2129
534.0,123,3525,2135
1066.0,31,203,2043
1067.0,30,145,2042
1078.0,0,143,2012
988.0,138,67,2150
988.0,134,115,2146
989.0,135,69,2147
990.0,136,107,2148
992.0,128,3327,2140
994.0,732,3588,2744
997.0,128,5955,2140
1000,132,3401,2144
1005.0,941,1694,2953
1006.0,718,1388,2730
1007.0,721,1227,2733
1007.0,139,1722,2151
1008.0,467,2280,2479
1008.0,721,478,2733
1009.0,937,2921,2949
1009.0,937,3629,2949
1010.0,937,1611,2949
1015.0,112,568,2124
1016.0,107,125,2119
1016.0,109,70,2121
1017.0,110,117,2122
1017.0,107,135,2119
1018.0,108,94,2120
1019.0,103,214,2115
1020.0,106,96,2118
1025.0,103,2426,2115
1025.0,95,3525,2107
1439.0,29,203,2041
1440.0,29,145,2041
1451.0,0,143,2012
1448.0,135,67,2147
1449.0,140,115,2152
1449.0,133,69,2145
1451.0,135,107,2147
1452.0,133,3327,2145
1455.0,156,3588,2168
1457.0,124,5955,2136
1460.0,128,3401,2140
1466.0,146,1694,2158
1466.0,501,1388,2513
1467.0,500,1227,2512
1467.0,142,1722,2154
1468.0,503,2280,2515
1468.0,502,478,2514
1469.0,757,2921,2769
1469.0,505,3629,2517
1470.0,755,1611,2767
1476.0,116,568,2128
1476.0,108,125,2120
1477.0,107,70,2119
1477.0,107,117,2119
1477.0,107,135,2119
1478.0,103,94,2115
1479.0,102,214,2114
1480.0,102,96,2114
1485.0,101,2426,2113
1486.0,100,3525,2112
1824.0,149,203,2161
1825.0,149,145,2161
1837.0,0,143,2012
486.0,193,67,2205
487.0,195,115,2207
487.0,197,69,2209
489.0,197,107,2209
490.0,188,3327,2200
493.0,203,3588,2215
495.0,187,5955,2199
498.0,186,3401,2198
503.0,190,1694,2202
504.0,530,1388,2542
505.0,529,1227,2541
505.0,194,1722,2206
506.0,194,2280,2206
507.0,198,478,2210
507.0,530,2921,2542
508.0,213,3629,2225
508.0,529,1611,2541
514.0,166,568,2178
514.0,171,125,2183
515.0,164,70,2176
515.0,168,117,2180
516.0,167,135,2179
517.0,165,94,2177
518.0,163,214,2175
518.0,164,96,2176
524.0,156,2426,2168
524.0,157,3525,2169
1006.0,32,203,2044
1007.0,31,145,2043
1018.0,0,143,2012
617.0,74,67,2086
617.0,66,115,2078
618.0,74,69,2086
619.0,70,107,2082
621.0,62,3327,2074
623.0,162,3588,2174
626.0,55,5955,2067
629.0,61,3401,2073
635.0,152,1694,2164
636.0,513,1388,2525
636.0,516,1227,2528
637.0,152,1722,2164
637.0,162,2280,2174
638.0,160,478,2172
638.0,513,2921,2525
639.0,168,3629,2180
639.0,513,1611,2525
645.0,40,568,2052
646.0,46,125,2058
646.0,42,70,2054
647.0,35,117,2047
647.0,40,135,2052
648.0,34,94,2046
649.0,37,214,2049
650.0,38,96,2050
656.0,29,2426,2041
656.0,28,3525,2040
1120.0,33,203,2045
1120.0,39,145,2051
1131.0,0,143,2012
1408.0,143,67,2155
1409.0,140,115,2152
1409.0,137,69,2149
1411.0,134,107,2146
1412.0,134,3327,2146
1415.0,490,3588,2502
1417.0,131,5955,2143
1421.0,122,3401,2134
1426.0,478,1694,2490
1427.0,478,1388,2490
1427.0,475,1227,2487
1428.0,134,1722,2146
1428.0,483,2280,2495
1429.0,497,478,2509
1429.0,758,2921,2770
1430.0,481,3629,2493
1430.0,756,1611,2768
1436.0,111,568,2123
1436.0,114,125,2126
1437.0,112,70,2124
1437.0,113,117,2125
1438.0,110,135,2122
1439.0,106,94,2118
1440.0,110,214,2122
1441.0,103,96,2115
1446.0,105,2426,2117
1447.0,95,3525,2107
1767.0,141,203,2153
1768.0,141,145,2153
1779.0,0,143,2012
1002.0,157,67,2169
1003.0,135,115,2147
1003.0,157,69,2169
1005.0,146,107,2158
1006.0,155,3327,2167
1009.0,495,3588,2507
1011.0,139,5955,2151
1015.0,136,3401,2148
1021.0,483,1694,2495
1022.0,486,1388,2498
1023.0,480,1227,2492
1023.0,153,1722,2165
1024.0,496,2280,2508
1024.0,487,478,2499
1025.0,811,2921,2823
1026.0,486,3629,2498
1026.0,811,1611,2823
1032.0,113,568,2125
1032.0,106,125,2118
1033.0,128,70,2140
1033.0,110,117,2122
1034.0,104,135,2116
1035.0,124,94,2136
1035.0,127,214,2139
1036.0,123,96,2135
1042.0,121,2426,2133
1042.0,116,3525,2128
1473.0,36,203,2048
1474.0,35,145,2047
1485.0,0,143,2012
862.0,141,67,2153
862.0,139,115,2151
863.0,140,69,2152
864.0,135,107,2147
866.0,138,3327,2150
868.0,158,3588,2170
871.0,128,5955,2140
874.0,128,3401,2140
879.0,488,1694,2500
880.0,487,1388,2499
880.0,488,1227,2500
881.0,147,1722,2159
881.0,488,2280,2500
882.0,487,478,2499
882.0,817,2921,2829
883.0,490,3629,2502
883.0,816,1611,2828
889.0,111,568,2123
890.0,108,125,2120
890.0,115,70,2127
890.0,115,117,2127
891.0,113,135,2125
892.0,108,94,2120
893.0,107,214,2119
894.0,109,96,2121
899.0,102,2426,2114
899.0,106,3525,2118
1244.0,126,203,2138
1245.0,124,145,2136
1255.0,0,143,2012
967.0,144,67,2156
968.0,144,115,2156
968.0,145,69,2157
969.0,142,107,2154
971.0,138,3327,2150
974.0,866,3588,2878
976.0,132,5955,2144
979.0,131,3401,2143
984.0,854,1694,2866
985.0,852,1388,2864
986.0,852,1227,2864
986.0,145,1722,2157
987.0,854,2280,2866
987.0,865,478,2877
988.0,1414,2921,3426
988.0,864,3629,2876
989.0,1411,1611,3423
994.0,120,568,2132
995.0,112,125,2124
995.0,118,70,2130
996.0,116,117,2128
996.0,110,135,2122
997.0,117,94,2129
998.0,109,214,2121
999.0,114,96,2126
1004.0,106,2426,2118
1005.0,103,3525,2115
1349.0,489,203,2501
1349.0,491,145,2503
1360.0,0,143,2012
655.0,150,67,2162
655.0,148,115,2160
656.0,158,69,2170
657.0,156,107,2168
659.0,143,3327,2155
662.0,486,3588,2498
664.0,137,5955,2149
667.0,145,3401,2157
672.0,471,1694,2483
673.0,469,1388,2481
674.0,472,1227,2484
675.0,474,1722,2486
675.0,487,2280,2499
676.0,488,478,2500
676.0,797,2921,2809
677.0,487,3629,2499
677.0,797,1611,2809
683.0,122,568,2134
684.0,105,125,2117
684.0,119,70,2131
685.0,130,117,2142
685.0,104,135,2116
686.0,117,94,2129
687.0,113,214,2125
688.0,124,96,2136
693.0,97,2426,2109
693.0,111,3525,2123
1021.0,128,203,2140
1022.0,141,145,2153
1032.0,0,143,2012
835.0,138,67,2150
835.0,144,115,2156
835.0,138,69,2150
837.0,135,107,2147
838.0,137,3327,2149
841.0,152,3588,2164
844.0,133,5955,2145
847.0,129,3401,2141
852.0,140,1694,2152
853.0,505,1388,2517
853.0,504,1227,2516
854.0,147,1722,2159
854.0,147,2280,2159
855.0,148,478,2160
855.0,503,2921,2515
856.0,154,3629,2166
856.0,498,1611,2510
862.0,112,568,2124
863.0,115,125,2127
863.0,119,70,2131
864.0,114,117,2126
864.0,109,135,2121
865.0,113,94,2125
866.0,109,214,2121
867.0,107,96,2119
872.0,107,2426,2119
872.0,111,3525,2123
1216.0,610,203,2622
1216.0,609,145,2621
1227.0,0,143,2012
663.0,143,67,2155
664.0,137,115,2149
664.0,137,69,2149
666.0,152,107,2164
668.0,154,3327,2166
671.0,519,3588,2531
674.0,132,5955,2144
676.0,144,3401,2156
683.0,510,1694,2522
683.0,508,1388,2520
684.0,511,1227,2523
684.0,505,1722,2517
685.0,527,2280,2539
685.0,527,478,2539
686.0,660,2921,2672
686.0,525,3629,2537
687.0,660,1611,2672
692.0,127,568,2139
693.0,122,125,2134
693.0,129,70,2141
694.0,112,117,2124
694.0,118,135,2130
695.0,116,94,2128
696.0,126,214,2138
697.0,115,96,2127
702.0,109,2426,2121
703.0,113,3525,2125
1067.0,145,203,2157
1067.0,129,145,2141
1078.0,0,143,2012
677.0,151,67,2163
677.0,144,115,2156
678.0,146,69,2158
679.0,147,107,2159
681.0,138,3327,2150
683.0,502,3588,2514
686.0,134,5955,2146
689.0,129,3401,2141
695.0,489,1694,2501
696.0,488,1388,2500
696.0,486,1227,2498
697.0,148,1722,2160
698.0,500,2280,2512
698.0,499,478,2511
699.0,862,2921,2874
699.0,497,3629,2509
700.0,862,1611,2874
705.0,121,568,2133
706.0,116,125,2128
706.0,113,70,2125
707.0,116,117,2128
707.0,118,135,2130
708.0,113,94,2125
709.0,114,214,2126
710.0,115,96,2127
715.0,107,2426,2119
716.0,110,3525,2122
1155.0,33,203,2045
1156.0,33,145,2045
1167.0,0,143,2012
667.0,138,67,2150
667.0,139,115,2151
668.0,141,69,2153
669.0,136,107,2148
671.0,139,3327,2151
674.0,525,3588,2537
676.0,131,5955,2143
679.0,134,3401,2146
684.0,144,1694,2156
685.0,515,1388,2527
685.0,514,1227,2526
686.0,143,1722,2155
686.0,517,2280,2529
687.0,517,478,2529
687.0,1621,2921,3633
688.0,528,3629,2540
688.0,1623,1611,3635
694.0,118,568,2130
695.0,117,125,2129
695.0,113,70,2125
695.0,110,117,2122
696.0,113,135,2125
697.0,108,94,2120
698.0,108,214,2120
699.0,115,96,2127
704.0,103,2426,2115
704.0,105,3525,2117
1139.0,64,203,2076
1140.0,63,145,2075
1151.0,0,143,2012
734.0,153,67,2165
735.0,152,115,2164
735.0,157,69,2169
737.0,150,107,2162
738.0,142,3327,2154
741.0,509,3588,2521
743.0,148,5955,2160
747.0,137,3401,2149
753.0,500,1694,2512
753.0,500,1388,2512
754.0,497,1227,2509
754.0,502,1722,2514
755.0,865,2280,2877
755.0,866,478,2878
756.0,863,2921,2875
756.0,864,3629,2876
757.0,863,1611,2875
762.0,127,568,2139
763.0,128,125,2140
763.0,129,70,2141
764.0,122,117,2134
764.0,129,135,2141
765.0,115,94,2127
766.0,115,214,2127
767.0,120,96,2132
772.0,109,2426,2121
773.0,112,3525,2124
1216.0,47,203,2059
1216.0,46,145,2058
1227.0,0,143,2012
687.0,192,67,2204
688.0,193,115,2205
688.0,187,69,2199
690.0,186,107,2198
691.0,188,3327,2200
694.0,951,3588,2963
696.0,138,5955,2150
699.0,136,3401,2148
706.0,941,1694,2953
707.0,934,1388,2946
708.0,938,1227,2950
708.0,180,1722,2192
709.0,938,2280,2950
709.0,951,478,2963
710.0,1612,2921,3624
710.0,951,3629,2963
711.0,1610,1611,3622
716.0,118,568,2130
717.0,161,125,2173
717.0,116,70,2128
718.0,114,117,2126
718.0,114,135,2126
719.0,114,94,2126
720.0,158,214,2170
721.0,156,96,2168
726.0,150,2426,2162
727.0,153,3525,2165
1181.0,85,203,2097
1181.0,85,145,2097
1192.0,0,143,2012
735.0,155,67,2167
736.0,154,115,2166
736.0,148,69,2160
738.0,153,107,2165
740.0,143,3327,2155
743.0,944,3588,2956
745.0,140,5955,2152
748.0,137,3401,2149
754.0,933,1694,2945
754.0,929,1388,2941
755.0,933,1227,2945
757.0,151,1722,2163
757.0,503,2280,2515
758.0,943,478,2955
759.0,1659,2921,3671
760.0,940,3629,2952
760.0,1660,1611,3672
767.0,115,568,2127
767.0,123,125,2135
768.0,113,70,2125
768.0,114,117,2126
769.0,121,135,2133
770.0,113,94,2125
771.0,111,214,2123
771.0,112,96,2124
777.0,109,2426,2121
777.0,103,3525,2115
1217.0,31,203,2043
1218.0,30,145,2042
1229.0,0,143,2012
696.0,164,67,2176
696.0,169,115,2181
697.0,161,69,2173
698.0,162,107,2174
700.0,162,3327,2174
702.0,615,3588,2627
705.0,148,5955,2160
708.0,151,3401,2163
713.0,603,1694,2615
714.0,604,1388,2616
714.0,605,1227,2617
715.0,163,1722,2175
715.0,604,2280,2616
716.0,619,478,2631
716.0,1053,2921,3065
717.0,617,3629,2629
717.0,1050,1611,3062
723.0,133,568,2145
724.0,133,125,2145
724.0,118,70,2130
725.0,129,117,2141
725.0,134,135,2146
726.0,136,94,2148
727.0,137,214,2149
728.0,137,96,2149
733.0,112,2426,2124
734.0,124,3525,2136
1179.0,142,203,2154
1179.0,141,145,2153
1190.0,0,143,2012
713.0,147,67,2159
713.0,150,115,2162
714.0,142,69,2154
715.0,144,107,2156
717.0,146,3327,2158
720.0,513,3588,2525
722.0,142,5955,2154
725.0,132,3401,2144
731.0,503,1694,2515
731.0,507,1388,2519
732.0,506,1227,2518
732.0,500,1722,2512
733.0,530,2280,2542
733.0,529,478,2541
734.0,942,2921,2954
734.0,527,3629,2539
735.0,941,1611,2953
740.0,120,568,2132
741.0,115,125,2127
741.0,115,70,2127
742.0,120,117,2132
742.0,118,135,2130
743.0,118,94,2130
744.0,117,214,2129
745.0,113,96,2125
751.0,107,2426,2119
751.0,107,3525,2119
1079.0,165,203,2177
1080.0,165,145,2177
1091.0,0,143,2012
479.0,307,67,2319
479.0,298,115,2310
480.0,304,69,2316
481.0,304,107,2316
483.0,306,3327,2318
486.0,293,3588,2305
489.0,289,5955,2301
492.0,292,3401,2304
498.0,292,1694,2304
499.0,786,1388,2798
500.0,786,1227,2798
500.0,304,1722,2316
501.0,305,2280,2317
501.0,304,478,2316
502.0,786,2921,2798
502.0,410,3629,2422
503.0,783,1611,2795
509.0,283,568,2295
509.0,277,125,2289
510.0,276,70,2288
510.0,280,117,2292
510.0,270,135,2282
511.0,273,94,2285
512.0,271,214,2283
513.0,265,96,2277
519.0,261,2426,2273
519.0,261,3525,2273
1161.0,129,203,2141
1161.0,128,145,2140
1172.0,0,143,2012
714.0,160,67,2172
715.0,161,115,2173
715.0,161,69,2173
717.0,159,107,2171
718.0,162,3327,2174
721.0,575,3588,2587
723.0,156,5955,2168
726.0,152,3401,2164
733.0,556,1694,2568
734.0,557,1388,2569
734.0,556,1227,2568
735.0,175,1722,2187
735.0,565,2280,2577
736.0,563,478,2575
736.0,1095,2921,3107
737.0,563,3629,2575
737.0,1095,1611,3107
743.0,126,568,2138
743.0,124,125,2136
744.0,124,70,2136
744.0,141,117,2153
745.0,122,135,2134
746.0,131,94,2143
746.0,129,214,2141
747.0,132,96,2144
753.0,124,2426,2136
753.0,124,3525,2136
1228.0,68,203,2080
1229.0,68,145,2080
1240.0,0,143,2012
1850.0,149,67,2161
1851.0,151,115,2163
1851.0,149,69,2161
1853.0,146,107,2158
1854.0,147,3327,2159
1857.0,1212,3588,3224
1859.0,143,5955,2155
1862.0,140,3401,2152
1868.0,1204,1694,3216
1869.0,1202,1388,3214
1869.0,1203,1227,3215
1870.0,212,1722,2224
1870.0,1201,2280,3213
1871.0,1554,478,3566
1871.0,1552,2921,3564
1872.0,1553,3629,3565
1872.0,1553,1611,3565
1878.0,126,568,2138
1879.0,127,125,2139
1879.0,121,70,2133
1880.0,127,117,2139
1880.0,126,135,2138
1881.0,122,94,2134
1882.0,123,214,2135
1883.0,117,96,2129
1888.0,116,2426,2128
1888.0,117,3525,2129
3396.0,30,203,2042
3397.0,36,145,2048
3407.0,0,143,2012
1157.0,153,67,2165
1158.0,150,115,2162
1158.0,147,69,2159
1160.0,149,107,2161
1161.0,144,3327,2156
1164.0,535,3588,2547
1166.0,140,5955,2152
1169.0,134,3401,2146
1175.0,527,1694,2539
1175.0,523,1388,2535
1176.0,522,1227,2534
1176.0,151,1722,2163
1177.0,897,2280,2909
1178.0,898,478,2910
1178.0,1078,2921,3090
1179.0,898,3629,2910
1179.0,1075,1611,3087
1185.0,119,568,2131
1186.0,122,125,2134
1186.0,117,70,2129
1186.0,118,117,2130
1187.0,119,135,2131
1188.0,121,94,2133
1189.0,121,214,2133
1190.0,118,96,2130
1196.0,113,2426,2125
1196.0,115,3525,2127
2003.0,72,203,2084
2004.0,73,145,2085
2015.0,0,143,2012
725.0,153,67,2165
725.0,151,115,2163
726.0,149,69,2161
727.0,145,107,2157
729.0,146,3327,2158
732.0,1078,3588,3090
734.0,142,5955,2154
737.0,134,3401,2146
744.0,1062,1694,3074
745.0,1066,1388,3078
745.0,1064,1227,3076
746.0,1066,1722,3078
746.0,1089,2280,3101
747.0,1089,478,3101
747.0,1488,2921,3500
748.0,1088,3629,3100
748.0,1487,1611,3499
754.0,116,568,2128
755.0,115,125,2127
755.0,118,70,2130
755.0,121,117,2133
756.0,121,135,2133
757.0,115,94,2127
758.0,116,214,2128
758.0,114,96,2126
764.0,110,2426,2122
764.0,109,3525,2121
2450.0,155,203,2167
2451.0,152,145,2164
2463.0,0,143,2012
687.0,142,67,2154
688.0,149,115,2161
688.0,141,69,2153
690.0,201,107,2213
691.0,197,3327,2209
694.0,540,3588,2552
696.0,196,5955,2208
699.0,136,3401,2148
705.0,531,1694,2543
706.0,532,1388,2544
706.0,530,1227,2542
707.0,1092,1722,3104
707.0,1092,2280,3104
708.0,1089,478,3101
709.0,1090,2921,3102
709.0,1089,3629,3101
710.0,1090,1611,3102
715.0,173,568,2185
716.0,171,125,2183
716.0,118,70,2130
717.0,120,117,2132
717.0,173,135,2185
718.0,119,94,2131
719.0,173,214,2185
720.0,110,96,2122
725.0,111,2426,2123
725.0,109,3525,2121
1091.0,162,203,2174
1091.0,161,145,2173
1102.0,0,143,2012
741.0,151,67,2163
741.0,153,115,2165
742.0,155,69,2167
743.0,147,107,2159
745.0,145,3327,2157
748.0,563,3588,2575
750.0,143,5955,2155
753.0,142,3401,2154
759.0,554,1694,2566
759.0,552,1388,2564
760.0,558,1227,2570
761.0,158,1722,2170
761.0,577,2280,2589
762.0,1115,478,3127
762.0,1117,2921,3129
763.0,575,3629,2587
763.0,1115,1611,3127
769.0,129,568,2141
770.0,124,125,2136
770.0,127,70,2139
770.0,123,117,2135
771.0,125,135,2137
772.0,118,94,2130
773.0,124,214,2136
773.0,120,96,2132
780.0,111,2426,2123
781.0,115,3525,2127
1146.0,189,203,2201
1146.0,189,145,2201
1158.0,0,143,2012
752.0,149,67,2161
752.0,154,115,2166
753.0,157,69,2169
754.0,154,107,2166
756.0,154,3327,2166
759.0,521,3588,2533
761.0,145,5955,2157
764.0,137,3401,2149
770.0,508,1694,2520
770.0,505,1388,2517
771.0,504,1227,2516
771.0,149,1722,2161
772.0,527,2280,2539
772.0,527,478,2539
773.0,1103,2921,3115
773.0,526,3629,2538
774.0,1103,1611,3115
780.0,119,568,2131
780.0,119,125,2131
781.0,119,70,2131
781.0,121,117,2133
782.0,120,135,2132
783.0,126,94,2138
784.0,119,214,2131
784.0,113,96,2125
790.0,109,2426,2121
790.0,110,3525,2122
1135.0,145,203,2157
1136.0,145,145,2157
1147.0,0,143,2012
1033.0,150,67,2162
1034.0,148,115,2160
1034.0,149,69,2161
1036.0,148,107,2160
1037.0,147,3327,2159
1040.0,784,3588,2796
1042.0,140,5955,2152
1046.0,143,3401,2155
1052.0,769,1694,2781
1052.0,769,1388,2781
1053.0,769,1227,2781
1053.0,153,1722,2165
1054.0,773,2280,2785
1055.0,781,478,2793
1055.0,1786,2921,3798
1056.0,778,3629,2790
1056.0,1783,1611,3795
1062.0,122,568,2134
1063.0,124,125,2136
1063.0,117,70,2129
1064.0,117,117,2129
1064.0,122,135,2134
1065.0,123,94,2135
1066.0,115,214,2127
1067.0,120,96,2132
1073.0,114,2426,2126
1074.0,113,3525,2125
1793.0,31,203,2043
1793.0,33,145,2045
1804.0,0,143,2012
966.0,147,67,2159
967.0,152,115,2164
967.0,150,69,2162
969.0,148,107,2160
970.0,145,3327,2157
973.0,1137,3588,3149
976.0,139,5955,2151
978.0,134,3401,2146
984.0,1124,1694,3136
985.0,1129,1388,3141
985.0,1126,1227,3138
986.0,151,1722,2163
986.0,522,2280,2534
987.0,1147,478,3159
987.0,2289,2921,4301
988.0,1145,3629,3157
988.0,2289,1611,4301
994.0,124,568,2136
995.0,122,125,2134
996.0,122,70,2134
996.0,116,117,2128
996.0,123,135,2135
997.0,119,94,2131
998.0,122,214,2134
999.0,119,96,2131
1004.0,111,2426,2123
1005.0,109,3525,2121
1342.0,138,203,2150
1342.0,138,145,2150
1353.0,0,143,2012
751.0,148,67,2160
752.0,151,115,2163
752.0,491,69,2503
754.0,148,107,2160
755.0,146,3327,2158
758.0,947,3588,2959
760.0,488,5955,2500
763.0,481,3401,2493
770.0,934,1694,2946
771.0,933,1388,2945
771.0,931,1227,2943
772.0,497,1722,2509
772.0,940,2280,2952
773.0,940,478,2952
773.0,2138,2921,4150
774.0,939,3629,2951
774.0,2137,1611,4149
780.0,119,568,2131
781.0,122,125,2134
781.0,466,70,2478
782.0,467,117,2479
782.0,465,135,2477
783.0,120,94,2132
784.0,460,214,2472
785.0,117,96,2129
790.0,110,2426,2122
791.0,457,3525,2469
1204.0,45,203,2057
1205.0,45,145,2057
1216.0,0,143,2012
701.0,258,67,2270
702.0,260,115,2272
702.0,256,69,2268
704.0,255,107,2267
705.0,141,3327,2153
708.0,585,3588,2597
710.0,249,5955,2261
713.0,250,3401,2262
719.0,575,1694,2587
719.0,575,1388,2587
720.0,572,1227,2584
720.0,246,1722,2258
721.0,1227,2280,3239
721.0,1226,478,3238
722.0,1227,2921,3239
722.0,1226,3629,3238
723.0,1224,1611,3236
730.0,123,568,2135
730.0,121,125,2133
731.0,231,70,2243
731.0,116,117,2128
732.0,231,135,2243
732.0,231,94,2243
733.0,120,214,2132
734.0,118,96,2130
739.0,108,2426,2120
740.0,112,3525,2124
1195.0,116,203,2128
1196.0,115,145,2127
1208.0,0,143,2012
856.0,93,67,2105
857.0,98,115,2110
857.0,98,69,2110
858.0,93,107,2105
860.0,93,3327,2105
863.0,539,3588,2551
865.0,90,5955,2102
868.0,81,3401,2093
874.0,527,1694,2539
874.0,525,1388,2537
875.0,528,1227,2540
875.0,530,1722,2542
876.0,545,2280,2557
876.0,545,478,2557
877.0,1175,2921,3187
878.0,543,3629,2555
878.0,1174,1611,3186
884.0,65,568,2077
885.0,66,125,2078
885.0,67,70,2079
886.0,69,117,2081
886.0,65,135,2077
887.0,66,94,2078
888.0,63,214,2075
889.0,64,96,2076
894.0,57,2426,2069
895.0,59,3525,2071
1358.0,46,203,2058
1358.0,46,145,2058
1369.0,0,143,2012
717.0,94,67,2106
718.0,92,115,2104
718.0,97,69,2109
719.0,93,107,2105
721.0,89,3327,2101
724.0,643,3588,2655
726.0,89,5955,2101
729.0,85,3401,2097
734.0,635,1694,2647
735.0,632,1388,2644
736.0,634,1227,2646
736.0,96,1722,2108
737.0,634,2280,2646
737.0,636,478,2648
738.0,1311,2921,3323
739.0,646,3629,2658
739.0,1309,1611,3321
745.0,68,568,2080
745.0,65,125,2077
746.0,67,70,2079
746.0,66,117,2078
747.0,70,135,2082
748.0,70,94,2082
749.0,67,214,2079
750.0,64,96,2076
755.0,57,2426,2069
755.0,60,3525,2072
1306.0,69,203,2081
1307.0,71,145,2083
1319.0,0,143,2012
712.0,99,67,2111
713.0,109,115,2121
713.0,103,69,2115
715.0,104,107,2116
716.0,98,3327,2110
719.0,566,3588,2578
721.0,88,5955,2100
725.0,91,3401,2103
731.0,550,1694,2562
731.0,554,1388,2566
732.0,549,1227,2561
732.0,109,1722,2121
733.0,554,2280,2566
733.0,559,478,2571
734.0,1232,2921,3244
734.0,560,3629,2572
735.0,1230,1611,3242
740.0,73,568,2085
741.0,65,125,2077
741.0,71,70,2083
742.0,75,117,2087
742.0,76,135,2088
743.0,67,94,2079
744.0,76,214,2088
745.0,76,96,2088
750.0,74,2426,2086
751.0,72,3525,2084
1221.0,66,203,2078
1222.0,64,145,2076
1233.0,0,143,2012
709.0,151,67,2163
709.0,157,115,2169
709.0,149,69,2161
711.0,155,107,2167
713.0,149,3327,2161
715.0,526,3588,2538
718.0,146,5955,2158
721.0,140,3401,2152
726.0,517,1694,2529
727.0,514,1388,2526
728.0,513,1227,2525
728.0,509,1722,2521
729.0,1137,2280,3149
729.0,1136,478,3148
730.0,1134,2921,3146
730.0,1134,3629,3146
731.0,1136,1611,3148
737.0,123,568,2135
738.0,125,125,2137
738.0,125,70,2137
738.0,126,117,2138
739.0,126,135,2138
740.0,125,94,2137
741.0,124,214,2136
741.0,117,96,2129
747.0,119,2426,2131
747.0,115,3525,2127
1203.0,47,203,2059
1203.0,46,145,2058
1214.0,0,143,2012
727.0,101,67,2113
728.0,97,115,2109
728.0,96,69,2108
730.0,95,107,2107
732.0,95,3327,2107
735.0,557,3588,2569
737.0,92,5955,2104
740.0,91,3401,2103
749.0,539,1694,2551
749.0,540,1388,2552
750.0,541,1227,2553
751.0,558,1722,2570
751.0,1186,2280,3198
752.0,1185,478,3197
752.0,1185,2921,3197
753.0,1185,3629,3197
753.0,2477,1611,4489
759.0,67,568,2079
759.0,69,125,2081
760.0,64,70,2076
760.0,65,117,2077
761.0,66,135,2078
762.0,62,94,2074
763.0,68,214,2080
763.0,65,96,2077
769.0,59,2426,2071
769.0,56,3525,2068
1217.0,91,203,2103
1217.0,91,145,2103
1228.0,0,143,2012
739.0,69,67,2081
739.0,67,115,2079
740.0,65,69,2077
741.0,70,107,2082
743.0,64,3327,2076
746.0,549,2813,2561
748.0,64,5955,2076
751.0,58,3401,2070
756.0,537,1694,2549
757.0,536,1388,2548
758.0,538,1227,2550
758.0,542,1722,2554
759.0,554,2280,2566
759.0,552,478,2564
760.0,1258,2921,3270
760.0,553,3629,2565
761.0,1258,1611,3270
766.0,39,568,2051
767.0,36,125,2048
767.0,43,70,2055
768.0,44,117,2056
768.0,38,135,2050
769.0,36,94,2048
770.0,34,214,2046
772.0,33,96,2045
777.0,26,2426,2038
778.0,29,3525,2041
1155.0,144,203,2156
1155.0,144,145,2156
1166.0,0,143,2012
995.0,153,67,2165
995.0,154,115,2166
996.0,148,69,2160
997.0,148,107,2160
999.0,146,3327,2158
1002.0,1215,2813,3227
1005.0,142,5955,2154
1008.0,136,3401,2148
1014.0,1205,1694,3217
1014.0,1203,1388,3215
1015.0,1202,1227,3214
1015.0,152,1722,2164
1016.0,525,2280,2537
1016.0,1214,478,3226
1017.0,1329,2921,3341
1017.0,1214,3629,3226
1018.0,1327,1611,3339
1024.0,125,568,2137
1024.0,125,125,2137
1025.0,123,70,2135
1025.0,123,117,2135
1026.0,118,135,2130
1026.0,124,94,2136
1027.0,119,214,2131
1028.0,119,96,2131
1034.0,117,2426,2129
1034.0,109,3525,2121
1503.0,32,203,2044
1503.0,32,145,2044
1514.0,0,143,2012
758.0,191,67,2203
759.0,197,115,2209
759.0,196,69,2208
761.0,190,107,2202
762.0,190,3327,2202
765.0,533,2813,2545
768.0,184,5955,2196
771.0,183,3401,2195
777.0,520,1694,2532
777.0,1218,1388,3230
778.0,1219,1227,3231
779.0,528,1722,2540
779.0,529,2280,2541
780.0,1218,478,3230
780.0,1216,2921,3228
781.0,1216,3629,3228
781.0,2543,1611,4555
787.0,168,568,2180
788.0,160,125,2172
788.0,165,70,2177
788.0,160,117,2172
789.0,160,135,2172
790.0,165,94,2177
791.0,159,214,2171
792.0,156,96,2168
797.0,150,2426,2162
797.0,154,3525,2166
1158.0,149,203,2161
1159.0,147,145,2159
1170.0,0,143,2012
768.0,347,67,2359
769.0,351,115,2363
769.0,343,69,2355
771.0,346,107,2358
773.0,338,3327,2350
776.0,338,2813,2350
778.0,337,5955,2349
781.0,329,3401,2341
786.0,330,1694,2342
788.0,1203,1388,3215
789.0,1201,1227,3213
789.0,540,1722,2552
790.0,539,2280,2551
790.0,538,478,2550
791.0,1199,2921,3211
791.0,545,3629,2557
792.0,1200,1611,3212
798.0,312,568,2324
798.0,319,125,2331
799.0,318,70,2330
799.0,313,117,2325
800.0,311,135,2323
800.0,315,94,2327
801.0,319,214,2331
802.0,311,96,2323
808.0,110,2426,2122
808.0,304,3525,2316
1285.0,45,203,2057
1286.0,44,145,2056
1297.0,0,143,2012
477.0,404,67,2416
477.0,401,115,2413
478.0,408,69,2420
479.0,399,107,2411
481.0,398,3327,2410
483.0,401,2813,2413
486.0,394,5955,2406
489.0,394,3401,2406
494.0,393,1694,2405
495.0,550,1388,2562
496.0,547,1227,2559
496.0,407,1722,2419
497.0,405,2280,2417
497.0,407,478,2419
498.0,542,2921,2554
498.0,421,3629,2433
499.0,546,1611,2558
505.0,379,568,2391
505.0,381,125,2393
506.0,381,70,2393
506.0,375,117,2387
506.0,371,135,2383
507.0,379,94,2391
508.0,375,214,2387
509.0,368,96,2380
516.0,369,2426,2381
516.0,367,3525,2379
1327.0,888,203,2900
1327.0,887,145,2899
1338.0,0,143,2012
765.0,152,67,2164
765.0,161,115,2173
766.0,158,69,2170
767.0,148,107,2160
769.0,153,3327,2165
772.0,541,2813,2553
775.0,144,5955,2156
778.0,140,3401,2152
783.0,531,1694,2543
784.0,525,1388,2537
784.0,525,1227,2537
785.0,157,1722,2169
785.0,536,2280,2548
786.0,538,478,2550
786.0,1264,2921,3276
787.0,535,3629,2547
787.0,1262,1611,3274
793.0,129,568,2141
794.0,122,125,2134
794.0,131,70,2143
795.0,126,117,2138
795.0,124,135,2136
796.0,123,94,2135
797.0,124,214,2136
798.0,129,96,2141
803.0,117,2426,2129
804.0,119,3525,2131
1168.0,146,203,2158
1169.0,146,145,2158
1180.0,0,143,2012
752.0,97,67,2109
753.0,94,115,2106
753.0,97,69,2109
755.0,94,107,2106
756.0,89,3327,2101
759.0,533,2813,2545
762.0,83,5955,2095
765.0,87,3401,2099
770.0,523,1694,2535
771.0,523,1388,2535
771.0,519,1227,2531
772.0,525,1722,2537
772.0,531,2280,2543
773.0,531,478,2543
773.0,1304,2921,3316
774.0,528,3629,2540
775.0,1303,1611,3315
780.0,71,568,2083
781.0,69,125,2081
781.0,65,70,2077
782.0,67,117,2079
782.0,66,135,2078
783.0,65,94,2077
784.0,64,214,2076
785.0,66,96,2078
790.0,61,2426,2073
791.0,56,3525,2068
1232.0,66,203,2078
1233.0,66,145,2078
1244.0,0,143,2012
751.0,93,67,2105
751.0,98,115,2110
752.0,99,69,2111
753.0,91,107,2103
755.0,90,3327,2102
758.0,1314,2813,3326
760.0,87,5955,2099
763.0,87,3401,2099
768.0,1304,1694,3316
769.0,1301,1388,3313
770.0,1303,1227,3315
770.0,95,1722,2107
771.0,491,2280,2503
771.0,1313,478,3325
772.0,1436,2921,3448
772.0,1313,3629,3325
773.0,1437,1611,3449
778.0,72,568,2084
779.0,70,125,2082
779.0,68,70,2080
780.0,71,117,2083
780.0,66,135,2078
781.0,63,94,2075
782.0,67,214,2079
783.0,61,96,2073
788.0,58,2426,2070
789.0,60,3525,2072
2121.0,35,203,2047
2122.0,35,145,2047
2133.0,0,143,2012
758.0,97,67,2109
759.0,99,115,2111
759.0,91,69,2103
760.0,93,107,2105
762.0,89,3327,2101
765.0,552,2813,2564
767.0,86,5955,2098
770.0,87,3401,2099
776.0,540,1694,2552
776.0,541,1388,2553
777.0,541,1227,2553
777.0,93,1722,2105
778.0,543,2280,2555
778.0,547,478,2559
779.0,1473,2921,3485
779.0,546,3629,2558
780.0,1473,1611,3485
786.0,70,568,2082
786.0,69,125,2081
787.0,70,70,2082
787.0,69,117,2081
788.0,69,135,2081
788.0,64,94,2076
789.0,62,214,2074
790.0,63,96,2075
796.0,59,2426,2071
796.0,56,3525,2068
1175.0,146,203,2158
1176.0,145,145,2157
1187.0,0,143,2012
764.0,107,67,2119
764.0,107,115,2119
765.0,107,69,2119
766.0,92,107,2104
768.0,89,3327,2101
771.0,566,2813,2578
773.0,100,5955,2112
776.0,94,3401,2106
782.0,554,1694,2566
782.0,553,1388,2565
783.0,552,1227,2564
783.0,555,1722,2567
784.0,558,2280,2570
784.0,557,478,2569
785.0,1469,2921,3481
785.0,556,3629,2568
786.0,1468,1611,3480
791.0,66,568,2078
792.0,77,125,2089
792.0,66,70,2078
793.0,79,117,2091
793.0,79,135,2091
794.0,76,94,2088
795.0,74,214,2086
796.0,72,96,2084
801.0,67,2426,2079
802.0,55,3525,2067
1258.0,80,203,2092
1258.0,79,145,2091
1270.0,0,143,2012
778.0,99,67,2111
779.0,94,115,2106
779.0,94,69,2106
780.0,96,107,2108
782.0,89,3327,2101
785.0,2135,2813,4147
787.0,87,5955,2099
790.0,88,3401,2100
796.0,2122,1694,4134
796.0,2122,1388,4134
797.0,2126,1227,4138
798.0,245,1722,2257
798.0,2126,2280,4138
799.0,2134,478,4146
799.0,2595,2921,4607
800.0,2134,3629,4146
800.0,2593,1611,4605
806.0,65,568,2077
807.0,72,125,2084
807.0,65,70,2077
808.0,64,117,2076
808.0,68,135,2080
809.0,66,94,2078
810.0,65,214,2077
811.0,67,96,2079
816.0,58,2426,2070
817.0,59,3525,2071
3269.0,140,203,2152
3270.0,125,145,2137
3281.0,0,143,2012
885.0,66,67,2078
885.0,63,115,2075
886.0,73,69,2085
887.0,66,107,2078
889.0,69,3327,2081
891.0,277,2813,2289
894.0,53,5955,2065
897.0,59,3401,2071
903.0,260,1694,2272
903.0,261,1388,2273
904.0,259,1227,2271
904.0,115,1722,2127
905.0,265,2280,2277
905.0,282,478,2294
906.0,630,2921,2642
906.0,281,3629,2293
907.0,629,1611,2641
913.0,39,568,2051
913.0,35,125,2047
914.0,43,70,2055
914.0,43,117,2055
915.0,38,135,2050
915.0,40,94,2052
916.0,32,214,2044
918.0,40,96,2052
923.0,32,2426,2044
924.0,29,3525,2041
1391.0,146,203,2158
1391.0,155,145,2167
1403.0,0,143,2012
783.0,96,67,2108
783.0,97,115,2109
783.0,92,69,2104
785.0,96,107,2108
787.0,96,3327,2108
789.0,548,2813,2560
792.0,89,5955,2101
795.0,82,3401,2094
800.0,537,1694,2549
801.0,533,1388,2545
801.0,530,1227,2542
802.0,536,1722,2548
803.0,540,2280,2552
803.0,540,478,2552
804.0,1550,2921,3562
804.0,540,3629,2552
805.0,1550,1611,3562
810.0,72,568,2084
811.0,68,125,2080
811.0,65,70,2077
812.0,70,117,2082
812.0,65,135,2077
813.0,66,94,2078
814.0,63,214,2075
815.0,67,96,2079
820.0,55,2426,2067
821.0,58,3525,2070
1192.0,147,203,2159
1193.0,146,145,2158
1204.0,0,143,2012
487.0,452,67,2464
487.0,450,115,2462
488.0,452,69,2464
490.0,454,107,2466
491.0,450,3327,2462
494.0,443,2813,2455
497.0,445,5955,2457
500.0,434,3401,2446
506.0,437,1694,2449
507.0,609,1388,2621
507.0,605,1227,2617
508.0,451,1722,2463
508.0,450,2280,2462
509.0,451,478,2463
509.0,603,2921,2615
510.0,465,3629,2477
510.0,601,1611,2613
516.0,423,568,2435
516.0,423,125,2435
517.0,421,70,2433
517.0,420,117,2432
518.0,423,135,2435
519.0,421,94,2433
520.0,415,214,2427
521.0,418,96,2430
526.0,409,2426,2421
526.0,409,3525,2421
1326.0,177,203,2189
1327.0,178,145,2190
1338.0,0,143,2012
761.0,135,67,2147
762.0,112,115,2124
762.0,101,69,2113
764.0,100,107,2112
765.0,129,3327,2141
768.0,590,2813,2602
770.0,123,5955,2135
773.0,97,3401,2109
779.0,582,1694,2594
779.0,579,1388,2591
780.0,575,1227,2587
781.0,181,1722,2193
781.0,575,2280,2587
782.0,585,478,2597
782.0,1489,2921,3501
783.0,1488,3629,3500
783.0,1489,1611,3501
789.0,80,568,2092
789.0,77,125,2089
790.0,105,70,2117
790.0,106,117,2118
791.0,102,135,2114
792.0,75,94,2087
793.0,73,214,2085
793.0,75,96,2087
800.0,67,2426,2079
801.0,72,3525,2084
1290.0,76,203,2088
1290.0,75,145,2087
1301.0,0,143,2012
863.0,71,67,2083
863.0,72,115,2084
864.0,63,69,2075
865.0,64,107,2076
867.0,70,3327,2082
869.0,254,2813,2266
872.0,58,5955,2070
875.0,61,3401,2073
880.0,244,1694,2256
881.0,245,1388,2257
881.0,244,1227,2256
882.0,245,1722,2257
882.0,258,2280,2270
883.0,258,478,2270
883.0,594,2921,2606
884.0,259,3629,2271
884.0,592,1611,2604
890.0,45,568,2057
891.0,38,125,2050
891.0,37,70,2049
892.0,43,117,2055
892.0,43,135,2055
893.0,41,94,2053
894.0,32,214,2044
895.0,33,96,2045
900.0,32,2426,2044
901.0,26,3525,2038
1336.0,142,203,2154
1337.0,141,145,2153
1348.0,0,143,2012
755.0,93,67,2105
756.0,93,115,2105
756.0,94,69,2106
758.0,92,107,2104
759.0,94,3327,2106
762.0,594,2813,2606
765.0,86,5955,2098
767.0,87,3401,2099
773.0,581,1694,2593
774.0,583,1388,2595
774.0,581,1227,2593
775.0,93,1722,2105
775.0,298,2280,2310
776.0,611,478,2623
776.0,1649,2921,3661
777.0,609,3629,2621
777.0,1649,1611,3661
783.0,70,568,2082
784.0,65,125,2077
784.0,64,70,2076
785.0,70,117,2082
785.0,68,135,2080
786.0,69,94,2081
787.0,63,214,2075
788.0,64,96,2076
793.0,59,2426,2071
793.0,58,3525,2070
1293.0,65,203,2077
1294.0,64,145,2076
1305.0,0,143,2012
496.0,534,67,2546
496.0,524,115,2536
497.0,528,69,2540
498.0,532,107,2544
500.0,531,3327,2543
503.0,526,2813,2538
505.0,521,5955,2533
508.0,31,3401,2043
516.0,508,1694,2520
516.0,695,1388,2707
517.0,694,1227,2706
517.0,529,1722,2541
518.0,529,2280,2541
518.0,530,478,2542
519.0,691,2921,2703
519.0,548,3629,2560
520.0,690,1611,2702
526.0,495,568,2507
526.0,497,125,2509
527.0,498,70,2510
527.0,499,117,2511
527.0,498,135,2510
528.0,497,94,2509
529.0,495,214,2507
530.0,496,96,2508
535.0,495,2426,2507
536.0,485,3525,2497
1520.0,58,203,2070
1520.0,58,145,2070
1531.0,0,143,2012
790.0,175,67,2187
791.0,170,115,2182
791.0,173,69,2185
793.0,175,107,2187
794.0,174,3327,2186
797.0,328,2813,2340
800.0,167,5955,2179
804.0,156,3401,2168
810.0,312,1694,2324
811.0,315,1388,2327
812.0,309,1227,2321
812.0,313,1722,2325
813.0,356,2280,2368
813.0,356,478,2368
814.0,2471,2921,4483
814.0,354,3629,2366
815.0,2469,1611,4481
820.0,147,568,2159
821.0,144,125,2156
821.0,147,70,2159
822.0,145,117,2157
822.0,142,135,2154
823.0,140,94,2152
824.0,61,214,2073
825.0,141,96,2153
830.0,134,2426,2146
831.0,132,3525,2144
3620.0,71,203,2083
3620.0,69,145,2081
3632.0,0,143,2012
835.0,100,67,2112
836.0,94,115,2106
836.0,94,69,2106
838.0,97,107,2109
839.0,92,3327,2104
842.0,236,2813,2248
845.0,92,5955,2104
848.0,86,3401,2098
854.0,226,1694,2238
854.0,570,1388,2582
855.0,567,1227,2579
855.0,226,1722,2238
856.0,230,2280,2242
856.0,228,478,2240
857.0,565,2921,2577
857.0,568,3629,2580
858.0,1861,1611,3873
864.0,67,568,2079
864.0,66,125,2078
865.0,70,70,2082
865.0,65,117,2077
866.0,67,135,2079
867.0,66,94,2078
868.0,61,214,2073
868.0,62,96,2074
874.0,62,2426,2074
874.0,59,3525,2071
1361.0,65,203,2077
1362.0,64,145,2076
1373.0,0,143,2012
764.0,101,67,2113
765.0,92,115,2104
765.0,94,69,2106
767.0,93,107,2105
768.0,94,3327,2106
771.0,542,2813,2554
773.0,85,5955,2097
776.0,88,3401,2100
782.0,533,1694,2545
782.0,530,1388,2542
783.0,528,1227,2540
783.0,96,1722,2108
784.0,1476,2280,3488
785.0,1477,478,3489
785.0,1474,2921,3486
786.0,1474,3629,3486
786.0,1475,1611,3487
792.0,66,568,2078
792.0,72,125,2084
793.0,72,70,2084
793.0,66,117,2078
794.0,70,135,2082
795.0,64,94,2076
795.0,65,214,2077
796.0,61,96,2073
802.0,56,2426,2068
802.0,60,3525,2072
1182.0,1076,203,3088
1183.0,1076,145,3088
1194.0,0,143,2012
921.0,96,67,2108
921.0,99,115,2111
921.0,98,69,2110
925.0,96,107,2108
927.0,95,3327,2107
929.0,554,2813,2566
932.0,85,5955,2097
935.0,81,3401,2093
941.0,538,1694,2550
941.0,540,1388,2552
942.0,541,1227,2553
942.0,94,1722,2106
943.0,1531,2280,3543
943.0,547,478,2559
944.0,1529,2921,3541
944.0,546,3629,2558
945.0,1528,1611,3540
951.0,71,568,2083
951.0,64,125,2076
952.0,67,70,2079
952.0,65,117,2077
953.0,70,135,2082
953.0,69,94,2081
954.0,66,214,2078
955.0,65,96,2077
961.0,58,2426,2070
961.0,57,3525,2069
1435.0,49,203,2061
1436.0,49,145,2061
1447.0,0,143,2012
781.0,99,67,2111
782.0,100,115,2112
782.0,95,69,2107
784.0,97,107,2109
785.0,94,3327,2106
788.0,578,2813,2590
790.0,86,5955,2098
793.0,85,3401,2097
799.0,566,1694,2578
800.0,567,1388,2579
800.0,570,1227,2582
801.0,96,1722,2108
801.0,571,2280,2583
802.0,575,478,2587
802.0,1591,2921,3603
803.0,573,3629,2585
803.0,1591,1611,3603
809.0,74,568,2086
810.0,71,125,2083
810.0,69,70,2081
811.0,72,117,2084
811.0,68,135,2080
812.0,62,94,2074
813.0,65,214,2077
814.0,68,96,2080
819.0,63,2426,2075
820.0,55,3525,2067
1299.0,76,203,2088
1300.0,71,145,2083
1311.0,0,143,2012
900.0,109,67,2121
900.0,95,115,2107
901.0,104,69,2116
903.0,92,107,2104
905.0,99,3327,2111
908.0,2381,2813,4393
911.0,95,5955,2107
914.0,94,3401,2106
920.0,2376,1694,4388
920.0,2374,1388,4386
921.0,2376,1227,4388
921.0,166,1722,2178
922.0,2371,2280,4383
922.0,2399,478,4411
923.0,2533,2921,4545
923.0,2397,3629,4409
924.0,2532,1611,4544
929.0,65,568,2077
930.0,79,125,2091
931.0,78,70,2090
931.0,63,117,2075
931.0,75,135,2087
932.0,71,94,2083
933.0,72,214,2084
934.0,69,96,2081
940.0,68,2426,2080
940.0,66,3525,2078
4622.0,60,203,2072
4623.0,59,145,2071
4634.0,0,143,2012
798.0,101,67,2113
799.0,100,115,2112
799.0,95,69,2107
801.0,99,107,2111
802.0,91,3327,2103
805.0,239,2813,2251
807.0,88,5955,2100
811.0,88,3401,2100
817.0,224,1694,2236
817.0,228,1388,2240
818.0,226,1227,2238
819.0,94,1722,2106
819.0,227,2280,2239
820.0,554,478,2566
820.0,551,2921,2563
821.0,551,3629,2563
821.0,551,1611,2563
827.0,71,568,2083
827.0,73,125,2085
828.0,67,70,2079
828.0,69,117,2081
829.0,71,135,2083
830.0,67,94,2079
831.0,66,214,2078
831.0,62,96,2074
837.0,55,2426,2067
837.0,57,3525,2069
1342.0,34,203,2046
1343.0,35,145,2047
1354.0,0,143,2012
1013.0,102,67,2114
1014.0,97,115,2109
1014.0,96,69,2108
1016.0,99,107,2111
1017.0,94,3327,2106
1020.0,267,2813,2279
1023.0,87,5955,2099
1026.0,91,3401,2103
1032.0,200,1694,2212
1032.0,253,1388,2265
1033.0,253,1227,2265
1033.0,254,1722,2266
1034.0,260,2280,2272
1034.0,259,478,2271
1035.0,584,2921,2596
1035.0,257,3629,2269
1036.0,584,1611,2596
1042.0,70,568,2082
1043.0,73,125,2085
1043.0,70,70,2082
1044.0,64,117,2076
1044.0,70,135,2082
1045.0,65,94,2077
1046.0,68,214,2080
1047.0,66,96,2078
1052.0,56,2426,2068
1053.0,55,3525,2067
1589.0,32,203,2044
1589.0,31,145,2043
1601.0,0,143,2012
1079.0,97,67,2109
1079.0,101,115,2113
1080.0,95,69,2107
1081.0,94,107,2106
1083.0,99,3327,2111
1086.0,1101,2813,3113
1088.0,89,5955,2101
1092.0,81,3401,2093
1099.0,1091,1694,3103
1099.0,1089,1388,3101
1100.0,1086,1227,3098
1100.0,97,1722,2109
1101.0,1502,2280,3514
1102.0,1501,478,3513
1102.0,1500,2921,3512
1103.0,1499,3629,3511
1103.0,1498,1611,3510
1109.0,71,568,2083
1109.0,73,125,2085
1110.0,65,70,2077
1110.0,70,117,2082
1111.0,72,135,2084
1112.0,63,94,2075
1112.0,67,214,2079
1113.0,64,96,2076
1119.0,62,2426,2074
1119.0,57,3525,2069
2452.0,152,203,2164
2452.0,152,145,2164
2464.0,0,143,2012
1041.0,175,67,2187
1042.0,94,115,2106
1042.0,95,69,2107
1044.0,176,107,2188
1046.0,173,3327,2185
1048.0,1652,2813,3664
1051.0,166,5955,2178
1054.0,167,3401,2179
1060.0,1644,1694,3656
1060.0,1643,1388,3655
1061.0,1641,1227,3653
1061.0,223,1722,2235
1062.0,569,2280,2581
1063.0,1654,478,3666
1063.0,3871,2921,5883
1064.0,1654,3629,3666
1064.0,3871,1611,5883
1070.0,150,568,2162
1071.0,65,125,2077
1071.0,147,70,2159
1072.0,150,117,2162
1072.0,144,135,2156
1073.0,144,94,2156
1074.0,63,214,2075
1075.0,147,96,2159
1080.0,140,2426,2152
1081.0,138,3525,2150
1470.0,1234,203,3246
1471.0,1234,145,3246
1482.0,0,143,2012
808.0,102,67,2114
808.0,182,115,2194
808.0,93,69,2105
810.0,104,107,2116
812.0,101,3327,2113
815.0,595,2813,2607
817.0,85,5955,2097
820.0,96,3401,2108
826.0,588,1694,2600
827.0,584,1388,2596
827.0,586,1227,2598
828.0,225,1722,2237
829.0,583,2280,2595
829.0,1747,478,3759
830.0,1745,2921,3757
830.0,1747,3629,3759
831.0,1745,1611,3757
837.0,78,568,2090
837.0,72,125,2084
838.0,155,70,2167
838.0,75,117,2087
839.0,73,135,2085
839.0,71,94,2083
840.0,151,214,2163
841.0,69,96,2081
847.0,65,2426,2077
847.0,63,3525,2075
1252.0,177,203,2189
1252.0,177,145,2189
1263.0,0,143,2012
821.0,176,67,2188
822.0,169,115,2181
822.0,172,69,2184
824.0,169,107,2181
825.0,168,3327,2180
828.0,604,2813,2616
830.0,88,5955,2100
833.0,158,3401,2170
839.0,595,1694,2607
840.0,596,1388,2608
840.0,595,1227,2607
841.0,168,1722,2180
841.0,1786,2280,3798
842.0,600,478,2612
842.0,1784,2921,3796
843.0,1784,3629,3796
843.0,1785,1611,3797
849.0,148,568,2160
850.0,143,125,2155
850.0,149,70,2161
851.0,69,117,2081
851.0,145,135,2157
852.0,140,94,2152
853.0,143,214,2155
854.0,66,96,2078
859.0,61,2426,2073
860.0,136,3525,2148
1358.0,83,203,2095
1358.0,82,145,2094
1370.0,0,143,2012
811.0,100,67,2112
811.0,99,115,2111
812.0,92,69,2104
813.0,98,107,2110
815.0,95,3327,2107
818.0,240,2813,2252
820.0,87,5955,2099
823.0,85,3401,2097
829.0,229,1694,2241
830.0,226,1388,2238
830.0,230,1227,2242
831.0,94,1722,2106
831.0,230,2280,2242
832.0,558,478,2570
832.0,555,2921,2567
833.0,231,3629,2243
833.0,557,1611,2569
839.0,67,568,2079
839.0,66,125,2078
840.0,70,70,2082
840.0,66,117,2078
841.0,64,135,2076
842.0,62,94,2074
843.0,67,214,2079
843.0,64,96,2076
849.0,56,2426,2068
849.0,60,3525,2072
1263.0,137,203,2149
1264.0,127,145,2139
1275.0,0,143,2012
835.0,96,67,2108
835.0,96,115,2108
836.0,98,69,2110
837.0,91,107,2103
839.0,95,3327,2107
842.0,250,2813,2262
844.0,85,5955,2097
847.0,83,3401,2095
853.0,242,1694,2254
853.0,241,1388,2253
854.0,246,1227,2258
854.0,96,1722,2108
855.0,245,2280,2257
856.0,245,478,2257
856.0,567,2921,2579
857.0,580,3629,2592
857.0,1991,1611,4003
863.0,70,568,2082
863.0,72,125,2084
864.0,65,70,2077
864.0,64,117,2076
865.0,69,135,2081
866.0,66,94,2078
867.0,68,214,2080
867.0,60,96,2072
873.0,59,2426,2071
873.0,60,3525,2072
1395.0,41,203,2053
1396.0,42,145,2054
1407.0,0,143,2012
866.0,101,67,2113
867.0,102,115,2114
867.0,94,69,2106
869.0,94,107,2106
870.0,96,3327,2108
874.0,247,2813,2259
877.0,88,5955,2100
880.0,82,3401,2094
886.0,233,1694,2245
886.0,237,1388,2249
887.0,238,1227,2250
887.0,97,1722,2109
888.0,236,2280,2248
888.0,239,478,2251
889.0,563,2921,2575
889.0,238,3629,2250
890.0,562,1611,2574
896.0,67,568,2079
896.0,74,125,2086
897.0,70,70,2082
897.0,71,117,2083
898.0,72,135,2084
899.0,71,94,2083
899.0,66,214,2078
900.0,67,96,2079
906.0,63,2426,2075
906.0,63,3525,2075
1408.0,48,203,2060
1409.0,44,145,2056
1420.0,0,143,2012
513.0,518,67,2530
513.0,512,115,2524
514.0,513,69,2525
515.0,509,107,2521
517.0,514,3327,2526
522.0,507,2813,2519
528.0,495,5955,2507
531.0,501,3401,2513
539.0,490,1694,2502
540.0,656,1388,2668
541.0,651,1227,2663
541.0,512,1722,2524
542.0,514,2280,2526
547.0,507,478,2519
548.0,643,2921,2655
549.0,558,3629,2570
549.0,647,1611,2659
557.0,471,568,2483
557.0,469,125,2481
558.0,466,70,2478
558.0,464,117,2476
559.0,463,135,2475
560.0,466,94,2478
560.0,465,214,2477
564.0,464,96,2476
571.0,456,2426,2468
571.0,453,3525,2465
1576.0,83,203,2095
1576.0,80,145,2092
1587.0,0,143,2012
828.0,180,67,2192
828.0,178,115,2190
829.0,93,69,2105
830.0,177,107,2189
832.0,171,3327,2183
834.0,595,2813,2607
837.0,167,5955,2179
840.0,165,3401,2177
846.0,582,1694,2594
846.0,580,1388,2592
847.0,581,1227,2593
847.0,222,1722,2234
848.0,590,2280,2602
849.0,1810,478,3822
849.0,1808,2921,3820
850.0,1808,3629,3820
850.0,1808,1611,3820
856.0,152,568,2164
856.0,147,125,2159
857.0,152,70,2164
857.0,150,117,2162
858.0,64,135,2076
859.0,145,94,2157
860.0,63,214,2075
861.0,146,96,2158
866.0,136,2426,2148
866.0,55,3525,2067
1358.0,76,203,2088
1359.0,75,145,2087
1370.0,0,143,2012
954.0,97,67,2109
954.0,109,115,2121
955.0,114,69,2126
957.0,91,107,2103
959.0,106,3327,2118
962.0,253,2813,2265
965.0,100,5955,2112
968.0,100,3401,2112
974.0,242,1694,2254
974.0,571,1388,2583
975.0,568,1227,2580
975.0,180,1722,2192
976.0,245,2280,2257
976.0,246,478,2258
977.0,568,2921,2580
977.0,570,3629,2582
978.0,1841,1611,3853
984.0,83,568,2095
984.0,81,125,2093
985.0,82,70,2094
985.0,77,117,2089
986.0,65,135,2077
987.0,79,94,2091
988.0,62,214,2074
988.0,80,96,2092
994.0,56,2426,2068
994.0,69,3525,2081
1418.0,130,203,2142
1418.0,129,145,2141
1429.0,0,143,2012
1147.0,93,67,2105
1147.0,100,115,2112
1148.0,95,69,2107
1149.0,97,107,2109
1151.0,91,3327,2103
1154.0,472,2813,2484
1156.0,85,5955,2097
1159.0,86,3401,2098
1165.0,467,1694,2479
1166.0,464,1388,2476
1166.0,460,1227,2472
1167.0,94,1722,2106
1167.0,480,2280,2492
1168.0,482,478,2494
1169.0,1843,2921,3855
1169.0,1844,3629,3856
1170.0,1843,1611,3855
1175.0,65,568,2077
1176.0,64,125,2076
1177.0,68,70,2080
1177.0,65,117,2077
1177.0,68,135,2080
1178.0,68,94,2080
1179.0,65,214,2077
1180.0,65,96,2077
1185.0,62,2426,2074
1186.0,58,3525,2070
1585.0,62,203,2074
1586.0,62,145,2074
1597.0,0,143,2012
1104.0,97,67,2109
1105.0,93,115,2105
1105.0,94,69,2106
1107.0,92,107,2104
1110.0,614,4262,2626
1113.0,89,5955,2101
1116.0,572,2577,2584
1123.0,565,1694,2577
1123.0,563,1388,2575
1124.0,565,1227,2577
1124.0,580,1722,2592
1125.0,578,2280,2590
1125.0,579,478,2591
1126.0,1742,2921,3754
1126.0,579,3629,2591
1127.0,1740,1611,3752
1133.0,65,568,2077
1133.0,65,125,2077
1134.0,67,70,2079
1134.0,66,117,2078
1135.0,66,135,2078
1136.0,67,94,2079
1136.0,63,214,2075
1137.0,65,96,2077
1143.0,61,2426,2073
1143.0,57,3525,2069
1539.0,151,203,2163
1540.0,150,145,2162
1551.0,0,143,2012
968.0,176,67,2188
969.0,92,115,2104
969.0,176,69,2188
971.0,176,107,2188
974.0,174,4262,2186
977.0,166,5955,2178
980.0,162,2577,2174
986.0,593,1694,2605
987.0,591,1388,2603
987.0,589,1227,2601
988.0,227,1722,2239
988.0,232,2280,2244
989.0,590,478,2602
989.0,1812,2921,3824
990.0,1745,3629,3757
990.0,4301,1611,6313
996.0,151,568,2163
997.0,151,125,2163
997.0,65,70,2077
997.0,149,117,2161
998.0,148,135,2160
999.0,147,94,2159
1000,146,214,2158
1001.0,141,96,2153
1006.0,55,2426,2067
1006.0,138,3525,2150
1504.0,1230,203,3242
1505.0,1229,145,3241
1516.0,0,143,2012
840.0,187,67,2199
840.0,92,115,2104
841.0,93,69,2105
842.0,103,107,2115
846.0,181,4262,2193
849.0,94,5955,2106
852.0,89,2577,2101
858.0,240,1694,2252
858.0,240,1388,2252
859.0,591,1227,2603
859.0,236,1722,2248
860.0,237,2280,2249
860.0,241,478,2253
861.0,587,2921,2599
861.0,588,3629,2600
862.0,587,1611,2599
868.0,66,568,2078
868.0,76,125,2088
869.0,157,70,2169
869.0,69,117,2081
869.0,75,135,2087
870.0,73,94,2085
871.0,62,214,2074
872.0,70,96,2082
878.0,60,2426,2072
878.0,67,3525,2079
1306.0,148,203,2160
1306.0,146,145,2158
1317.0,0,143,2012
499.0,514,67,2526
499.0,511,115,2523
499.0,511,69,2523
501.0,506,107,2518
504.0,504,4262,2516
508.0,506,5955,2518
511.0,501,2577,2513
517.0,489,1694,2501
517.0,494,1388,2506
518.0,694,1227,2706
518.0,531,1722,2543
519.0,534,2280,2546
519.0,533,478,2545
520.0,692,2921,2704
520.0,530,3629,2542
521.0,688,1611,2700
527.0,481,568,2493
527.0,481,125,2493
528.0,480,70,2492
528.0,478,117,2490
529.0,478,135,2490
530.0,475,94,2487
530.0,484,214,2496
531.0,481,96,2493
537.0,468,2426,2480
537.0,472,3525,2484
1441.0,152,203,2164
1442.0,151,145,2163
1453.0,0,143,2012
962.0,104,67,2116
962.0,104,115,2116
962.0,105,69,2117
964.0,104,107,2116
967.0,40,4262,2052
970.0,36,5955,2048
973.0,90,2577,2102
979.0,734,1694,2746
980.0,734,1388,2746
980.0,734,1227,2746
981.0,98,1722,2110
981.0,104,2280,2116
982.0,102,478,2114
982.0,730,2921,2742
983.0,313,3629,2325
983.0,730,1611,2742
989.0,16,568,2028
990.0,78,125,2090
990.0,76,70,2088
990.0,76,117,2088
991.0,76,135,2088
992.0,13,94,2025
993.0,11,214,2023
994.0,74,96,2086
1000,12,2426,2024
1000,66,3525,2078
1684.0,32,203,2044
1685.0,30,145,2042
1696.0,0,143,2012
1094.0,95,67,2107
1095.0,101,115,2113
1095.0,100,69,2112
1097.0,93,107,2105
1100.0,89,4262,2101
1103.0,93,5955,2105
1106.0,85,2577,2097
1113.0,245,1694,2257
1113.0,246,1388,2258
1114.0,245,1227,2257
1114.0,99,1722,2111
1115.0,100,2280,2112
1115.0,185,478,2197
1116.0,345,2921,2357
1116.0,244,3629,2256
1117.0,362,1611,2374
1123.0,70,568,2082
1123.0,67,125,2079
1124.0,71,70,2083
1124.0,68,117,2080
1125.0,69,135,2081
1126.0,65,94,2077
1127.0,62,214,2074
1128.0,68,96,2080
1133.0,61,2426,2073
1134.0,58,3525,2070
3048.0,65,203,2077
3049.0,65,145,2077
3060.0,0,143,2012
970.0,102,67,2114
970.0,95,115,2107
971.0,100,69,2112
972.0,92,107,2104
976.0,97,4262,2109
978.0,91,5955,2103
982.0,87,2577,2099
988.0,233,1694,2245
988.0,232,1388,2244
989.0,233,1227,2245
989.0,97,1722,2109
990.0,96,2280,2108
990.0,231,478,2243
991.0,589,2921,2601
992.0,231,3629,2243
992.0,586,1611,2598
998.0,75,568,2087
998.0,67,125,2079
999.0,73,70,2085
999.0,72,117,2084
1000,66,135,2078
1002.0,64,94,2076
1003.0,67,214,2079
1004.0,66,96,2078
1010.0,60,2426,2072
1010.0,56,3525,2068
1502.0,82,203,2094
1503.0,79,145,2091
1514.0,0,143,2012
946.0,100,67,2112
946.0,101,115,2113
947.0,103,69,2115
948.0,100,107,2112
952.0,95,4262,2107
955.0,96,5955,2108
958.0,86,2577,2098
965.0,248,1694,2260
965.0,247,1388,2259
966.0,248,1227,2260
966.0,98,1722,2110
967.0,99,2280,2111
967.0,178,478,2190
968.0,581,2921,2593
968.0,246,3629,2258
969.0,579,1611,2591
975.0,75,568,2087
975.0,71,125,2083
976.0,68,70,2080
976.0,66,117,2078
977.0,72,135,2084
979.0,64,94,2076
980.0,67,214,2079
981.0,68,96,2080
987.0,64,2426,2076
987.0,61,3525,2073
1408.0,143,203,2155
1409.0,151,145,2163
1420.0,0,143,2012
967.0,93,67,2105
968.0,97,115,2109
968.0,102,69,2114
970.0,98,107,2110
974.0,97,4262,2109
977.0,87,5955,2099
980.0,85,2577,2097
986.0,241,1694,2253
986.0,238,1388,2250
987.0,239,1227,2251
987.0,97,1722,2109
988.0,98,2280,2110
988.0,182,478,2194
989.0,576,2921,2588
989.0,575,3629,2587
990.0,571,1611,2583
996.0,73,568,2085
996.0,65,125,2077
997.0,73,70,2085
997.0,64,117,2076
998.0,71,135,2083
998.0,69,94,2081
999.0,71,214,2083
1000,64,96,2076
1006.0,55,2426,2067
1006.0,64,3525,2076
1533.0,33,203,2045
1533.0,33,145,2045
1544.0,0,143,2012
976.0,93,67,2105
976.0,102,115,2114
977.0,93,69,2105
978.0,97,107,2109
982.0,96,4262,2108
985.0,92,5955,2104
988.0,95,2577,2107
994.0,1916,1694,3928
994.0,1916,1388,3928
995.0,1917,1227,3929
995.0,138,1722,2150
996.0,139,2280,2151
996.0,136,478,2148
997.0,1914,2921,3926
997.0,242,3629,2254
998.0,625,1611,2637
1004.0,79,568,2091
1004.0,78,125,2090
1005.0,76,70,2088
1005.0,72,117,2084
1006.0,73,135,2085
1007.0,72,94,2084
1007.0,74,214,2086
1008.0,72,96,2084
1014.0,67,2426,2079
1014.0,69,3525,2081
1458.0,150,203,2162
1458.0,148,145,2160
1471.0,0,143,2012
1044.0,189,67,2201
1044.0,182,115,2194
1045.0,182,69,2194
1046.0,92,107,2104
1050.0,178,4262,2190
1053.0,85,5955,2097
1056.0,173,2577,2185
1062.0,583,1694,2595
1063.0,583,1388,2595
1063.0,581,1227,2593
1064.0,234,1722,2246
1064.0,230,2280,2242
1065.0,230,478,2242
1065.0,2026,2921,4038
1066.0,585,3629,2597
1066.0,2025,1611,4037
1073.0,162,568,2174
1073.0,160,125,2172
1074.0,158,70,2170
1074.0,154,117,2166
1075.0,158,135,2170
1076.0,154,94,2166
1076.0,157,214,2169
1077.0,157,96,2169
1083.0,149,2426,2161
1083.0,146,3525,2158
1504.0,149,203,2161
1504.0,147,145,2159
1515.0,0,143,2012
836.0,94,67,2106
836.0,95,115,2107
836.0,101,69,2113
838.0,91,107,2103
841.0,94,4262,2106
844.0,90,5955,2102
848.0,91,2577,2103
854.0,244,1694,2256
855.0,243,1388,2255
855.0,244,1227,2256
856.0,92,1722,2104
856.0,93,2280,2105
857.0,99,478,2111
857.0,242,2921,2254
858.0,181,3629,2193
858.0,585,1611,2597
864.0,74,568,2086
865.0,65,125,2077
865.0,68,70,2080
866.0,67,117,2079
866.0,69,135,2081
867.0,65,94,2077
868.0,65,214,2077
869.0,65,96,2077
874.0,64,2426,2076
875.0,58,3525,2070
1411.0,62,203,2074
1412.0,33,145,2045
1423.0,0,143,2012
848.0,102,67,2114
848.0,182,115,2194
848.0,181,69,2193
850.0,175,107,2187
853.0,175,4262,2187
856.0,171,5955,2183
859.0,171,2577,2183
865.0,604,1694,2616
866.0,603,1388,2615
867.0,604,1227,2616
867.0,226,1722,2238
868.0,227,2280,2239
868.0,606,478,2618
869.0,2041,2921,4053
869.0,611,3629,2623
870.0,2041,1611,4053
876.0,73,568,2085
876.0,72,125,2084
877.0,70,70,2082
877.0,151,117,2163
877.0,149,135,2161
878.0,152,94,2164
879.0,147,214,2159
880.0,67,96,2079
886.0,141,2426,2153
886.0,60,3525,2072
1377.0,102,203,2114
1378.0,102,145,2114
1389.0,0,143,2012
1101.0,97,67,2109
1102.0,136,115,2148
1102.0,96,69,2108
1104.0,136,107,2148
1107.0,130,4262,2142
1110.0,126,5955,2138
1113.0,126,2577,2138
1119.0,256,1694,2268
1119.0,259,1388,2271
1120.0,256,1227,2268
1120.0,126,1722,2138
1121.0,128,2280,2140
1121.0,126,478,2138
1122.0,359,2921,2371
1122.0,255,3629,2267
1123.0,374,1611,2386
1129.0,109,568,2121
1129.0,106,125,2118
1130.0,69,70,2081
1130.0,70,117,2082
1131.0,107,135,2119
1132.0,103,94,2115
1133.0,68,214,2080
1134.0,65,96,2077
1139.0,62,2426,2074
1139.0,95,3525,2107
6328.0,83,203,2095
6329.0,71,145,2083
6340.0,0,143,2012
1026.0,99,67,2111
1027.0,100,115,2112
1027.0,99,69,2111
1029.0,95,107,2107
1032.0,92,4262,2104
1035.0,93,5955,2105
1038.0,82,2577,2094
1044.0,1857,1694,3869
1045.0,1856,1388,3868
1045.0,1858,1227,3870
1046.0,98,1722,2110
1046.0,97,2280,2109
1047.0,536,478,2548
1048.0,1855,2921,3867
1048.0,542,3629,2554
1049.0,1854,1611,3866
1055.0,69,568,2081
1056.0,72,125,2084
1056.0,68,70,2080
1056.0,63,117,2075
1057.0,71,135,2083
1058.0,64,94,2076
1059.0,68,214,2080
1060.0,66,96,2078
1065.0,58,2426,2070
1065.0,57,3525,2069
2951.0,35,203,2047
2951.0,29,145,2041
2962.0,0,143,2012
1040.0,240,67,2252
1041.0,249,115,2261
1041.0,248,69,2260
1043.0,242,107,2254
1047.0,235,4262,2247
1050.0,236,5955,2248
1053.0,236,2577,2248
1061.0,611,1694,2623
1061.0,607,1388,2619
1062.0,608,1227,2620
1062.0,608,1722,2620
1063.0,605,2280,2617
1064.0,607,478,2619
1064.0,2174,2921,4186
1065.0,613,3629,2625
1065.0,2172,1611,4184
1071.0,217,568,2229
1072.0,215,125,2227
1072.0,212,70,2224
1073.0,216,117,2228
1073.0,211,135,2223
1074.0,207,94,2219
1075.0,211,214,2223
1076.0,209,96,2221
1082.0,200,2426,2212
1083.0,198,3525,2210
1596.0,80,203,2092
1597.0,79,145,2091
1609.0,0,143,2012
