700	95
800	352
900	534
1000	484
1100	408
1200	269
1300	176
1400	96
1500	94
1600	39
1700	67
1800	57
1900	35
2000	64
2100	74
2200	31
2300	72
2400	54
2500	43
2600	92
2700	85
2800	70
2900	54
3000	12
3100	16
3200	54
3300	40
3400	35
3500	69
3600	42
3700	28
3800	39
3900	24
4000	49
4100	39
4200	40
4300	38
4400	27
4500	27
4600	35
4700	23
4800	18
4900	26
5000	25
5100	10
5200	11
5300	30
5400	17
5500	8
5600	28
5700	22
5800	1
5900	4
6000	10
6100	5
6200	2
6300	1
6400	1
6500	1
6600	0
6700	10
6800	0
6900	3
7000	2
7100	1
7200	2
7300	0
7400	2
7500	1
7600	4
7700	3
7800	3
7900	0
8000	2
8100	0
8200	2
8300	0
8400	1
8500	1
8600	2
8700	0
8800	1
8900	1
9000	0
9100	2
9200	0
9300	0
9400	1
9500	1
9600	2
9700	3
9800	0
9900	2
10000	0
10100	1
10200	1
10300	0
10400	2
10500	1
10600	2
10700	0
10800	0
10900	0
11000	0
11100	1
11200	0
11300	0
11400	0
11500	0
11600	0
11700	0
11800	0
11900	0
12000	0
12100	0
12200	0
12300	1
12400	0
12500	0
12600	0
12700	0
12800	0
12900	0
13000	0
13100	1
13200	0
13300	0
13400	0
13500	0
13600	0
13700	0
13800	0
13900	0
14000	0
14100	0
14200	0
14300	0
14400	0
14500	0
14600	0
14700	0
14800	0
14900	0
15000	0
15100	0
15200	0
15300	0
15400	0
15500	0
15600	0
15700	0
15800	0
15900	0
16000	0
16100	0
16200	0
16300	0
16400	0
16500	0
16600	0
16700	0
16800	0
16900	0
17000	0
17100	0
17200	0
17300	0
17400	0
17500	0
17600	1
