0	918
20	469
40	274
60	215
80	400
100	332
120	235
140	153
160	125
180	114
200	71
220	41
240	21
260	11
280	35
300	6
320	9
340	15
360	11
380	19
400	16
420	19
440	24
460	22
480	17
500	6
520	8
540	20
560	19
580	11
600	15
620	14
640	22
660	12
680	25
700	12
720	21
740	15
760	22
780	18
800	20
820	18
840	5
860	6
880	9
900	2
920	4
940	13
960	9
980	4
1000	6
1020	5
1040	12
1060	3
1080	5
1100	5
1120	3
1140	0
1160	7
1180	12
1200	5
1220	7
1240	3
1260	3
1280	6
1300	6
1320	11
1340	3
1360	9
1380	7
1400	7
1420	2
1440	4
1460	9
1480	4
1500	1
1520	3
1540	2
1560	9
1580	3
1600	2
1620	1
1640	3
1660	3
1680	0
1700	4
1720	5
1740	1
1760	0
1780	1
1800	3
1820	2
1840	0
1860	0
1880	1
1900	2
1920	2
1940	2
1960	2
1980	1
2000	3
2020	4
2040	2
2060	1
2080	4
2100	2
2120	0
2140	1
2160	1
2180	3
2200	0
2220	0
2240	0
2260	2
2280	0
2300	0
2320	0
2340	1
2360	1
2380	1
2400	0
2420	2
2440	0
2460	0
2480	0
2500	1
2520	0
2540	0
2560	0
2580	1
2600	0
2620	0
2640	0
2660	0
2680	0
2700	0
2720	0
2740	2
2760	1
2780	0
2800	0
2820	0
2840	1
2860	2
2880	0
2900	1
2920	0
2940	0
2960	0
2980	1
3000	0
3020	1
3040	0
3060	0
3080	3
3100	0
3120	0
3140	0
3160	0
3180	1
3200	0
3220	0
3240	0
3260	0
3280	0
3300	0
3320	0
3340	0
3360	0
3380	0
3400	1
3420	0
3440	0
3460	0
3480	0
3500	0
3520	0
3540	0
3560	1
