0	160
50	158
100	122
150	110
200	65
250	16
300	10
350	9
400	6
450	6
500	6
550	12
600	11
650	7
700	19
750	10
800	5
850	11
900	6
950	8
1000	6
1050	12
1100	7
1150	15
1200	13
1250	17
1300	5
1350	11
1400	6
1450	8
1500	7
1550	11
1600	10
1650	3
1700	4
1750	4
1800	3
1850	2
1900	3
1950	4
2000	4
2050	7
2100	8
2150	7
2200	3
2250	6
2300	8
2350	10
2400	8
2450	10
2500	8
2550	9
2600	3
2650	10
2700	7
2750	3
2800	6
2850	5
2900	2
2950	2
3000	3
3050	4
3100	4
3150	6
3200	3
3250	3
3300	2
3350	3
3400	1
3450	1
3500	4
3550	3
3600	1
3650	2
3700	0
3750	0
3800	0
3850	0
3900	0
3950	1
4000	0
4050	0
4100	0
4150	0
4200	0
4250	0
4300	0
4350	0
4400	0
4450	0
4500	0
4550	0
4600	0
4650	0
4700	0
4750	0
4800	0
4850	0
4900	0
4950	0
5000	0
5050	0
5100	0
5150	0
5200	0
5250	1
5300	0
5350	0
5400	0
5450	0
5500	0
5550	0
5600	0
5650	0
5700	0
5750	0
5800	0
5850	0
5900	0
5950	0
6000	0
6050	0
6100	1
6150	1
6200	3
6250	0
6300	0
6350	0
6400	0
6450	0
6500	0
6550	0
6600	0
6650	0
6700	0
6750	0
6800	0
6850	0
6900	0
6950	0
7000	0
7050	0
7100	0
7150	0
7200	0
7250	2
