starttime,duration,size,total
550.0,803,6413,2815
550.0,797,43,2809
622.0,728,6035,2740
881.0,465,148,2477
881.0,556,356,2568
882.0,560,6986,2572
884.0,464,3576,2476
884.0,473,5341,2485
884.0,473,7257,2485
885.0,465,4252,2477
885.0,472,6203,2484
885.0,463,3070,2475
886.0,554,4713,2566
886.0,551,4569,2563
886.0,548,4632,2560
886.0,552,6287,2564
887.0,549,6634,2561
887.0,553,7121,2565
1000,435,1134,2447
1000,515,1827,2527
1032.0,482,7441,2494
1032.0,485,1216,2497
1219.0,298,636,2310
1219.0,401,246,2413
1391.0,123,2433,2135
1391.0,123,2424,2135
1462.0,157,8627,2169
1580.0,470,43,2482
2189.0,492,43,2504
2202.0,201,8627,2213
2205.0,475,43,2487
2493.0,237,359,2249
3191.0,58,9023,2070
3356.0,51,5496,2063
3357.0,53,7580,2065
3402.0,179,4984,2191
3408.0,175,9241,2187
3411.0,173,2645,2185
3414.0,168,7983,2180
3593.0,128,1526,2140
3594.0,196,3902,2208
3594.0,194,2045,2206
3595.0,204,1048,2216
3595.0,182,849,2194
3780.0,285,43,2297
3786.0,283,43,2295
776.0,56,6413,2068
777.0,40,43,2052
814.0,30,6035,2042
1051.0,139,148,2151
1051.0,147,356,2159
1051.0,136,6986,2148
1053.0,621,6900,2633
1054.0,625,5036,2637
1054.0,131,3914,2143
1055.0,132,4252,2144
1055.0,76,6203,2088
1055.0,144,3070,2156
1056.0,143,4713,2155
1056.0,147,4569,2159
1056.0,148,4632,2160
1056.0,75,6287,2087
1057.0,83,6634,2095
1057.0,137,7121,2149
1059.0,136,7441,2148
1059.0,143,1216,2155
1098.0,104,1134,2116
1098.0,114,1827,2126
1133.0,546,43,2558
1471.0,224,636,2236
1472.0,208,246,2220
1682.0,216,43,2228
1695.0,446,43,2458
1719.0,104,2518,2116
1720.0,102,2424,2114
1922.0,219,359,2231
2684.0,11,9023,2023
2726.0,6,5496,2018
2726.0,5,7580,2017
2727.0,6,4984,2018
2727.0,5,9241,2017
2729.0,9,2645,2021
2734.0,10,7983,2022
2735.0,8,1526,2020
2736.0,7,3902,2019
2741.0,5,2045,2017
2741.0,4,1048,2016
2746.0,5,849,2017
2759.0,158,43,2170
2763.0,155,43,2167
7340.0,624,388,2636
7965.0,22,76,2034
7987.0,26,6013,2038
8014.0,28,4434,2040
8042.0,102,43,2114
8139.0,71,6413,2083
8210.0,23,1216,2035
462.0,40,6413,2052
463.0,40,43,2052
581.0,17,6035,2029
864.0,76,148,2088
865.0,78,356,2090
865.0,77,6986,2089
867.0,66,5036,2078
867.0,75,2424,2087
868.0,73,3576,2085
901.0,56,1134,2068
902.0,42,1827,2054
973.0,37,4252,2049
974.0,54,6203,2066
975.0,55,3070,2067
975.0,54,4713,2066
976.0,51,4569,2063
976.0,50,4632,2062
977.0,49,6287,2061
978.0,48,6634,2060
978.0,34,7121,2046
996.0,33,636,2045
997.0,34,246,2046
997.0,36,7441,2048
1258.0,116,1216,2128
1353.0,419,43,2431
1378.0,179,3566,2191
1379.0,175,2518,2187
1402.0,153,8627,2165
2194.0,186,43,2198
2212.0,53,8627,2065
2215.0,586,43,2598
2285.0,73,359,2085
2911.0,142,43,2154
2915.0,148,43,2160
3196.0,7,9023,2019
3223.0,6,5496,2018
3224.0,6,7580,2018
3224.0,5,4984,2017
3226.0,8,9241,2020
3231.0,8,2645,2020
3231.0,7,7983,2019
3232.0,6,1526,2018
3236.0,8,3902,2020
3240.0,4,2045,2016
3241.0,5,1048,2017
3241.0,8,849,2020
7694.0,629,388,2641
8324.0,23,76,2035
8348.0,27,6013,2039
8376.0,27,4434,2039
8403.0,24,43,2036
8428.0,32,6413,2044
8496.0,67,1216,2079
547.0,25,6413,2037
547.0,62,43,2074
625.0,12,6035,2024
914.0,415,43,2427
1006.0,89,148,2101
1007.0,92,356,2104
1008.0,92,6986,2104
1010.0,256,3589,2268
1011.0,86,3914,2098
1011.0,254,4193,2266
1012.0,85,4252,2097
1012.0,19,6203,2031
1013.0,21,3070,2033
1013.0,87,4713,2099
1013.0,102,4569,2114
1014.0,101,4632,2113
1014.0,18,6287,2030
1015.0,83,6634,2095
1015.0,18,7121,2030
1021.0,81,7441,2093
1022.0,93,1216,2105
1063.0,50,1134,2062
1064.0,47,1827,2059
1356.0,645,1668,2657
1573.0,119,636,2131
1573.0,117,246,2129
1636.0,78,8627,2090
1703.0,302,7257,2314
1703.0,299,3576,2311
2354.0,323,43,2335
2355.0,604,43,2616
2368.0,83,8627,2095
2405.0,273,359,2285
3357.0,152,9023,2164
3521.0,295,43,2307
3526.0,288,43,2300
3542.0,5,5496,2017
3543.0,4,7580,2016
3549.0,8,4984,2020
3549.0,8,9241,2020
3550.0,5,2645,2017
3550.0,6,7983,2018
3559.0,7,1526,2019
3559.0,7,3902,2019
3560.0,5,2045,2017
3560.0,7,1048,2019
3561.0,7,849,2019
468.0,42,6413,2054
469.0,52,43,2064
576.0,11,6035,2023
840.0,91,148,2103
840.0,94,356,2106
841.0,96,6986,2108
843.0,92,4193,2104
844.0,101,2424,2113
844.0,95,2518,2107
845.0,89,4252,2101
845.0,88,6203,2100
845.0,100,3070,2112
846.0,115,4713,2127
846.0,117,4569,2129
846.0,129,4632,2141
846.0,97,6287,2109
847.0,85,6634,2097
847.0,99,7121,2111
848.0,114,7441,2126
848.0,114,1216,2126
890.0,71,1134,2083
890.0,70,1827,2082
942.0,552,43,2564
990.0,535,1668,2547
1207.0,299,636,2311
1207.0,288,246,2300
1507.0,286,43,2298
1525.0,571,43,2583
1528.0,174,3566,2186
1529.0,173,5036,2185
1546.0,153,8627,2165
1772.0,57,359,2069
2513.0,16,9023,2028
2543.0,3,5496,2015
2548.0,12,4984,2024
2548.0,5,9241,2017
2548.0,4,2645,2016
2555.0,6,7983,2018
2556.0,4,1526,2016
2557.0,5,3902,2017
2593.0,15,2045,2027
2594.0,12,1048,2024
2595.0,17,849,2029
2782.0,362,43,2374
2786.0,358,43,2370
7246.0,547,388,2559
7821.0,36,76,2048
7858.0,23,6013,2035
7882.0,25,4434,2037
7908.0,23,43,2035
7931.0,78,6413,2090
8044.0,69,1216,2081
603.0,40,6413,2052
604.0,50,43,2062
711.0,11,6035,2023
964.0,97,148,2109
965.0,95,356,2107
965.0,96,6986,2108
967.0,181,2033,2193
967.0,88,3914,2100
968.0,93,2424,2105
968.0,84,4252,2096
968.0,94,6203,2106
969.0,85,3070,2097
969.0,135,4713,2147
969.0,138,4569,2150
970.0,133,4632,2145
970.0,85,6287,2097
970.0,83,6634,2095
970.0,132,7121,2144
972.0,132,7441,2144
973.0,129,1216,2141
1013.0,95,1134,2107
1013.0,95,1827,2107
1058.0,523,43,2535
1094.0,294,636,2306
1094.0,293,246,2305
1424.0,61,3589,2073
1424.0,72,6900,2084
1537.0,72,8627,2084
2273.0,223,43,2235
2289.0,107,8627,2119
2293.0,562,43,2574
2436.0,59,359,2071
3261.0,389,43,2401
3265.0,386,43,2398
3275.0,60,9023,2072
3346.0,8,5496,2020
3347.0,6,4984,2018
3347.0,6,9241,2018
3348.0,6,2645,2018
3350.0,9,7983,2021
3356.0,9,1526,2021
3356.0,8,3902,2020
3356.0,8,2045,2020
3361.0,8,1048,2020
3362.0,3,849,2015
7799.0,634,388,2646
8434.0,584,76,2596
8603.0,415,6013,2427
9049.0,84,4434,2096
9052.0,35,43,2047
9052.0,40,6413,2052
9093.0,24,1216,2036
477.0,55,6413,2067
478.0,55,43,2067
594.0,16,6035,2028
845.0,38,148,2050
845.0,30,356,2042
845.0,39,6986,2051
847.0,27,6900,2039
848.0,22,3566,2034
848.0,27,2518,2039
849.0,35,4252,2047
849.0,34,6203,2046
849.0,24,3070,2036
849.0,104,4713,2116
850.0,156,4569,2168
850.0,105,4632,2117
851.0,20,6287,2032
851.0,21,6634,2033
851.0,155,7121,2167
852.0,105,7441,2117
853.0,101,1216,2113
909.0,45,1134,2057
910.0,96,1827,2108
941.0,465,43,2477
973.0,70,636,2082
973.0,68,246,2080
1016.0,26,3589,2038
1017.0,24,7257,2036
1391.0,196,43,2208
1405.0,636,43,2648
1620.0,684,359,2696
2457.0,22,9023,2034
2492.0,7,5496,2019
2496.0,9,4984,2021
2501.0,5,9241,2017
2501.0,4,2645,2016
2502.0,10,7983,2022
2508.0,11,1526,2023
2508.0,5,3902,2017
2509.0,9,2045,2021
2515.0,9,1048,2021
2515.0,9,849,2021
3126.0,192,43,2204
3131.0,194,43,2206
7246.0,436,388,2448
7684.0,30,76,2042
7715.0,130,6013,2142
7876.0,26,4434,2038
7903.0,24,43,2036
7928.0,25,6413,2037
8042.0,24,1216,2036
607.0,44,6413,2056
607.0,43,43,2055
696.0,16,6035,2028
950.0,98,148,2110
950.0,28,356,2040
950.0,99,6986,2111
952.0,24,2518,2036
953.0,25,6900,2037
953.0,21,3566,2033
954.0,94,4252,2106
954.0,94,6203,2106
954.0,95,3070,2107
954.0,135,4713,2147
955.0,110,4569,2122
955.0,110,4632,2122
955.0,21,6287,2033
956.0,19,6634,2031
956.0,129,7121,2141
957.0,129,7441,2141
1012.0,77,1134,2089
1012.0,78,1827,2090
1052.0,461,43,2473
1082.0,362,636,2374
1082.0,360,246,2372
1109.0,336,1216,2348
1492.0,301,43,2313
1512.0,663,43,2675
1516.0,71,7257,2083
1517.0,163,5036,2175
1741.0,56,359,2068
2684.0,31,9023,2043
2750.0,4,5496,2016
2750.0,4,4984,2016
2755.0,41,9241,2053
2756.0,44,2645,2056
2756.0,42,7983,2054
2757.0,43,1526,2055
2801.0,8,3902,2020
2802.0,7,2045,2019
2802.0,6,1048,2018
2803.0,6,849,2018
2895.0,452,43,2464
2901.0,446,43,2458
7469.0,615,388,2627
8085.0,24,76,2036
8110.0,26,6013,2038
8136.0,25,4434,2037
8162.0,23,43,2035
8185.0,25,6413,2037
8269.0,65,1216,2077
578.0,44,6413,2056
579.0,44,43,2056
679.0,17,6035,2029
939.0,88,148,2100
939.0,87,356,2099
939.0,89,6986,2101
941.0,76,3566,2088
942.0,430,4703,2442
942.0,90,6900,2102
942.0,95,4252,2107
943.0,87,6203,2099
943.0,90,3070,2102
943.0,429,4713,2441
944.0,427,4569,2439
944.0,429,4632,2441
944.0,87,6287,2099
944.0,88,6634,2100
945.0,150,7121,2162
946.0,425,7441,2437
946.0,433,1216,2445
988.0,385,1134,2397
988.0,390,1827,2402
1036.0,458,43,2470
1057.0,322,636,2334
1058.0,322,246,2334
1424.0,71,2424,2083
1425.0,83,7257,2095
2302.0,370,43,2382
2320.0,417,43,2429
2581.0,92,359,2104
3303.0,9,9023,2021
3331.0,5,5496,2017
3332.0,10,4984,2022
3337.0,5,9241,2017
3338.0,19,2645,2031
3338.0,18,7983,2030
3345.0,12,1526,2024
3346.0,21,3902,2033
3346.0,11,2045,2023
3350.0,144,43,2156
3355.0,150,43,2162
3363.0,6,1048,2018
3364.0,5,849,2017
8106.0,694,388,2706
8801.0,23,76,2035
8825.0,31,6013,2043
8857.0,25,4434,2037
8883.0,26,43,2038
8909.0,26,6413,2038
8935.0,22,1216,2034
550.0,80,6413,2092
550.0,83,43,2095
626.0,6,6035,2018
861.0,104,148,2116
862.0,97,356,2109
862.0,103,6986,2115
864.0,84,7257,2096
865.0,236,4658,2248
865.0,236,5111,2248
866.0,101,4252,2113
866.0,101,6203,2113
866.0,98,3070,2110
867.0,196,4713,2208
867.0,203,4569,2215
867.0,197,4632,2209
868.0,96,6287,2108
868.0,90,6634,2102
868.0,110,7121,2122
869.0,194,7441,2206
870.0,202,1216,2214
911.0,154,1134,2166
911.0,159,1827,2171
962.0,504,43,2516
995.0,78,636,2090
995.0,106,246,2118
1038.0,427,4312,2439
1039.0,444,2029,2456
1468.0,715,43,2727
1482.0,700,43,2712
2156.0,231,359,2243
2472.0,10,9023,2022
2502.0,4,5496,2016
2506.0,9,4984,2021
2507.0,8,9241,2020
2507.0,10,2645,2022
2508.0,9,7983,2021
2519.0,9,1526,2021
2520.0,9,3902,2021
2520.0,9,2045,2021
2520.0,6,1048,2018
2521.0,6,849,2018
2898.0,468,43,2480
2903.0,464,43,2476
7401.0,630,388,2642
8031.0,23,76,2035
8055.0,33,6013,2045
8088.0,24,4434,2036
8113.0,23,43,2035
8137.0,25,6413,2037
8190.0,62,1216,2074
578.0,45,6413,2057
579.0,54,43,2066
653.0,18,6035,2030
953.0,475,43,2487
1029.0,293,148,2305
1030.0,289,356,2301
1030.0,286,6986,2298
1032.0,16,2424,2028
1032.0,292,6900,2304
1033.0,288,3436,2300
1033.0,292,4252,2304
1033.0,284,6203,2296
1034.0,290,3070,2302
1034.0,395,4713,2407
1034.0,409,4569,2421
1035.0,409,4632,2421
1035.0,285,6287,2297
1035.0,284,6634,2296
1035.0,394,7121,2406
1036.0,403,7441,2415
1082.0,357,1134,2369
1082.0,358,1827,2370
1322.0,115,1216,2127
1391.0,139,636,2151
1392.0,138,246,2150
1467.0,62,2518,2074
1468.0,159,2880,2171
1574.0,784,8627,2796
2373.0,222,43,2234
2374.0,447,43,2459
2390.0,126,8627,2138
2549.0,49,359,2061
3284.0,168,43,2180
3287.0,164,43,2176
3434.0,51,9023,2063
3526.0,7,5496,2019
3526.0,8,4984,2020
3530.0,9,9241,2021
3535.0,8,2645,2020
3536.0,7,7983,2019
3536.0,5,1526,2017
3541.0,8,3902,2020
3545.0,10,2045,2022
3545.0,4,1048,2016
3546.0,8,849,2020
8287.0,297,388,2309
8586.0,24,76,2036
8610.0,27,6013,2039
8638.0,28,4434,2040
8667.0,24,43,2036
8691.0,46,6413,2058
8985.0,76,1216,2088
467.0,52,6413,2064
467.0,51,43,2063
577.0,20,6035,2032
827.0,35,148,2047
828.0,89,356,2101
828.0,91,6986,2103
830.0,88,2518,2100
830.0,225,4752,2237
831.0,86,4252,2098
831.0,24,6203,2036
832.0,21,3070,2033
832.0,22,4713,2034
832.0,98,4569,2110
832.0,99,4632,2111
833.0,19,6287,2031
833.0,85,6634,2097
833.0,98,7121,2110
885.0,46,1134,2058
885.0,59,1827,2071
953.0,87,636,2099
954.0,87,246,2099
954.0,86,7441,2098
957.0,85,1216,2097
1011.0,33,6900,2045
1012.0,31,3589,2043
1499.0,679,43,2691
2450.0,240,43,2252
2468.0,365,43,2377
2624.0,69,359,2081
3378.0,185,43,2197
3382.0,181,43,2193
3496.0,14,9023,2026
3570.0,6,5496,2018
3570.0,10,4984,2022
3571.0,9,9241,2021
3576.0,11,2645,2023
3576.0,5,7983,2017
3583.0,10,1526,2022
3583.0,4,3902,2016
3584.0,9,2045,2021
3590.0,9,1048,2021
3590.0,4,849,2016
8383.0,640,388,2652
9025.0,22,76,2034
9047.0,28,6013,2040
9076.0,29,4434,2041
9106.0,23,43,2035
9130.0,25,6413,2037
9182.0,65,1216,2077
579.0,48,6413,2060
579.0,60,43,2072
646.0,19,6035,2031
906.0,89,148,2101
907.0,22,356,2034
907.0,89,6986,2101
914.0,84,7257,2096
914.0,131,2033,2143
914.0,97,3576,2109
915.0,97,4252,2109
915.0,130,6203,2142
915.0,98,3070,2110
916.0,131,4713,2143
916.0,179,4569,2191
917.0,178,4632,2190
917.0,130,6287,2142
917.0,100,6634,2112
917.0,96,7121,2108
918.0,126,7441,2138
919.0,129,1216,2141
938.0,601,43,2613
967.0,127,1134,2139
967.0,126,1827,2138
1037.0,56,636,2068
1038.0,57,246,2069
1091.0,383,2424,2395
1091.0,384,4703,2396
1522.0,174,43,2186
1537.0,761,43,2773
1799.0,499,359,2511
2850.0,41,9023,2053
2966.0,6,5496,2018
2970.0,9,4984,2021
2975.0,9,9241,2021
2976.0,7,2645,2019
2976.0,8,7983,2020
2982.0,4,1526,2016
2986.0,9,3902,2021
2987.0,9,2045,2021
2987.0,7,1048,2019
2988.0,9,849,2021
3103.0,484,43,2496
3110.0,478,43,2490
7689.0,270,388,2282
7960.0,23,76,2035
7984.0,29,6013,2041
8014.0,30,4434,2042
8045.0,23,43,2035
8068.0,36,6413,2048
8388.0,46,1216,2058
501.0,72,6413,2084
502.0,73,43,2085
607.0,14,6035,2026
988.0,73,148,2085
989.0,73,356,2085
989.0,74,6986,2086
995.0,68,6900,2080
996.0,74,2518,2086
996.0,85,2424,2097
1032.0,49,1134,2061
1032.0,48,1827,2060
1063.0,31,4252,2043
1064.0,31,6203,2043
1065.0,31,3070,2043
1065.0,28,4713,2040
1065.0,28,4569,2040
1066.0,31,4632,2043
1066.0,26,6287,2038
1066.0,25,6634,2037
1067.0,26,7121,2038
1421.0,902,43,2914
1435.0,107,636,2119
1436.0,160,246,2172
1437.0,163,7441,2175
1439.0,160,1216,2172
1496.0,102,8627,2114
1587.0,89,4718,2101
1588.0,87,5990,2099
2304.0,454,43,2466
2319.0,49,8627,2061
2322.0,436,43,2448
2806.0,101,359,2113
3652.0,163,43,2175
3657.0,164,43,2176
3704.0,55,9023,2067
3824.0,9,5496,2021
3824.0,9,4984,2021
3825.0,9,9241,2021
3825.0,7,2645,2019
3829.0,10,7983,2022
3835.0,10,1526,2022
3836.0,9,3902,2021
3836.0,8,2045,2020
3842.0,4,1048,2016
3847.0,7,849,2019
579.0,90,6413,2102
585.0,84,43,2096
671.0,22,6035,2034
925.0,92,148,2104
925.0,89,356,2101
925.0,90,6986,2102
927.0,11,7257,2023
928.0,86,4193,2098
928.0,88,2424,2100
929.0,81,4252,2093
929.0,81,6203,2093
929.0,93,3070,2105
930.0,102,4713,2114
930.0,106,4569,2118
930.0,122,4632,2134
970.0,65,1134,2077
970.0,63,1827,2075
1011.0,41,6287,2053
1011.0,40,6634,2052
1012.0,41,7121,2053
1021.0,756,43,2768
1061.0,287,7441,2299
1062.0,287,1216,2299
1091.0,688,1668,2700
1309.0,488,636,2500
1310.0,470,246,2482
1782.0,296,43,2308
1796.0,924,43,2936
1862.0,77,2518,2089
1862.0,217,6900,2229
1883.0,198,8627,2210
2024.0,130,359,2142
3229.0,73,9023,2085
3439.0,10,5496,2022
3440.0,9,4984,2021
3444.0,12,9241,2024
3451.0,7,2645,2019
3451.0,6,7983,2018
3452.0,7,1526,2019
3462.0,11,3902,2023
3463.0,10,2045,2022
3464.0,11,1048,2023
3464.0,8,849,2020
3573.0,502,43,2514
3576.0,499,43,2511
8179.0,441,388,2453
8622.0,24,76,2036
8646.0,28,6013,2040
8675.0,156,4434,2168
8861.0,28,43,2040
8889.0,28,6413,2040
8978.0,95,1216,2107
500.0,63,6413,2075
500.0,63,43,2075
599.0,17,6035,2029
974.0,18,148,2030
975.0,7,356,2019
975.0,6,6986,2018
994.0,20,4703,2032
995.0,411,2914,2423
995.0,101,3589,2113
996.0,92,4252,2104
996.0,90,6203,2102
996.0,89,3070,2101
996.0,120,4713,2132
997.0,408,4569,2420
997.0,447,4632,2459
997.0,16,6287,2028
998.0,89,6634,2101
998.0,86,7121,2098
1045.0,398,1134,2410
1045.0,71,1827,2083
1083.0,322,7441,2334
1090.0,560,43,2572
1113.0,354,636,2366
1114.0,353,246,2365
1408.0,112,1216,2124
1526.0,34,2518,2046
1527.0,33,7257,2045
1635.0,679,43,2691
1650.0,665,43,2677
2416.0,394,8627,2406
2842.0,131,359,2143
2920.0,57,9023,2069
3017.0,9,5496,2021
3022.0,11,4984,2023
3028.0,12,9241,2024
3028.0,8,2645,2020
3029.0,10,7983,2022
3036.0,5,1526,2017
3042.0,10,3902,2022
3043.0,8,2045,2020
3043.0,10,1048,2022
3043.0,9,849,2021
3987.0,202,43,2214
3991.0,200,43,2212
8060.0,619,388,2631
8680.0,22,76,2034
8702.0,24,6013,2036
8726.0,29,4434,2041
8756.0,23,43,2035
8780.0,28,6413,2040
8899.0,25,1216,2037
449.0,68,6413,2080
450.0,66,43,2078
559.0,23,6035,2035
805.0,75,148,2087
805.0,74,356,2086
806.0,75,6986,2087
850.0,50,1134,2062
851.0,50,1827,2062
895.0,791,43,2803
931.0,36,4193,2048
931.0,27,2424,2039
932.0,32,4252,2044
932.0,33,6203,2045
932.0,35,3070,2047
933.0,29,4713,2041
933.0,45,4569,2057
934.0,282,4632,2294
934.0,29,6287,2041
935.0,30,6634,2042
935.0,28,7121,2040
936.0,30,7441,2042
936.0,26,1216,2038
988.0,797,1668,2809
1205.0,578,636,2590
1206.0,578,246,2590
1869.0,45,4703,2057
1869.0,45,2033,2057
2671.0,395,43,2407
2694.0,432,43,2444
3168.0,139,359,2151
4038.0,151,43,2163
4042.0,147,43,2159
4061.0,23,9023,2035
4128.0,11,5496,2023
4128.0,9,4984,2021
4129.0,8,9241,2020
4129.0,9,2645,2021
4130.0,7,7983,2019
4173.0,7,1526,2019
4173.0,10,3902,2022
4174.0,10,2045,2022
4174.0,7,1048,2019
4184.0,8,849,2020
581.0,56,6413,2068
581.0,68,43,2080
670.0,19,6035,2031
926.0,25,148,2037
927.0,24,356,2036
927.0,26,6986,2038
929.0,20,2518,2032
930.0,19,2033,2031
930.0,22,5341,2034
930.0,19,4252,2031
931.0,15,6203,2027
931.0,22,3070,2034
931.0,117,4713,2129
932.0,114,4569,2126
932.0,117,4632,2129
932.0,90,6287,2102
933.0,19,6634,2031
933.0,112,7121,2124
985.0,57,1134,2069
986.0,123,1827,2135
1037.0,528,7441,2540
1038.0,528,1216,2540
1040.0,524,43,2536
1069.0,497,636,2509
1070.0,496,246,2508
1613.0,85,5036,2097
1614.0,143,2424,2155
2500.0,346,43,2358
2519.0,382,43,2394
2989.0,161,359,2173
3809.0,162,43,2174
3812.0,159,43,2171
3869.0,17,9023,2029
4018.0,13,5496,2025
4027.0,5,4984,2017
4027.0,10,9241,2022
4028.0,9,2645,2021
4028.0,10,7983,2022
4035.0,10,1526,2022
4041.0,5,3902,2017
4041.0,10,2045,2022
4041.0,9,1048,2021
4042.0,9,849,2021
584.0,54,6413,2066
585.0,73,43,2085
652.0,25,6035,2037
898.0,52,148,2064
899.0,50,356,2062
899.0,47,6986,2059
901.0,42,4193,2054
902.0,45,4718,2057
902.0,49,4703,2061
902.0,43,4252,2055
903.0,45,6203,2057
903.0,47,3070,2059
903.0,129,4713,2141
904.0,134,4569,2146
904.0,134,4632,2146
904.0,45,6287,2057
905.0,40,6634,2052
905.0,111,7121,2123
906.0,128,7441,2140
906.0,130,1216,2142
921.0,415,43,2427
979.0,56,1134,2068
979.0,53,1827,2065
1070.0,325,1668,2337
1286.0,111,636,2123
1287.0,109,246,2121
1930.0,203,43,2215
1947.0,1046,43,3058
2022.0,106,5341,2118
2022.0,970,5754,2982
2168.0,830,359,2842
3638.0,117,9023,2129
3868.0,13,5496,2025
3878.0,10,4984,2022
3884.0,12,9241,2024
3885.0,4,2645,2016
3885.0,10,7983,2022
3892.0,8,1526,2020
3893.0,7,3902,2019
3903.0,11,2045,2023
3903.0,8,1048,2020
3904.0,10,849,2022
4027.0,646,43,2658
4032.0,641,43,2653
588.0,52,6413,2064
588.0,64,43,2076
676.0,15,6035,2027
937.0,90,148,2102
937.0,20,356,2032
938.0,88,6986,2100
940.0,86,2033,2098
940.0,85,4752,2097
941.0,813,4866,2825
990.0,67,1134,2079
990.0,67,1827,2079
1037.0,717,43,2729
1074.0,689,4252,2701
1074.0,685,6203,2697
1074.0,683,3070,2695
1075.0,688,4713,2700
1075.0,689,4569,2701
1075.0,696,4632,2708
1075.0,680,6287,2692
1076.0,686,6634,2698
1076.0,682,7121,2694
1077.0,687,7441,2699
1078.0,686,1216,2698
1288.0,474,1668,2486
1301.0,489,636,2501
1302.0,469,246,2481
1774.0,205,43,2217
1789.0,1076,43,3088
1850.0,72,4703,2084
1851.0,71,5754,2083
2005.0,45,359,2057
3469.0,206,43,2218
3473.0,203,43,2215
3485.0,184,9023,2196
3782.0,16,5496,2028
3789.0,10,4984,2022
3789.0,7,9241,2019
3789.0,7,2645,2019
3790.0,8,7983,2020
3800.0,12,1526,2024
3800.0,13,3902,2025
3801.0,14,2045,2026
3801.0,13,1048,2025
3817.0,11,849,2023
558.0,26,6413,2038
558.0,80,43,2092
635.0,20,6035,2032
855.0,86,148,2098
855.0,79,356,2091
856.0,85,6986,2097
892.0,52,1134,2064
893.0,52,1827,2064
937.0,726,43,2738
973.0,28,4703,2040
973.0,24,4752,2036
974.0,28,3589,2040
974.0,27,4252,2039
974.0,29,6203,2041
975.0,25,3070,2037
975.0,121,4713,2133
975.0,120,4569,2132
976.0,119,4632,2131
976.0,26,6287,2038
977.0,21,6634,2033
978.0,23,7121,2035
979.0,20,7441,2032
985.0,95,1216,2107
1024.0,58,636,2070
1024.0,70,246,2082
1069.0,26,6900,2038
1069.0,12,2518,2024
1648.0,231,43,2243
1663.0,1087,43,3099
1921.0,829,359,2841
3216.0,62,9023,2074
3469.0,9,5496,2021
3470.0,8,4984,2020
3474.0,11,9241,2023
3480.0,7,2645,2019
3480.0,13,7983,2025
3481.0,5,1526,2017
3490.0,5,3902,2017
3490.0,12,2045,2024
3491.0,5,1048,2017
3498.0,5,849,2017
4237.0,162,43,2174
4241.0,161,43,2173
8391.0,679,388,2691
9071.0,23,76,2035
9094.0,31,6013,2043
9126.0,25,4434,2037
9135.0,81,43,2093
9152.0,43,6413,2055
9217.0,87,1216,2099
504.0,71,6413,2083
504.0,71,43,2083
616.0,11,6035,2023
953.0,631,43,2643
1005.0,29,148,2041
1005.0,27,356,2039
1005.0,26,6986,2038
1007.0,25,2518,2037
1008.0,440,3400,2452
1008.0,23,4752,2035
1024.0,483,4252,2495
1024.0,481,6203,2493
1025.0,563,3070,2575
1025.0,481,4713,2493
1027.0,552,4569,2564
1028.0,563,4632,2575
1028.0,559,6287,2571
1028.0,554,6634,2566
1029.0,557,7121,2569
1066.0,439,1134,2451
1066.0,519,1827,2531
1446.0,144,7441,2156
1446.0,199,1216,2211
1470.0,174,636,2186
1470.0,194,246,2206
1570.0,74,4703,2086
1571.0,74,6900,2086
1647.0,210,43,2222
1648.0,1032,43,3044
1881.0,819,359,2831
3404.0,107,9023,2119
3702.0,6,5496,2018
3703.0,6,4984,2018
3703.0,5,9241,2017
3712.0,11,2645,2023
3712.0,9,7983,2021
3713.0,8,1526,2020
3714.0,9,3902,2021
3723.0,10,2045,2022
3724.0,11,1048,2023
3724.0,10,849,2022
3750.0,147,43,2159
3755.0,716,43,2728
450.0,61,6413,2073
451.0,70,43,2082
563.0,18,6035,2030
807.0,35,148,2047
807.0,35,356,2047
808.0,39,6986,2051
810.0,21,3576,2033
810.0,20,3589,2032
811.0,21,2424,2033
811.0,32,4252,2044
811.0,21,6203,2033
812.0,30,3070,2042
812.0,110,4713,2122
812.0,107,4569,2119
813.0,107,4632,2119
813.0,28,6287,2040
813.0,16,6634,2028
814.0,108,7121,2120
814.0,167,7441,2179
827.0,155,1216,2167
877.0,104,1134,2116
877.0,105,1827,2117
947.0,77,636,2089
948.0,79,246,2091
989.0,37,4703,2049
989.0,36,4718,2048
1737.0,1063,43,3075
1791.0,1066,8627,3078
2923.0,199,43,2211
2938.0,107,8627,2119
2941.0,441,43,2453
3086.0,33,359,2045
4284.0,69,9023,2081
4346.0,157,43,2169
4351.0,160,43,2172
4375.0,9,5496,2021
4375.0,8,4984,2020
4379.0,11,9241,2023
4386.0,11,2645,2023
4387.0,5,7983,2017
4388.0,10,1526,2022
4395.0,4,3902,2016
4395.0,10,2045,2022
4401.0,5,1048,2017
4401.0,10,849,2022
568.0,86,6413,2098
569.0,101,43,2113
655.0,28,6035,2040
958.0,546,43,2558
1027.0,594,148,2606
1028.0,534,356,2546
1028.0,593,6986,2605
1030.0,17,4718,2029
1031.0,476,4752,2488
1031.0,530,7257,2542
1031.0,474,4252,2486
1032.0,591,6203,2603
1032.0,591,3070,2603
1032.0,586,4713,2598
1033.0,662,4569,2674
1033.0,671,4632,2683
1033.0,584,6287,2596
1033.0,587,6634,2599
1034.0,591,7121,2603
1034.0,674,7441,2686
1035.0,671,1216,2683
1077.0,631,1134,2643
1077.0,649,1827,2661
1581.0,142,636,2154
1582.0,173,246,2185
1653.0,56,6900,2068
1653.0,71,2424,2083
1738.0,1208,43,3220
1739.0,1199,43,3211
3622.0,59,9023,2071
3631.0,47,359,2059
3804.0,10,5496,2022
3806.0,9,4984,2021
3808.0,7,9241,2019
3808.0,7,2645,2019
3818.0,13,7983,2025
3819.0,10,1526,2022
3820.0,11,3902,2023
3820.0,10,2045,2022
3832.0,11,1048,2023
3833.0,8,849,2020
5026.0,182,43,2194
5032.0,188,43,2200
603.0,103,6413,2115
604.0,103,43,2115
688.0,24,6035,2036
923.0,96,148,2108
924.0,102,356,2114
924.0,100,6986,2112
926.0,972,4821,2984
927.0,95,2424,2107
927.0,95,2518,2107
928.0,93,4252,2105
928.0,97,6203,2109
928.0,90,3070,2102
928.0,185,4713,2197
929.0,181,4569,2193
929.0,181,4632,2193
929.0,94,6287,2106
930.0,88,6634,2100
930.0,183,7121,2195
931.0,182,7441,2194
931.0,183,1216,2195
977.0,134,1134,2146
977.0,134,1827,2146
1059.0,102,636,2114
1060.0,101,246,2113
1107.0,16,6900,2028
1107.0,15,4752,2027
1901.0,1376,43,3388
3280.0,358,43,2370
3301.0,429,43,2441
3752.0,70,359,2082
4854.0,220,43,2232
4859.0,221,43,2233
4870.0,59,9023,2071
5027.0,12,5496,2024
5028.0,11,4984,2023
5028.0,10,9241,2022
5028.0,12,2645,2024
5037.0,9,7983,2021
5042.0,11,1526,2023
5043.0,11,3902,2023
5043.0,11,2045,2023
5051.0,5,1048,2017
5057.0,9,849,2021
490.0,61,6413,2073
491.0,70,43,2082
626.0,11,6035,2023
997.0,6,148,2018
998.0,7,356,2019
998.0,6,6986,2018
1053.0,478,43,2490
1400.0,23,4718,2035
1400.0,147,4703,2159
1401.0,211,2424,2223
1401.0,149,4252,2161
1401.0,209,6203,2221
1402.0,152,3070,2164
1402.0,147,4713,2159
1402.0,283,4569,2295
1402.0,282,4632,2294
1403.0,84,6287,2096
1403.0,210,6634,2222
1404.0,131,7121,2143
1404.0,205,7441,2217
1405.0,146,1216,2158
1455.0,81,1134,2093
1455.0,205,1827,2217
1574.0,109,636,2121
1574.0,111,246,2123
1642.0,98,4713,2110
1642.0,41,2033,2053
1724.0,1199,43,3211
1725.0,1198,43,3210
3746.0,150,9023,2162
3765.0,152,359,2164
3939.0,11,5496,2023
3939.0,10,4984,2022
3945.0,12,9241,2024
3951.0,9,2645,2021
3952.0,7,7983,2019
3953.0,7,1526,2019
3965.0,16,3902,2028
3966.0,17,2045,2029
3966.0,17,1048,2029
3966.0,14,849,2026
5322.0,183,43,2195
5326.0,179,43,2191
601.0,60,6413,2072
601.0,69,43,2081
724.0,9,6035,2021
995.0,104,148,2116
995.0,107,356,2119
995.0,107,6986,2119
997.0,106,4193,2118
998.0,102,2518,2114
998.0,101,4718,2113
998.0,99,4252,2111
999.0,101,6203,2113
999.0,102,3070,2114
999.0,132,4713,2144
1000,137,4569,2149
1000,134,4632,2146
1000,24,6287,2036
1001.0,103,6634,2115
1001.0,131,7121,2143
1002.0,135,7441,2147
1014.0,124,1216,2136
1027.0,591,43,2603
1065.0,57,1134,2069
1065.0,71,1827,2083
1742.0,282,1668,2294
1960.0,114,636,2126
1961.0,122,246,2134
2048.0,33,3589,2045
2049.0,35,4866,2047
3127.0,687,43,2699
3146.0,665,43,2677
3879.0,19,359,2031
4170.0,30,9023,2042
4258.0,14,5496,2026
4259.0,13,4984,2025
4259.0,13,9241,2025
4260.0,13,2645,2025
4260.0,10,7983,2022
4278.0,9,1526,2021
4278.0,11,3902,2023
4279.0,11,2045,2023
4279.0,9,1048,2021
4291.0,6,849,2018
5325.0,198,43,2210
5332.0,183,43,2195
621.0,59,6413,2071
622.0,75,43,2087
714.0,17,6035,2029
1081.0,29,148,2041
1082.0,19,356,2031
1083.0,96,6986,2108
1086.0,93,3589,2105
1086.0,23,2518,2035
1087.0,23,6900,2035
1087.0,24,4252,2036
1087.0,90,6203,2102
1095.0,99,3070,2111
1095.0,155,4713,2167
1095.0,89,4569,2101
1096.0,544,4632,2556
1096.0,88,6287,2100
1096.0,86,6634,2098
1097.0,85,7121,2097
1097.0,96,7441,2108
1098.0,540,1216,2552
1146.0,492,1134,2504
1147.0,494,1827,2506
1211.0,431,636,2443
1211.0,431,246,2443
1637.0,1393,43,3405
1772.0,56,4703,2068
1773.0,112,3914,2124
3032.0,729,43,2741
3053.0,709,43,2721
3891.0,18,359,2030
4123.0,16,9023,2028
4177.0,7,5496,2019
4185.0,10,4984,2022
4186.0,10,9241,2022
4187.0,9,2645,2021
4187.0,11,7983,2023
4199.0,8,1526,2020
4199.0,7,3902,2019
4200.0,6,2045,2018
4200.0,7,1048,2019
4200.0,15,849,2027
5364.0,152,43,2164
5369.0,210,43,2222
592.0,61,6413,2073
593.0,61,43,2073
665.0,29,6035,2041
911.0,36,148,2048
911.0,107,356,2119
911.0,38,6986,2050
913.0,29,2424,2041
914.0,34,4866,2046
914.0,32,2518,2044
915.0,29,4252,2041
915.0,102,6203,2114
915.0,19,3070,2031
916.0,122,4713,2134
916.0,192,4569,2204
916.0,120,4632,2132
916.0,100,6287,2112
917.0,28,6634,2040
917.0,121,7121,2133
918.0,190,7441,2202
918.0,190,1216,2202
982.0,66,1134,2078
983.0,127,1827,2139
1034.0,785,43,2797
1069.0,753,636,2765
1070.0,751,246,2763
1121.0,701,4703,2713
1122.0,719,4752,2731
1824.0,197,43,2209
1839.0,1540,43,3552
2055.0,1325,359,3337
4068.0,208,43,2220
4073.0,206,43,2218
4079.0,59,9023,2071
4375.0,13,5496,2025
4375.0,11,4984,2023
4381.0,7,9241,2019
4389.0,11,2645,2023
4390.0,12,7983,2024
4391.0,10,1526,2022
4391.0,9,3902,2021
4403.0,11,2045,2023
4404.0,10,1048,2022
4404.0,11,849,2023
567.0,26,6413,2038
567.0,79,43,2091
648.0,38,6035,2050
862.0,102,148,2114
862.0,93,356,2105
862.0,102,6986,2114
864.0,79,4703,2091
865.0,94,2518,2106
865.0,94,2033,2106
866.0,87,4252,2099
866.0,92,6203,2104
866.0,90,3070,2102
866.0,186,4713,2198
867.0,135,4569,2147
867.0,185,4632,2197
867.0,90,6287,2102
868.0,86,6634,2098
868.0,110,7121,2122
913.0,134,1134,2146
913.0,139,1827,2151
961.0,939,43,2951
1009.0,93,636,2105
1010.0,94,246,2106
1010.0,94,7441,2106
1013.0,91,1216,2103
1063.0,39,6900,2051
1064.0,40,4752,2052
1886.0,1525,43,3537
1900.0,1513,43,3525
2133.0,1281,359,3293
4018.0,125,9023,2137
4254.0,11,5496,2023
4254.0,9,4984,2021
4259.0,11,9241,2023
4266.0,5,2645,2017
4267.0,12,7983,2024
4268.0,10,1526,2022
4275.0,4,3902,2016
4276.0,11,2045,2023
4282.0,5,1048,2017
4282.0,10,849,2022
4388.0,959,43,2971
4392.0,956,43,2968
584.0,73,6413,2085
590.0,74,43,2086
658.0,21,6035,2033
913.0,106,148,2118
914.0,111,356,2123
914.0,111,6986,2123
916.0,93,6900,2105
917.0,216,4118,2228
917.0,215,3944,2227
918.0,106,4252,2118
919.0,110,6203,2122
919.0,109,3070,2121
919.0,216,4713,2228
920.0,211,4569,2223
920.0,234,4632,2246
920.0,107,6287,2119
921.0,106,6634,2118
922.0,176,7121,2188
923.0,212,7441,2224
923.0,211,1216,2223
971.0,159,1134,2171
971.0,160,1827,2172
1022.0,814,43,2826
1060.0,104,636,2116
1061.0,106,246,2118
1108.0,56,4752,2068
1108.0,59,2424,2071
1819.0,180,43,2192
1834.0,1245,43,3257
3134.0,26,359,2038
3663.0,87,9023,2099
3886.0,12,5496,2024
3893.0,12,4984,2024
3900.0,12,9241,2024
3901.0,10,2645,2022
3901.0,9,7983,2021
3909.0,4,1526,2016
3915.0,10,3902,2022
3915.0,9,2045,2021
3916.0,10,1048,2022
3916.0,10,849,2022
4062.0,949,43,2961
4069.0,943,43,2955
483.0,61,6413,2073
484.0,61,43,2073
606.0,18,6035,2030
845.0,27,148,2039
845.0,85,356,2097
845.0,84,6986,2096
848.0,8,3589,2020
848.0,17,4193,2029
848.0,16,4866,2028
898.0,48,1134,2060
899.0,48,1827,2060
944.0,1136,43,3148
982.0,30,4252,2042
983.0,31,6203,2043
983.0,25,3070,2037
983.0,28,4713,2040
984.0,27,4569,2039
984.0,30,4632,2042
984.0,26,6287,2038
985.0,27,6634,2039
985.0,24,7121,2036
986.0,27,7441,2039
986.0,26,1216,2038
1020.0,1084,1668,3096
1237.0,848,636,2860
1238.0,847,246,2859
2088.0,209,43,2221
2103.0,415,43,2427
2160.0,77,2424,2089
2160.0,82,2518,2094
2184.0,57,8627,2069
2388.0,129,359,2141
4556.0,144,43,2156
4561.0,174,43,2186
4564.0,115,9023,2127
4800.0,18,5496,2030
4810.0,15,4984,2027
4810.0,14,9241,2026
4811.0,15,2645,2027
4811.0,14,7983,2026
4830.0,7,1526,2019
4831.0,19,3902,2031
4832.0,18,2045,2030
4832.0,5,1048,2017
4845.0,11,849,2023
510.0,56,6413,2068
511.0,74,43,2086
660.0,27,6035,2039
920.0,44,148,2056
920.0,31,356,2043
920.0,29,6986,2041
923.0,767,1375,2779
923.0,18,2424,2030
923.0,38,6900,2050
924.0,25,4252,2037
924.0,39,6203,2051
924.0,38,3070,2050
925.0,187,4713,2199
925.0,774,4569,2786
925.0,772,4632,2784
926.0,27,6287,2039
926.0,37,6634,2049
926.0,769,7121,2781
993.0,119,1134,2131
994.0,701,1827,2713
1046.0,645,7441,2657
1046.0,645,1216,2657
1049.0,641,43,2653
1072.0,628,636,2640
1072.0,641,246,2653
1748.0,105,3589,2117
1749.0,162,4703,2174
3318.0,719,43,2731
3337.0,699,43,2711
4166.0,23,359,2035
4449.0,12,9023,2024
4501.0,12,5496,2024
4501.0,13,4984,2025
4502.0,12,9241,2024
4502.0,12,2645,2024
4502.0,13,7983,2025
4518.0,12,1526,2024
4518.0,11,3902,2023
4519.0,12,2045,2024
4519.0,10,1048,2022
4532.0,7,849,2019
5845.0,174,43,2186
5849.0,170,43,2182
451.0,60,6413,2072
452.0,70,43,2082
564.0,19,6035,2031
853.0,1212,43,3224
933.0,20,148,2032
934.0,18,356,2030
935.0,80,6986,2092
938.0,92,4193,2104
938.0,92,5341,2104
939.0,92,4703,2104
945.0,99,4252,2111
945.0,104,6203,2116
945.0,103,3070,2115
946.0,105,4713,2117
946.0,98,4569,2110
946.0,106,4632,2118
947.0,85,6287,2097
947.0,89,6634,2101
947.0,103,7121,2115
948.0,103,7441,2115
949.0,96,1216,2108
983.0,72,1134,2084
983.0,69,1827,2081
1090.0,982,1668,2994
1309.0,762,636,2774
1311.0,779,246,2791
2074.0,181,43,2193
2075.0,382,43,2394
2152.0,165,8627,2177
2211.0,49,2033,2061
2211.0,106,2424,2118
2359.0,99,359,2111
4376.0,180,43,2192
4382.0,174,43,2186
4385.0,58,9023,2070
4564.0,18,5496,2030
4565.0,9,4984,2021
4565.0,16,9241,2028
4566.0,7,2645,2019
4576.0,8,7983,2020
4577.0,17,1526,2029
4589.0,7,3902,2019
4590.0,15,2045,2027
4590.0,13,1048,2025
4590.0,13,849,2025
496.0,60,6413,2072
497.0,61,43,2073
616.0,18,6035,2030
873.0,43,148,2055
873.0,107,356,2119
873.0,42,6986,2054
876.0,39,2518,2051
876.0,124,3895,2136
876.0,28,3589,2040
877.0,37,4252,2049
877.0,104,6203,2116
877.0,105,3070,2117
878.0,190,4713,2202
878.0,187,4569,2199
878.0,127,4632,2139
879.0,15,6287,2027
879.0,102,6634,2114
879.0,187,7121,2199
944.0,121,1134,2133
945.0,119,1827,2131
998.0,127,7441,2139
998.0,122,1216,2134
1003.0,944,43,2956
1025.0,103,636,2115
1025.0,101,246,2113
1087.0,41,1375,2053
1087.0,839,2424,2851
1931.0,243,43,2255
1946.0,1567,43,3579
2179.0,1339,359,3351
4202.0,58,9023,2070
4494.0,12,5496,2024
4501.0,12,4984,2024
4508.0,13,9241,2025
4509.0,5,2645,2017
4509.0,11,7983,2023
4518.0,5,1526,2017
4518.0,4,3902,2016
4526.0,12,2045,2024
4527.0,11,1048,2023
4527.0,12,849,2024
5466.0,167,43,2179
5473.0,159,43,2171
512.0,63,6413,2075
513.0,63,43,2075
623.0,19,6035,2031
998.0,23,148,2035
998.0,100,356,2112
999.0,97,6986,2109
1002.0,771,3902,2783
1002.0,107,7011,2119
1003.0,94,2033,2106
1003.0,96,4252,2108
1003.0,94,6203,2106
1004.0,90,3070,2102
1004.0,779,4713,2791
1004.0,795,4569,2807
1005.0,780,4632,2792
1005.0,90,6287,2102
1005.0,735,6634,2747
1006.0,89,7121,2101
1056.0,730,1134,2742
1057.0,742,1827,2754
1100.0,684,7441,2696
1100.0,682,1216,2694
1103.0,982,43,2994
1730.0,131,636,2143
1731.0,129,246,2141
1937.0,74,4385,2086
1938.0,72,2424,2084
3419.0,780,43,2792
3438.0,762,43,2774
4346.0,60,359,2072
4635.0,21,9023,2033
4686.0,6,5496,2018
4696.0,18,4984,2030
4697.0,15,9241,2027
4697.0,14,2645,2026
4697.0,16,7983,2028
4716.0,11,1526,2023
4717.0,9,3902,2021
4717.0,6,2045,2018
4718.0,7,1048,2019
4718.0,7,849,2019
6062.0,163,43,2175
6066.0,175,43,2187
499.0,66,6413,2078
499.0,66,43,2078
625.0,33,6035,2045
922.0,1333,43,3345
974.0,16,148,2028
975.0,90,356,2102
975.0,26,6986,2038
982.0,19,4193,2031
983.0,105,6900,2117
983.0,87,3589,2099
984.0,88,4252,2100
984.0,85,6203,2097
984.0,87,3070,2099
984.0,101,4713,2113
985.0,113,4569,2125
985.0,113,4632,2125
985.0,104,6287,2116
986.0,81,6634,2093
986.0,102,7121,2114
987.0,103,7441,2115
987.0,111,1216,2123
1034.0,63,1134,2075
1034.0,62,1827,2074
1132.0,1314,1668,3326
1349.0,1098,636,3110
1350.0,1093,246,3105
2305.0,139,4703,2151
2306.0,212,2424,2224
2334.0,186,8627,2198
3942.0,603,43,2615
3944.0,601,43,2613
3959.0,32,8627,2044
4674.0,23,359,2035
5094.0,18,9023,2030
6007.0,22,5496,2034
6058.0,18,4984,2030
6059.0,15,9241,2027
6061.0,14,2645,2026
6062.0,13,7983,2025
6077.0,13,1526,2025
6078.0,11,3902,2023
6078.0,11,2045,2023
6079.0,10,1048,2022
6079.0,11,849,2023
6336.0,761,43,2773
6341.0,757,43,2769
601.0,64,6413,2076
602.0,64,43,2076
676.0,20,6035,2032
1098.0,449,43,2461
1397.0,105,148,2117
1397.0,151,356,2163
1397.0,283,6986,2295
1400.0,29,2424,2041
1400.0,164,3902,2176
1400.0,221,3589,2233
1401.0,283,4252,2295
1401.0,148,6203,2160
1401.0,221,3070,2233
1402.0,158,4713,2170
1402.0,350,4569,2362
1402.0,283,4632,2295
1403.0,158,6287,2170
1403.0,276,6634,2288
1403.0,277,7121,2289
1404.0,280,7441,2292
1404.0,281,1216,2293
1465.0,245,1134,2257
1466.0,245,1827,2257
1584.0,125,636,2137
1584.0,137,246,2149
1659.0,51,2518,2063
1659.0,61,7257,2073
1734.0,1449,43,3461
1735.0,1449,43,3461
1844.0,64,8627,2076
3293.0,21,359,2033
4434.0,192,9023,2204
4734.0,11,5496,2023
4734.0,11,4984,2023
4735.0,9,9241,2021
4740.0,12,2645,2024
4747.0,6,7983,2018
4748.0,12,1526,2024
4748.0,12,3902,2024
4757.0,4,2045,2016
4758.0,4,1048,2016
4802.0,14,849,2026
5852.0,162,43,2174
5858.0,169,43,2181
569.0,109,6413,2121
569.0,109,43,2121
659.0,36,6035,2048
914.0,82,148,2094
914.0,83,356,2095
914.0,82,6986,2094
964.0,51,1134,2063
964.0,50,1827,2062
999.0,844,43,2856
1058.0,784,3584,2796
1058.0,20,3589,2032
1059.0,97,3902,2109
1059.0,17,4252,2029
1059.0,37,6203,2049
1060.0,37,3070,2049
1060.0,782,4713,2794
1060.0,783,4569,2795
1061.0,818,4632,2830
1061.0,37,6287,2049
1061.0,34,6634,2046
1062.0,94,7121,2106
1063.0,32,7441,2044
1063.0,35,1216,2047
1119.0,735,636,2747
1119.0,734,246,2746
1856.0,245,43,2257
1878.0,1713,43,3725
1952.0,162,2033,2174
1953.0,210,4703,2222
2141.0,87,359,2099
4635.0,56,9023,2068
4850.0,11,5496,2023
4856.0,12,4984,2024
4857.0,13,9241,2025
4857.0,12,2645,2024
4858.0,12,7983,2024
4873.0,12,1526,2024
4873.0,11,3902,2023
4874.0,12,2045,2024
4874.0,10,1048,2022
4882.0,9,849,2021
5065.0,899,43,2911
5071.0,894,43,2906
483.0,128,6413,2140
483.0,61,43,2073
623.0,17,6035,2029
888.0,97,148,2109
888.0,102,356,2114
888.0,98,6986,2110
890.0,98,3589,2110
891.0,98,4718,2110
891.0,93,2424,2105
891.0,92,4252,2104
892.0,94,6203,2106
892.0,96,3070,2108
892.0,185,4713,2197
893.0,130,4569,2142
893.0,183,4632,2195
893.0,93,6287,2105
894.0,95,6634,2107
894.0,182,7121,2194
895.0,129,7441,2141
895.0,126,1216,2138
955.0,70,1134,2082
955.0,166,1827,2178
992.0,1003,43,3015
1042.0,90,636,2102
1043.0,89,246,2101
1100.0,33,2033,2045
1101.0,33,2518,2045
1980.0,257,43,2269
1994.0,1595,43,3607
2284.0,1322,359,3334
4368.0,118,9023,2130
4587.0,11,5496,2023
4593.0,13,4984,2025
4594.0,12,9241,2024
4594.0,4,2645,2016
4595.0,11,7983,2023
4604.0,11,1526,2023
4611.0,13,3902,2025
4611.0,5,2045,2017
4612.0,5,1048,2017
4619.0,9,849,2021
4642.0,145,43,2157
4647.0,150,43,2162
507.0,74,6413,2086
507.0,92,43,2104
656.0,54,6035,2066
887.0,106,148,2118
887.0,109,356,2121
888.0,117,6986,2129
890.0,22,2424,2034
890.0,107,3589,2119
890.0,226,2371,2238
892.0,110,4252,2122
893.0,101,6203,2113
893.0,110,3070,2122
893.0,118,4713,2130
893.0,221,4569,2233
894.0,220,4632,2232
894.0,110,6287,2122
894.0,100,6634,2112
895.0,218,7121,2230
945.0,170,1134,2182
945.0,168,1827,2180
1000,873,43,2885
1023.0,868,941,2880
1033.0,97,636,2109
1033.0,97,246,2109
1034.0,99,7441,2111
1036.0,96,1216,2108
1111.0,760,3584,2772
1111.0,19,7257,2031
1874.0,200,43,2212
1890.0,1739,43,3751
2114.0,31,359,2043
4539.0,200,43,2212
4544.0,204,43,2216
4617.0,120,9023,2132
4847.0,12,5496,2024
4853.0,14,4984,2026
4854.0,12,9241,2024
4854.0,5,2645,2017
4855.0,12,7983,2024
4864.0,11,1526,2023
4871.0,5,3902,2017
4871.0,5,2045,2017
4872.0,13,1048,2025
4880.0,9,849,2021
594.0,61,6413,2073
595.0,71,43,2083
727.0,26,6035,2038
994.0,40,148,2052
994.0,37,356,2049
994.0,36,6986,2048
996.0,37,2518,2049
997.0,39,6900,2051
997.0,35,4718,2047
998.0,110,4252,2122
998.0,35,6203,2047
998.0,22,3070,2034
998.0,781,4713,2793
999.0,698,4569,2710
999.0,760,4632,2772
999.0,20,6287,2032
1000,30,6634,2042
1000,696,7121,2708
1001.0,758,7441,2770
1001.0,756,1216,2768
1069.0,688,1134,2700
1070.0,690,1827,2702
1694.0,368,43,2380
1718.0,63,636,2075
1719.0,62,246,2074
1863.0,38,3589,2050
1864.0,54,2424,2066
1959.0,121,8627,2133
3532.0,812,43,2824
3547.0,7,8627,2019
3551.0,793,43,2805
4499.0,12,359,2024
4709.0,58,9023,2070
4801.0,12,5496,2024
4808.0,12,4984,2024
4815.0,14,9241,2026
4816.0,5,2645,2017
4816.0,14,7983,2026
4826.0,12,1526,2024
4828.0,10,3902,2022
4834.0,5,2045,2017
4835.0,12,1048,2024
4835.0,4,849,2016
6288.0,324,43,2336
6293.0,311,43,2323
679.0,71,6413,2083
680.0,72,43,2084
789.0,18,6035,2030
1171.0,17,148,2029
1172.0,379,356,2391
1172.0,380,6986,2392
1179.0,372,2424,2384
1180.0,446,4718,2458
1181.0,447,2033,2459
1181.0,441,4252,2453
1181.0,442,6203,2454
1182.0,445,3070,2457
1182.0,451,4713,2463
1183.0,509,4569,2521
1183.0,567,4632,2579
1183.0,442,6287,2454
1183.0,442,6634,2454
1184.0,445,7121,2457
1185.0,445,7441,2457
1185.0,567,1216,2579
1554.0,1809,43,3821
1584.0,167,1134,2179
1584.0,166,1827,2178
1712.0,124,636,2136
1713.0,124,246,2136
1771.0,66,6900,2078
1772.0,92,3589,2104
4183.0,234,43,2246
4201.0,404,43,2416
4431.0,114,359,2126
5640.0,161,43,2173
5645.0,194,43,2206
5694.0,27,9023,2039
5797.0,12,5496,2024
5797.0,10,4984,2022
5804.0,12,9241,2024
5811.0,12,2645,2024
5812.0,11,7983,2023
5812.0,11,1526,2023
5821.0,10,3902,2022
5826.0,12,2045,2024
5826.0,12,1048,2024
5827.0,10,849,2022
484.0,61,6413,2073
484.0,70,43,2082
621.0,19,6035,2031
881.0,960,43,2972
990.0,101,148,2113
990.0,98,356,2110
991.0,105,6986,2117
993.0,85,2518,2097
994.0,99,3914,2111
994.0,101,2033,2113
994.0,99,4252,2111
995.0,97,6203,2109
995.0,99,3070,2111
995.0,151,4713,2163
995.0,126,4569,2138
996.0,124,4632,2136
996.0,94,6287,2106
996.0,98,6634,2110
997.0,122,7121,2134
1044.0,76,1134,2088
1044.0,101,1827,2113
1116.0,723,7441,2735
1117.0,722,1216,2734
1137.0,703,636,2715
1138.0,701,246,2713
1862.0,169,8627,2181
2000,38,3589,2050
2001.0,91,2661,2103
3621.0,796,43,2808
3622.0,795,43,2807
3638.0,10,8627,2022
4565.0,50,359,2062
4822.0,19,9023,2031
4873.0,11,5496,2023
4881.0,12,4984,2024
4888.0,15,9241,2027
4888.0,13,2645,2025
4889.0,15,7983,2027
4899.0,6,1526,2018
4900.0,5,3902,2017
4910.0,13,2045,2025
4911.0,11,1048,2023
4911.0,11,849,2023
6394.0,164,43,2176
6398.0,161,43,2173
598.0,67,6413,2079
598.0,71,43,2083
665.0,54,6035,2066
876.0,122,148,2134
877.0,153,356,2165
877.0,97,6986,2109
879.0,93,3584,2105
880.0,150,3914,2162
880.0,152,4718,2164
880.0,148,4252,2160
881.0,94,6203,2106
881.0,95,3070,2107
881.0,151,4713,2163
882.0,152,4569,2164
882.0,151,4632,2163
882.0,149,6287,2161
883.0,115,6634,2127
883.0,145,7121,2157
885.0,177,7441,2189
885.0,177,1216,2189
905.0,1134,43,3146
942.0,120,1134,2132
942.0,119,1827,2131
1018.0,45,636,2057
1018.0,45,246,2057
2063.0,240,43,2252
2077.0,403,43,2415
2273.0,161,3435,2173
2273.0,63,2033,2075
2369.0,111,359,2123
4963.0,160,43,2172
4967.0,154,43,2166
5005.0,57,9023,2069
5204.0,12,5496,2024
5211.0,11,4984,2023
5211.0,11,9241,2023
5212.0,12,2645,2024
5212.0,11,7983,2023
5228.0,14,1526,2026
5229.0,12,3902,2024
5229.0,12,2045,2024
5230.0,10,1048,2022
5230.0,10,849,2022
607.0,25,6413,2037
608.0,112,43,2124
733.0,5,6035,2017
991.0,108,148,2120
992.0,96,356,2108
992.0,106,6986,2118
994.0,21,4703,2033
994.0,94,2424,2106
995.0,98,2033,2110
995.0,97,4252,2109
995.0,94,6203,2106
996.0,104,3070,2116
996.0,119,4713,2131
996.0,159,4569,2171
996.0,159,4632,2171
997.0,102,6287,2114
997.0,96,6634,2108
997.0,148,7121,2160
1047.0,99,1134,2111
1047.0,155,1827,2167
1096.0,960,43,2972
1164.0,922,636,2934
1164.0,893,246,2905
1165.0,890,7441,2902
1167.0,889,1216,2901
2068.0,188,43,2200
2083.0,386,43,2398
2175.0,90,3400,2102
2176.0,142,3435,2154
2363.0,60,359,2072
5457.0,178,43,2190
5460.0,172,43,2184
5519.0,55,9023,2067
5768.0,12,5496,2024
5775.0,13,4984,2025
5775.0,5,9241,2017
5775.0,12,2645,2024
5776.0,15,7983,2027
5786.0,14,1526,2026
5795.0,7,3902,2019
5795.0,7,2045,2019
5796.0,7,1048,2019
5807.0,10,849,2022
599.0,76,6413,2088
599.0,76,43,2088
670.0,19,6035,2031
935.0,18,148,2030
935.0,16,356,2028
936.0,17,6986,2029
987.0,48,1134,2060
988.0,48,1827,2060
1030.0,1335,43,3347
1072.0,26,2518,2038
1073.0,48,2033,2060
1073.0,30,3914,2042
1074.0,33,4252,2045
1074.0,28,6203,2040
1074.0,43,3070,2055
1075.0,45,4713,2057
1075.0,47,4569,2059
1075.0,47,4632,2059
1075.0,23,6287,2035
1076.0,28,6634,2040
1076.0,29,7121,2041
1077.0,28,7441,2040
1078.0,43,1216,2055
1352.0,1021,636,3033
1353.0,1038,246,3050
2375.0,200,43,2212
2390.0,443,43,2455
2440.0,78,8627,2090
2531.0,103,2424,2115
2531.0,209,4866,2221
2679.0,107,359,2119
5884.0,175,43,2187
5888.0,171,43,2183
5900.0,120,9023,2132
6106.0,15,5496,2027
6115.0,10,4984,2022
6115.0,11,9241,2023
6116.0,10,2645,2022
6116.0,11,7983,2023
6134.0,13,1526,2025
6134.0,12,3902,2024
6135.0,13,2045,2025
6135.0,13,1048,2025
6149.0,25,849,2037
457.0,78,6413,2090
457.0,77,43,2089
610.0,33,6035,2045
869.0,1435,43,3447
920.0,24,148,2036
922.0,34,356,2046
922.0,23,6986,2035
925.0,107,2012,2119
927.0,101,2424,2113
928.0,19,2033,2031
928.0,19,4252,2031
936.0,36,6203,2048
937.0,90,3070,2102
937.0,93,4713,2105
938.0,94,4569,2106
938.0,96,4632,2108
938.0,90,6287,2102
939.0,87,6634,2099
939.0,88,7121,2100
940.0,91,7441,2103
940.0,89,1216,2101
996.0,38,1134,2050
996.0,37,1827,2049
1100.0,1283,636,3295
1101.0,1281,246,3293
2309.0,76,2518,2088
2310.0,144,3914,2156
4583.0,822,43,2834
4584.0,819,43,2831
5486.0,36,359,2048
5642.0,47,9023,2059
5771.0,15,5496,2027
5772.0,27,4984,2039
5773.0,25,9241,2037
5774.0,15,2645,2027
5777.0,11,7983,2023
5795.0,15,1526,2027
5796.0,4,3902,2016
5806.0,13,2045,2025
5806.0,5,1048,2017
5807.0,13,849,2025
7662.0,197,43,2209
7666.0,191,43,2203
611.0,78,6413,2090
612.0,82,43,2094
690.0,31,6035,2043
945.0,111,148,2123
946.0,117,356,2129
946.0,109,6986,2121
948.0,95,4385,2107
948.0,112,4718,2124
949.0,104,2518,2116
949.0,112,4252,2124
949.0,106,6203,2118
950.0,104,3070,2116
950.0,1232,4713,3244
950.0,1240,4569,3252
951.0,1239,4632,3251
951.0,111,6287,2123
951.0,112,6634,2124
952.0,114,7121,2126
953.0,1230,7441,3242
954.0,1233,1216,3245
1008.0,1182,1134,3194
1008.0,1184,1827,3196
1059.0,1129,43,3141
1089.0,1103,636,3115
1089.0,1103,246,3115
1162.0,1046,2033,3058
1162.0,1031,3914,3043
2271.0,182,8627,2194
4619.0,185,43,2197
4643.0,133,8627,2145
4646.0,940,43,2952
5681.0,227,359,2239
5784.0,124,9023,2136
5942.0,13,5496,2025
5950.0,13,4984,2025
5958.0,12,9241,2024
5959.0,11,2645,2023
5959.0,10,7983,2022
5977.0,8,1526,2020
5977.0,10,3902,2022
5978.0,9,2045,2021
5978.0,8,1048,2020
5978.0,20,849,2032
7917.0,186,43,2198
7921.0,185,43,2197
488.0,76,6413,2088
489.0,77,43,2089
633.0,36,6035,2048
876.0,121,148,2133
877.0,120,356,2132
877.0,122,6986,2134
879.0,23,4385,2035
880.0,121,6900,2133
880.0,111,2424,2123
881.0,115,4252,2127
881.0,120,6203,2132
881.0,116,3070,2128
882.0,128,4713,2140
882.0,217,4569,2229
882.0,157,4632,2169
882.0,112,6287,2124
883.0,117,6634,2129
883.0,214,7121,2226
904.0,1566,43,3578
944.0,95,1134,2107
944.0,156,1827,2168
1007.0,95,7441,2107
1008.0,149,1216,2161
1056.0,101,636,2113
1057.0,99,246,2111
1117.0,43,7257,2055
1117.0,43,2033,2055
2455.0,182,43,2194
2468.0,2505,43,4517
2512.0,127,8627,2139
2801.0,2172,359,4184
6064.0,118,9023,2130
6320.0,16,5496,2028
6321.0,15,4984,2027
6321.0,14,9241,2026
6322.0,14,2645,2026
6322.0,15,7983,2027
6339.0,15,1526,2027
6339.0,15,3902,2027
6339.0,13,2045,2025
6340.0,14,1048,2026
6356.0,12,849,2024
6418.0,143,43,2155
6423.0,1461,43,3473
775.0,77,6413,2089
776.0,78,43,2090
881.0,25,6035,2037
1164.0,1055,43,3067
1179.0,36,148,2048
1180.0,40,356,2052
1180.0,114,6986,2126
1182.0,98,2012,2110
1183.0,112,4703,2124
1183.0,110,2033,2122
1184.0,34,4252,2046
1184.0,35,6203,2047
1184.0,32,3070,2044
1184.0,980,4713,2992
1185.0,982,4569,2994
1185.0,1034,4632,3046
1185.0,97,6287,2109
1186.0,96,6634,2108
1186.0,980,7121,2992
1186.0,980,941,2992
1210.0,957,7441,2969
1211.0,1008,1216,3020
1251.0,972,1134,2984
1251.0,972,1827,2984
2183.0,41,636,2053
2184.0,39,246,2051
2376.0,47,2424,2059
2377.0,66,3435,2078
4752.0,180,43,2192
4753.0,1233,43,3245
6088.0,112,359,2124
6217.0,107,9023,2119
6415.0,8,5496,2020
6428.0,19,4984,2031
6429.0,19,9241,2031
6429.0,18,2645,2030
6430.0,19,7983,2031
6452.0,15,1526,2027
6453.0,14,3902,2026
6453.0,15,2045,2027
6453.0,15,1048,2027
6454.0,14,849,2026
8456.0,164,43,2176
8460.0,170,43,2182
473.0,80,6413,2092
474.0,90,43,2102
626.0,24,6035,2036
926.0,1404,43,3416
974.0,91,148,2103
975.0,112,356,2124
975.0,91,6986,2103
978.0,87,4718,2099
978.0,107,3589,2119
979.0,88,2424,2100
979.0,89,4252,2101
979.0,88,6203,2100
980.0,107,3070,2119
980.0,106,4713,2118
981.0,169,4569,2181
981.0,169,4632,2181
982.0,106,6287,2118
982.0,107,6634,2119
983.0,107,7121,2119
984.0,168,7441,2180
984.0,1347,1216,3359
1034.0,1296,1134,3308
1034.0,1297,1827,3309
1107.0,1222,636,3234
1108.0,1262,246,3274
2355.0,229,43,2241
2357.0,392,43,2404
2404.0,106,2518,2118
2405.0,113,2033,2125
2731.0,69,359,2081
6458.0,61,9023,2073
6686.0,9,5496,2021
6687.0,9,4984,2021
6698.0,16,9241,2028
6699.0,13,2645,2025
6700.0,14,7983,2026
6700.0,15,1526,2027
6716.0,18,3902,2030
6716.0,19,2045,2031
6717.0,18,1048,2030
6719.0,16,849,2028
6770.0,152,43,2164
6775.0,156,43,2168
600.0,80,6413,2092
601.0,80,43,2092
682.0,24,6035,2036
1016.0,93,148,2105
1017.0,93,356,2105
1017.0,93,6986,2105
1061.0,499,1134,2511
1061.0,498,1827,2510
1112.0,518,2012,2530
1112.0,614,7257,2626
1113.0,614,2518,2626
1113.0,616,4252,2628
1113.0,606,6203,2618
1114.0,619,3070,2631
1114.0,728,4713,2740
1114.0,724,4569,2736
1115.0,731,4632,2743
1115.0,617,6287,2629
1115.0,609,6634,2621
1116.0,615,7121,2627
1116.0,615,7441,2627
1117.0,668,1216,2680
1556.0,2185,43,4197
1580.0,260,636,2272
1581.0,261,246,2273
1667.0,176,8627,2188
1791.0,134,4188,2146
1791.0,135,2424,2147
3718.0,1214,43,3226
3736.0,60,8627,2072
3739.0,1193,43,3205
5093.0,57,359,2069
5215.0,73,9023,2085
5427.0,13,5496,2025
5435.0,15,4984,2027
5435.0,14,9241,2026
5436.0,15,2645,2027
5436.0,5,7983,2017
5447.0,5,1526,2017
5455.0,14,3902,2026
5456.0,14,2045,2026
5456.0,12,1048,2024
5456.0,14,849,2026
7086.0,189,43,2201
7091.0,175,43,2187
481.0,77,6413,2089
482.0,75,43,2087
616.0,18,6035,2030
855.0,104,148,2116
856.0,107,356,2119
856.0,103,6986,2115
858.0,99,7011,2111
859.0,103,3589,2115
859.0,99,2424,2111
859.0,24,4252,2036
860.0,24,6203,2036
860.0,101,3070,2113
860.0,139,4713,2151
861.0,151,4569,2163
861.0,141,4632,2153
861.0,102,6287,2114
862.0,99,6634,2111
862.0,138,7121,2150
881.0,198,7441,2210
882.0,130,1216,2142
925.0,87,1134,2099
925.0,76,1827,2088
1030.0,105,636,2117
1030.0,106,246,2118
1104.0,1251,2518,3263
1105.0,30,2012,2042
2339.0,260,43,2272
2354.0,394,43,2406
2614.0,138,8627,2150
2860.0,51,359,2063
5993.0,46,9023,2058
6187.0,16,5496,2028
6196.0,60,4984,2072
6197.0,61,9241,2073
6197.0,60,2645,2072
6197.0,59,7983,2071
6261.0,17,1526,2029
6262.0,16,3902,2028
6263.0,17,2045,2029
6263.0,16,1048,2028
6263.0,14,849,2026
6338.0,1372,43,3384
6345.0,1364,43,3376
498.0,78,6413,2090
499.0,80,43,2092
645.0,22,6035,2034
868.0,22,148,2034
868.0,19,356,2031
868.0,22,6986,2034
877.0,13,2518,2025
878.0,106,3589,2118
921.0,52,1134,2064
922.0,61,1827,2073
971.0,1577,43,3589
1011.0,120,4252,2132
1012.0,120,6203,2132
1013.0,120,3070,2132
1013.0,120,4713,2132
1014.0,116,4569,2128
1014.0,114,4632,2126
1015.0,85,6287,2097
1016.0,119,6634,2131
1017.0,118,7121,2130
1026.0,107,636,2119
1027.0,102,246,2114
1027.0,109,7441,2121
1030.0,110,1216,2122
1097.0,42,2880,2054
1098.0,41,2012,2053
2532.0,212,43,2224
2547.0,2422,43,4434
2647.0,103,8627,2115
2872.0,2098,359,4110
5996.0,109,9023,2121
6229.0,15,5496,2027
6237.0,15,4984,2027
6247.0,16,9241,2028
6247.0,15,2645,2027
6247.0,5,7983,2017
6260.0,4,1526,2016
6260.0,13,3902,2025
6268.0,17,2045,2029
6268.0,6,1048,2018
6269.0,15,849,2027
8292.0,397,43,2409
8297.0,392,43,2404
612.0,81,6413,2093
613.0,110,43,2122
694.0,30,6035,2042
1048.0,107,148,2119
1048.0,129,356,2141
1048.0,40,6986,2052
1051.0,114,3914,2126
1051.0,102,3589,2114
1052.0,101,2033,2113
1052.0,104,4252,2116
1052.0,124,6203,2136
1053.0,35,3070,2047
1053.0,810,4713,2822
1053.0,810,4569,2822
1053.0,807,4632,2819
1054.0,122,6287,2134
1054.0,100,6634,2112
1054.0,805,7121,2817
1055.0,864,941,2876
1055.0,809,7441,2821
1056.0,805,1216,2817
1079.0,779,43,2791
1122.0,738,1134,2750
1122.0,797,1827,2809
1880.0,41,636,2053
1881.0,39,246,2051
1942.0,166,8627,2178
2076.0,152,2424,2164
2077.0,153,6900,2165
4473.0,1405,43,3417
4489.0,159,8627,2171
4493.0,1385,43,3397
5970.0,123,359,2135
6075.0,132,9023,2144
6326.0,28,5496,2040
6335.0,18,4984,2030
6335.0,19,9241,2031
6336.0,18,2645,2030
6336.0,6,7983,2018
6358.0,7,1526,2019
6359.0,7,3902,2019
6359.0,18,2045,2030
6359.0,18,1048,2030
6373.0,5,849,2017
8290.0,161,43,2173
8298.0,168,43,2180
766.0,80,6413,2092
766.0,91,43,2103
894.0,8,6035,2020
1168.0,865,43,2877
1247.0,80,148,2092
1248.0,78,356,2090
1248.0,79,6986,2091
1256.0,72,3589,2084
1257.0,75,4188,2087
1257.0,75,2518,2087
1258.0,77,4252,2089
1258.0,779,6203,2791
1258.0,777,3070,2789
1259.0,777,4713,2789
1259.0,778,4569,2790
1259.0,786,4632,2798
1260.0,78,6287,2090
1261.0,78,6634,2090
1261.0,73,7121,2085
1262.0,74,7441,2086
1263.0,771,1216,2783
1297.0,750,1134,2762
1297.0,750,1827,2762
2284.0,120,636,2132
2285.0,118,246,2130
2348.0,189,8627,2201
2513.0,31,4718,2043
2514.0,33,2424,2045
4967.0,188,43,2200
4968.0,1569,43,3581
4984.0,10,8627,2022
6658.0,241,359,2253
6726.0,187,9023,2199
7052.0,31,5496,2043
7067.0,18,4984,2030
7068.0,19,9241,2031
7069.0,15,2645,2027
7070.0,16,7983,2028
8696.0,116,1526,2128
8696.0,117,3902,2129
8697.0,104,2045,2116
8697.0,107,1048,2119
8809.0,49,849,2061
9156.0,869,43,2881
9162.0,862,43,2874
471.0,92,6413,2104
472.0,91,43,2103
617.0,47,6035,2059
832.0,48,148,2060
833.0,57,356,2069
833.0,133,6986,2145
835.0,56,2371,2068
835.0,26,2012,2038
836.0,27,2518,2039
836.0,27,4252,2039
837.0,43,6203,2055
837.0,52,3070,2064
837.0,162,4713,2174
837.0,161,4569,2173
838.0,159,4632,2171
838.0,53,6287,2065
838.0,54,6634,2066
839.0,159,7121,2171
858.0,221,7441,2233
859.0,151,1216,2163
865.0,1709,43,3721
924.0,88,1134,2100
924.0,85,1827,2097
1028.0,108,636,2120
1029.0,108,246,2120
1108.0,29,2914,2041
2558.0,306,43,2318
2573.0,365,43,2377
2992.0,2347,359,4359
6513.0,55,9023,2067
6733.0,13,5496,2025
6733.0,14,4984,2026
6741.0,15,9241,2027
6750.0,14,2645,2026
6751.0,15,7983,2027
6751.0,14,1526,2026
6763.0,12,3902,2024
6769.0,20,2045,2032
6769.0,6,1048,2018
6770.0,19,849,2031
6856.0,152,43,2164
6862.0,150,43,2162
657.0,84,6413,2096
658.0,93,43,2105
768.0,20,6035,2032
1023.0,96,148,2108
1024.0,90,356,2102
1024.0,96,6986,2108
1026.0,15,2424,2027
1027.0,88,7011,2100
1027.0,94,4718,2106
1027.0,88,4252,2100
1028.0,99,6203,2111
1074.0,57,1134,2069
1074.0,125,1827,2137
1121.0,80,3070,2092
1122.0,122,4713,2134
1122.0,79,4569,2091
1122.0,120,4632,2132
1122.0,80,6287,2092
1123.0,77,6634,2089
1123.0,80,7121,2092
1124.0,1175,7441,3187
1152.0,1180,636,3192
1152.0,1161,246,3173
1205.0,1111,1216,3123
2317.0,235,43,2247
2331.0,419,43,2431
2383.0,95,3589,2107
2384.0,95,2033,2107
2431.0,123,8627,2135
2593.0,162,359,2174
6855.0,73,9023,2085
7137.0,16,5496,2028
7138.0,16,4984,2028
7139.0,15,9241,2027
7139.0,14,2645,2026
7146.0,16,7983,2028
7157.0,7,1526,2019
7157.0,17,3902,2029
7158.0,15,2045,2027
7171.0,4,1048,2016
7172.0,4,849,2016
7272.0,1397,43,3409
7277.0,1392,43,3404
454.0,78,6413,2090
455.0,78,43,2090
599.0,46,6035,2058
850.0,39,148,2051
850.0,35,356,2047
850.0,35,6986,2047
853.0,107,7257,2119
853.0,33,3584,2045
854.0,22,3902,2034
854.0,106,4252,2118
854.0,34,6203,2046
855.0,34,3070,2046
855.0,134,4713,2146
855.0,137,4569,2149
855.0,134,4632,2146
856.0,103,6287,2115
856.0,28,6634,2040
856.0,137,7121,2149
873.0,117,7441,2129
874.0,120,1216,2132
921.0,148,1134,2160
922.0,144,1827,2156
987.0,1455,43,3467
1018.0,53,636,2065
1019.0,51,246,2063
1104.0,1339,3589,3351
1105.0,1369,5341,3381
2456.0,260,43,2272
2472.0,2391,43,4403
2509.0,124,8627,2136
2773.0,2089,359,4101
5923.0,60,9023,2072
6124.0,17,5496,2029
6136.0,7,4984,2019
6136.0,6,9241,2018
6147.0,16,2645,2028
6148.0,15,7983,2027
6148.0,12,1526,2024
6149.0,15,3902,2027
6164.0,17,2045,2029
6165.0,16,1048,2028
6165.0,14,849,2026
6302.0,1367,43,3379
6307.0,1363,43,3375
728.0,81,6413,2093
729.0,90,43,2102
847.0,13,6035,2025
1199.0,689,43,2701
1232.0,654,148,2666
1232.0,646,356,2658
1233.0,648,6986,2660
1235.0,650,3914,2662
1235.0,650,2371,2662
1236.0,647,2518,2659
1236.0,648,4252,2660
1236.0,645,6203,2657
1237.0,644,3070,2656
1237.0,722,4713,2734
1237.0,721,4569,2733
1238.0,708,4632,2720
1238.0,649,6287,2661
1238.0,645,6634,2657
1238.0,650,7121,2662
1250.0,698,7441,2710
1251.0,696,1216,2708
1293.0,656,1134,2668
1293.0,655,1827,2667
1908.0,52,636,2064
1908.0,52,246,2064
2051.0,44,4713,2056
2052.0,128,3589,2140
2163.0,212,43,2224
2164.0,2428,43,4440
2402.0,2200,359,4212
6441.0,104,9023,2116
6736.0,16,5496,2028
6745.0,14,4984,2026
6754.0,14,9241,2026
6754.0,14,2645,2026
6755.0,15,7983,2027
6766.0,4,1526,2016
6773.0,17,3902,2029
6774.0,14,2045,2026
6774.0,14,1048,2026
6774.0,15,849,2027
6840.0,1406,43,3418
6846.0,1399,43,3411
492.0,81,6413,2093
492.0,91,43,2103
643.0,22,6035,2034
900.0,1316,43,3328
1017.0,31,148,2043
1018.0,113,356,2125
1018.0,112,6986,2124
1020.0,27,2518,2039
1021.0,108,4193,2120
1021.0,111,6900,2123
1022.0,109,4252,2121
1022.0,103,6203,2115
1022.0,102,3070,2114
1023.0,141,4713,2153
1023.0,139,4569,2151
1023.0,142,4632,2154
1023.0,104,6287,2116
1024.0,106,6634,2118
1024.0,102,7121,2114
1025.0,139,7441,2151
1026.0,137,1216,2149
1079.0,84,1134,2096
1080.0,82,1827,2094
2231.0,342,1668,2354
2448.0,123,636,2135
2449.0,124,246,2136
2510.0,175,8627,2187
2713.0,53,2033,2065
5130.0,198,43,2210
5131.0,1255,43,3267
5146.0,39,8627,2051
6539.0,38,359,2050
6688.0,25,9023,2037
6934.0,21,5496,2033
6935.0,19,4984,2031
6935.0,19,9241,2031
6935.0,21,2645,2033
6936.0,20,7983,2032
8508.0,154,1526,2166
8508.0,153,3902,2165
8508.0,164,2045,2176
8509.0,152,1048,2164
8614.0,166,43,2178
8618.0,179,43,2191
8657.0,31,849,2043
612.0,26,6413,2038
613.0,118,43,2130
750.0,21,6035,2033
1028.0,138,148,2150
1029.0,202,356,2214
1029.0,204,6986,2216
1031.0,17,2424,2029
1032.0,894,6608,2906
1032.0,201,2518,2213
1033.0,140,4252,2152
1033.0,132,6203,2144
1033.0,133,3070,2145
1033.0,131,4713,2143
1034.0,203,4569,2215
1034.0,203,4632,2215
1034.0,197,6287,2209
1035.0,133,6634,2145
1035.0,199,7121,2211
1086.0,839,1134,2851
1087.0,839,1827,2851
1157.0,766,7441,2778
1158.0,765,1216,2777
1162.0,764,43,2776
1190.0,751,636,2763
1191.0,750,246,2762
1979.0,171,8627,2183
2066.0,88,2033,2100
2067.0,188,3589,2200
4724.0,170,43,2182
4739.0,131,8627,2143
4742.0,1561,43,3573
6411.0,19,359,2031
6475.0,135,9023,2147
6815.0,1663,5496,3675
6816.0,1645,4984,3657
6817.0,1660,9241,3672
6817.0,1662,2645,3674
6818.0,1660,7983,3672
8465.0,235,43,2247
8472.0,225,43,2237
8682.0,24,1526,2036
8683.0,21,3902,2033
8684.0,20,2045,2032
8684.0,23,1048,2035
8684.0,80,849,2092
10028.0,216,1866,2228
10030.0,234,1866,2246
10031.0,443,1866,2455
10032.0,199,1866,2211
10033.0,319,1866,2331
10034.0,302,1866,2314
10235.0,327,8230,2339
10299.0,137,43,2149
587.0,108,6413,2120
587.0,135,43,2147
696.0,40,6035,2052
949.0,24,148,2036
950.0,99,356,2111
950.0,100,6986,2112
953.0,19,3589,2031
954.0,97,2033,2109
954.0,91,7257,2103
955.0,97,4252,2109
955.0,94,6203,2106
956.0,97,3070,2109
956.0,156,4713,2168
956.0,214,4569,2226
975.0,1400,43,3412
1014.0,98,1134,2110
1014.0,97,1827,2109
1046.0,124,4632,2136
1046.0,125,6287,2137
1046.0,122,6634,2134
1046.0,123,7121,2135
1047.0,1329,7441,3341
1108.0,1270,636,3282
1108.0,1271,246,3283
1114.0,1281,1216,3293
2381.0,230,43,2242
2395.0,389,43,2401
2464.0,86,2424,2098
2465.0,143,5036,2155
2505.0,99,8627,2111
2741.0,45,359,2057
6975.0,185,43,2197
6980.0,180,43,2192
6993.0,71,9023,2083
7224.0,18,5496,2030
7236.0,16,4984,2028
7237.0,15,9241,2027
7237.0,15,2645,2027
7238.0,13,7983,2025
7257.0,19,1526,2031
7258.0,18,3902,2030
7258.0,16,2045,2028
7258.0,18,1048,2030
7259.0,17,849,2029
507.0,86,6413,2098
508.0,88,43,2100
653.0,41,6035,2053
904.0,1310,43,3322
1008.0,126,148,2138
1008.0,124,356,2136
1009.0,144,6986,2156
1011.0,118,3340,2130
1011.0,121,2371,2133
1012.0,1204,3157,3216
1012.0,118,4252,2130
1012.0,134,6203,2146
1013.0,136,3070,2148
1013.0,200,4713,2212
1013.0,1203,4569,3215
1014.0,1200,4632,3212
1014.0,138,6287,2150
1014.0,200,6634,2212
1014.0,115,7121,2127
1015.0,1197,7441,3209
1016.0,1196,1216,3208
1060.0,1166,1134,3178
1061.0,1166,1827,3178
1171.0,1056,636,3068
1172.0,1104,246,3116
2257.0,215,43,2227
2258.0,459,43,2471
2298.0,56,3914,2068
2299.0,115,2518,2127
2619.0,25,359,2037
7124.0,227,43,2239
7129.0,222,43,2234
7143.0,56,9023,2068
7420.0,13,5496,2025
7427.0,17,4984,2029
7428.0,6,9241,2018
7428.0,16,2645,2028
7429.0,15,7983,2027
7441.0,4,1526,2016
7451.0,8,3902,2020
7452.0,10,2045,2022
7452.0,8,1048,2020
7452.0,8,849,2020
589.0,135,6413,2147
589.0,134,43,2146
701.0,35,6035,2047
944.0,577,43,2589
1510.0,103,148,2115
1510.0,102,356,2114
1510.0,105,6986,2117
1512.0,28,3589,2040
1513.0,30,4718,2042
1513.0,100,2424,2112
1514.0,28,4252,2040
1514.0,98,6203,2110
1514.0,101,3070,2113
1515.0,227,4713,2239
1515.0,188,4569,2200
1515.0,187,4632,2199
1516.0,99,6287,2111
1516.0,25,6634,2037
1516.0,184,7121,2196
1517.0,183,7441,2195
1517.0,221,1216,2233
1578.0,121,1134,2133
1578.0,163,1827,2175
2004.0,124,1668,2136
2019.0,109,636,2121
2020.0,107,246,2119
2085.0,72,4193,2084
2085.0,42,6900,2054
2131.0,1408,43,3420
2132.0,1406,43,3418
2171.0,80,8627,2092
3593.0,2373,359,4385
3716.0,2265,9023,4277
7149.0,114,5496,2126
7243.0,51,4984,2063
7244.0,50,9241,2062
7244.0,51,2645,2063
7245.0,50,7983,2062
7298.0,7,1526,2019
7299.0,19,3902,2031
7299.0,6,2045,2018
7300.0,17,1048,2029
7313.0,14,849,2026
7476.0,149,43,2161
7482.0,1326,43,3338
645.0,84,6413,2096
646.0,84,43,2096
762.0,15,6035,2027
1053.0,129,148,2141
1054.0,124,356,2136
1054.0,127,6986,2139
1057.0,28,3589,2040
1057.0,125,2518,2137
1058.0,125,2033,2137
1061.0,117,4252,2129
1061.0,119,6203,2131
1061.0,123,3070,2135
1061.0,187,4713,2199
1062.0,847,4569,2859
1062.0,847,4632,2859
1062.0,119,6287,2131
1063.0,116,6634,2128
1063.0,187,7121,2199
1112.0,809,1134,2821
1112.0,807,1827,2819
1184.0,723,7441,2735
1185.0,722,1216,2734
1188.0,733,43,2745
1210.0,728,636,2740
1211.0,728,246,2740
1981.0,163,8627,2175
2073.0,75,2424,2087
2074.0,103,3914,2115
4654.0,206,43,2218
4670.0,51,8627,2063
4673.0,1578,43,3590
6344.0,121,359,2133
6441.0,42,9023,2054
6782.0,1455,5496,3467
6783.0,1467,4984,3479
6784.0,1467,9241,3479
6784.0,1487,2645,3499
6785.0,1465,7983,3477
8255.0,54,1526,2066
8256.0,54,3902,2066
8257.0,54,2045,2066
8258.0,173,43,2185
8263.0,171,43,2183
8427.0,42,1048,2054
8428.0,41,849,2053
589.0,141,6413,2153
590.0,140,43,2152
706.0,48,6035,2060
882.0,56,148,2068
882.0,56,356,2068
882.0,53,6986,2065
884.0,20,3914,2032
885.0,49,2424,2061
885.0,49,2033,2061
886.0,47,4252,2059
886.0,51,6203,2063
886.0,47,3070,2059
887.0,129,4713,2141
887.0,160,4569,2172
887.0,161,4632,2173
888.0,49,6287,2061
888.0,47,6634,2059
888.0,127,7121,2139
889.0,161,7441,2173
890.0,158,1216,2170
970.0,82,1134,2094
971.0,139,1827,2151
1009.0,1661,43,3673
1069.0,1603,636,3615
1070.0,1600,246,3612
1138.0,1555,2376,3567
1139.0,1532,3589,3544
2674.0,231,43,2243
2693.0,2857,43,4869
2965.0,2585,359,4597
6892.0,63,9023,2075
7113.0,16,5496,2028
7123.0,7,4984,2019
7123.0,6,9241,2018
7124.0,8,2645,2020
7124.0,7,7983,2019
7140.0,19,1526,2031
7141.0,16,3902,2028
7141.0,17,2045,2029
7141.0,15,1048,2027
7162.0,13,849,2025
8719.0,172,43,2184
8724.0,161,43,2173
618.0,94,6413,2106
618.0,104,43,2116
708.0,51,6035,2063
961.0,114,148,2126
961.0,120,356,2132
962.0,121,6986,2133
964.0,98,4866,2110
965.0,110,3589,2122
965.0,112,3340,2124
965.0,115,4252,2127
966.0,106,6203,2118
966.0,116,3070,2128
966.0,1468,4713,3480
967.0,1469,4569,3481
967.0,1472,4632,3484
967.0,112,6287,2124
967.0,106,6634,2118
968.0,146,7121,2158
969.0,1468,7441,3480
969.0,1466,1216,3478
1024.0,1410,1134,3422
1024.0,1412,1827,3424
1056.0,1377,43,3389
1132.0,1316,636,3328
1133.0,1494,246,3506
2464.0,230,2424,2242
2465.0,237,7257,2249
2506.0,197,8627,2209
5366.0,196,43,2208
5381.0,86,8627,2098
5385.0,1166,43,3178
6650.0,41,359,2053
6733.0,26,9023,2038
6911.0,19,5496,2031
6912.0,21,4984,2033
6923.0,19,9241,2031
6935.0,12,2645,2024
6936.0,12,7983,2024
6937.0,8,1526,2020
6955.0,21,3902,2033
6956.0,18,2045,2030
6956.0,19,1048,2031
6957.0,18,849,2030
9174.0,206,43,2218
9177.0,195,43,2207
466.0,99,6413,2111
467.0,99,43,2111
638.0,41,6035,2053
842.0,71,148,2083
842.0,68,356,2080
842.0,135,6986,2147
845.0,65,4193,2077
845.0,38,2518,2050
845.0,68,2033,2080
846.0,132,4252,2144
846.0,38,6203,2050
846.0,37,3070,2049
847.0,137,4713,2149
847.0,133,4569,2145
847.0,133,4632,2145
848.0,34,6287,2046
848.0,63,6634,2075
849.0,131,7121,2143
849.0,162,7441,2174
874.0,2023,43,4035
946.0,69,1134,2081
946.0,69,1827,2081
981.0,43,1216,2055
1069.0,1929,1668,3941
1283.0,1715,636,3727
1284.0,1713,246,3725
2908.0,91,2424,2103
2909.0,162,3914,2174
5834.0,1308,43,3320
5835.0,1307,43,3319
7241.0,49,359,2061
7325.0,27,9023,2039
7537.0,15,5496,2027
7547.0,19,4984,2031
7547.0,19,9241,2031
7547.0,20,2645,2032
7548.0,18,7983,2030
7570.0,19,1526,2031
7571.0,17,3902,2029
7571.0,17,2045,2029
7572.0,16,1048,2028
7572.0,17,849,2029
9873.0,203,43,2215
9878.0,205,43,2217
667.0,100,6413,2112
667.0,99,43,2111
807.0,21,6035,2033
1067.0,49,148,2061
1067.0,111,356,2123
1067.0,51,6986,2063
1070.0,47,4193,2059
1070.0,49,2033,2061
1071.0,45,3914,2057
1071.0,47,4252,2059
1071.0,105,6203,2117
1072.0,107,3070,2119
1072.0,1047,4713,3059
1072.0,1046,4569,3058
1073.0,1051,4632,3063
1073.0,104,6287,2116
1073.0,102,6634,2114
1074.0,1053,7121,3065
1074.0,1047,7441,3059
1075.0,1047,1216,3059
1144.0,976,1134,2988
1145.0,981,1827,2993
1182.0,1432,43,3444
2180.0,430,8627,2442
2273.0,341,1668,2353
2491.0,127,636,2139
2491.0,134,246,2146
2585.0,30,3340,2042
2586.0,40,2424,2052
4195.0,2775,43,4787
4198.0,69,8627,2081
4211.0,2759,43,4771
7415.0,136,359,2148
7477.0,115,9023,2127
7635.0,9,5496,2021
7654.0,27,4984,2039
7655.0,28,9241,2040
7655.0,26,2645,2038
7656.0,25,7983,2037
7685.0,25,1526,2037
7686.0,24,3902,2036
7686.0,22,2045,2034
7687.0,24,1048,2036
7687.0,20,849,2032
10004.0,180,43,2192
10008.0,177,43,2189
480.0,86,6413,2098
481.0,96,43,2108
631.0,33,6035,2045
884.0,977,43,2989
1046.0,90,148,2102
1046.0,15,356,2027
1047.0,30,6986,2042
1049.0,29,3340,2041
1049.0,85,2033,2097
1050.0,28,2424,2040
1104.0,781,1134,2793
1104.0,784,1827,2796
1861.0,26,4252,2038
1862.0,83,6203,2095
1862.0,89,3070,2101
1862.0,86,4713,2098
1863.0,83,4569,2095
1863.0,87,4632,2099
1863.0,87,6287,2099
1864.0,83,6634,2095
1864.0,85,7121,2097
1865.0,89,7441,2101
1865.0,98,1216,2110
2216.0,150,1668,2162
2231.0,134,636,2146
2232.0,135,246,2147
2387.0,42,4193,2054
2388.0,45,2518,2057
3551.0,283,43,2295
3551.0,2751,43,4763
3780.0,54,359,2066
7789.0,61,9023,2073
8054.0,26,5496,2038
8054.0,25,4984,2037
8064.0,46,9241,2058
8065.0,149,43,2161
8074.0,160,43,2172
8100.0,13,2645,2025
8102.0,34,7983,2046
8103.0,9,1526,2021
8124.0,13,3902,2025
8125.0,14,2045,2026
8126.0,30,1048,2042
8126.0,12,849,2024
619.0,90,6413,2102
619.0,117,43,2129
710.0,35,6035,2047
1021.0,1083,43,3095
1087.0,35,148,2047
1088.0,17,356,2029
1089.0,32,6986,2044
1098.0,24,3340,2036
1098.0,93,2518,2105
1099.0,95,3914,2107
1099.0,94,4252,2106
1099.0,89,6203,2101
1100.0,90,3070,2102
1100.0,1004,4713,3016
1100.0,1007,4569,3019
1101.0,1006,4632,3018
1101.0,1004,6287,3016
1101.0,92,6634,2104
1101.0,91,7121,2103
1155.0,951,1134,2963
1155.0,891,1827,2903
1191.0,917,7441,2929
2046.0,72,1216,2084
2066.0,51,636,2063
2067.0,52,246,2064
2139.0,217,8627,2229
2281.0,168,4718,2180
2282.0,171,2033,2183
5101.0,189,43,2201
5102.0,1625,43,3637
5118.0,175,8627,2187
6835.0,88,359,2100
6885.0,178,9023,2190
7173.0,14,5496,2026
7173.0,13,4984,2025
7174.0,14,9241,2026
7174.0,12,2645,2024
7196.0,18,7983,2030
7197.0,15,1526,2027
7197.0,15,3902,2027
7198.0,14,2045,2026
7223.0,2046,1048,4058
7224.0,2045,849,4057
9272.0,195,43,2207
9277.0,183,43,2195
469.0,93,6413,2105
469.0,92,43,2104
639.0,31,6035,2043
916.0,1586,43,3598
965.0,103,148,2115
965.0,32,356,2044
966.0,35,6986,2047
968.0,30,3589,2042
968.0,32,2371,2044
968.0,40,3914,2052
969.0,30,4252,2042
969.0,29,6203,2041
970.0,30,3070,2042
970.0,132,4713,2144
970.0,139,4569,2151
1034.0,68,1134,2080
1034.0,68,1827,2080
1103.0,52,4632,2064
1104.0,50,6287,2062
1104.0,51,6634,2063
1104.0,52,7121,2064
1105.0,47,7441,2059
1106.0,51,1216,2063
1127.0,1485,636,3497
1127.0,1484,246,3496
2706.0,102,6900,2114
2706.0,119,3340,2131
5535.0,200,43,2212
5554.0,1183,43,3195
6857.0,34,359,2046
6989.0,25,9023,2037
7207.0,16,5496,2028
7216.0,21,4984,2033
7217.0,21,9241,2033
7217.0,19,2645,2031
7218.0,19,7983,2031
7241.0,16,1526,2028
7241.0,17,3902,2029
7241.0,16,2045,2028
7242.0,14,1048,2026
7255.0,4,849,2016
9482.0,228,43,2240
9486.0,229,43,2241
720.0,92,6413,2104
721.0,118,43,2130
865.0,22,6035,2034
1129.0,37,148,2049
1130.0,129,356,2141
1130.0,126,6986,2138
1133.0,33,2033,2045
1133.0,122,2518,2134
1133.0,123,3340,2135
1134.0,115,4252,2127
1134.0,116,6203,2128
1134.0,123,3070,2135
1135.0,948,4713,2960
1135.0,953,4569,2965
1135.0,1048,4632,3060
1136.0,122,6287,2134
1136.0,118,6634,2130
1136.0,112,7121,2124
1137.0,952,7441,2964
1137.0,952,1216,2964
1203.0,887,1134,2899
1204.0,886,1827,2898
1252.0,1340,43,3352
2131.0,109,8627,2121
2461.0,136,636,2148
2462.0,135,246,2147
2561.0,37,6900,2049
2562.0,45,7257,2057
4160.0,259,43,2271
4165.0,91,8627,2103
4178.0,3089,43,5101
7458.0,106,359,2118
8678.0,95,9023,2107
8829.0,18,5496,2030
8842.0,13,4984,2025
8849.0,17,9241,2029
8850.0,17,2645,2029
8850.0,18,7983,2030
8863.0,16,1526,2028
8864.0,17,3902,2029
8874.0,16,2045,2028
8875.0,16,1048,2028
8875.0,15,849,2027
10806.0,156,43,2168
10812.0,155,43,2167
519.0,94,6413,2106
520.0,94,43,2106
625.0,42,6035,2054
898.0,55,148,2067
898.0,67,356,2079
899.0,65,6986,2077
901.0,40,4193,2052
901.0,232,8991,2244
902.0,41,2424,2053
902.0,40,4252,2052
903.0,127,6203,2139
903.0,50,3070,2062
903.0,163,4713,2175
903.0,164,4569,2176
906.0,162,4632,2174
906.0,124,6287,2136
907.0,47,6634,2059
907.0,58,7121,2070
932.0,2149,43,4161
939.0,135,7441,2147
940.0,136,1216,2148
992.0,84,1134,2096
993.0,83,1827,2095
1139.0,1949,1668,3961
1358.0,1729,636,3741
1359.0,1743,246,3755
3090.0,165,43,2177
3102.0,363,43,2375
3165.0,90,4866,2102
3166.0,102,3340,2114
3206.0,61,8627,2073
3418.0,110,359,2122
8009.0,74,9023,2086
8068.0,165,43,2177
8076.0,157,43,2169
8225.0,18,5496,2030
8237.0,34,4984,2046
8249.0,16,9241,2028
8249.0,14,2645,2026
8250.0,15,7983,2027
8266.0,17,1526,2029
8266.0,17,3902,2029
8266.0,18,2045,2030
8267.0,17,1048,2029
8281.0,4,849,2016
678.0,90,6413,2102
679.0,90,43,2102
815.0,25,6035,2037
1079.0,89,148,2101
1079.0,13,356,2025
1080.0,21,6986,2033
1082.0,87,4718,2099
1082.0,28,4193,2040
1136.0,71,1134,2083
1136.0,58,1827,2070
1190.0,836,43,2848
1200.0,829,2424,2841
1200.0,813,4252,2825
1201.0,812,6203,2824
1201.0,828,3070,2840
1201.0,831,4713,2843
1202.0,826,4569,2838
1202.0,1199,4632,3211
1202.0,811,6287,2823
1202.0,826,6634,2838
1203.0,825,7121,2837
1204.0,823,7441,2835
1204.0,1106,1216,3118
2047.0,361,1668,2373
2275.0,132,636,2144
2275.0,133,246,2145
2350.0,112,8627,2124
2494.0,34,3589,2046
2495.0,40,2518,2052
5238.0,202,43,2214
5256.0,104,8627,2116
5259.0,1820,43,3832
7205.0,42,359,2054
7281.0,40,9023,2052
7542.0,29,5496,2041
7558.0,28,4984,2040
7559.0,27,9241,2039
7559.0,28,2645,2040
7563.0,25,7983,2037
7593.0,22,1526,2034
7593.0,20,3902,2032
7594.0,21,2045,2033
7594.0,20,1048,2032
7595.0,19,849,2031
465.0,95,6413,2107
466.0,95,43,2107
642.0,46,6035,2058
831.0,25,148,2037
831.0,21,356,2033
831.0,22,6986,2034
833.0,100,7257,2112
834.0,20,3589,2032
834.0,30,2033,2042
846.0,132,4252,2144
846.0,126,6203,2138
846.0,129,3070,2141
847.0,126,4713,2138
847.0,132,4569,2144
847.0,131,4632,2143
848.0,126,6287,2138
848.0,127,6634,2139
848.0,128,7121,2140
849.0,197,7441,2209
850.0,130,1216,2142
898.0,150,1134,2162
898.0,149,1827,2161
971.0,1988,43,4000
1004.0,109,636,2121
1005.0,107,246,2119
1087.0,26,3914,2038
1088.0,80,2424,2092
2946.0,2876,43,4888
2958.0,2862,43,4874
6185.0,738,359,2750
6932.0,60,9023,2072
7077.0,10,5496,2022
7077.0,25,4984,2037
7089.0,16,9241,2028
7089.0,15,2645,2027
7112.0,18,7983,2030
7113.0,18,1526,2030
7113.0,19,3902,2031
7114.0,16,2045,2028
7133.0,16,1048,2028
7133.0,16,849,2028
9456.0,211,43,2223
9461.0,206,43,2218
622.0,98,6413,2110
622.0,102,43,2114
721.0,40,6035,2052
981.0,49,148,2061
982.0,44,356,2056
982.0,47,6986,2059
984.0,39,3340,2051
985.0,40,7257,2052
985.0,45,2424,2057
985.0,45,4252,2057
986.0,41,6203,2053
986.0,42,3070,2054
986.0,156,4713,2168
987.0,142,4569,2154
987.0,141,4632,2153
987.0,40,6287,2052
988.0,27,6634,2039
988.0,155,7121,2167
1063.0,137,1134,2149
1064.0,65,1827,2077
1123.0,1361,43,3373
1125.0,1360,7441,3372
1125.0,1348,1216,3360
1161.0,1340,636,3352
1161.0,1340,246,3352
2616.0,93,3589,2105
2617.0,208,2033,2220
5747.0,1395,43,3407
5767.0,1376,43,3388
7243.0,23,359,2035
7345.0,69,9023,2081
7609.0,16,5496,2028
7618.0,11,4984,2023
7619.0,11,9241,2023
7619.0,9,2645,2021
7619.0,8,7983,2020
7638.0,18,1526,2030
7639.0,18,3902,2030
7639.0,19,2045,2031
7640.0,18,1048,2030
7661.0,2271,849,4283
9981.0,219,43,2231
9987.0,215,43,2227
450.0,91,6413,2103
450.0,91,43,2103
552.0,112,6035,2124
801.0,122,148,2134
801.0,116,356,2128
802.0,106,6986,2118
804.0,95,2033,2107
804.0,105,3340,2117
805.0,117,3589,2129
805.0,116,4252,2128
805.0,117,6203,2129
806.0,107,3070,2119
806.0,247,4713,2259
806.0,243,4569,2255
806.0,246,4632,2258
807.0,111,6287,2123
807.0,105,6634,2117
807.0,148,7121,2160
809.0,243,7441,2255
865.0,188,1134,2200
866.0,185,1827,2197
915.0,2009,43,4021
950.0,125,1216,2137
977.0,98,636,2110
977.0,147,246,2159
1046.0,15,2518,2027
1047.0,28,2424,2040
2908.0,200,43,2212
2924.0,2919,43,4931
6053.0,1047,359,3059
7103.0,104,9023,2116
7323.0,19,5496,2031
7335.0,15,4984,2027
7345.0,19,9241,2031
7345.0,17,2645,2029
7346.0,18,7983,2030
7360.0,5,1526,2017
7360.0,4,3902,2016
7371.0,18,2045,2030
7372.0,17,1048,2029
7372.0,18,849,2030
9168.0,155,43,2167
9172.0,158,43,2170
657.0,99,6413,2111
658.0,98,43,2110
830.0,6,6035,2018
1162.0,567,148,2579
1163.0,562,356,2574
1163.0,564,6986,2576
1165.0,542,2518,2554
1165.0,565,3589,2577
1166.0,560,3914,2572
1166.0,563,4252,2575
1167.0,567,6203,2579
1167.0,567,3070,2579
1167.0,631,4713,2643
1167.0,632,4569,2644
1168.0,632,4632,2644
1168.0,564,6287,2576
1168.0,564,6634,2576
1169.0,566,7121,2578
1670.0,131,1134,2143
1671.0,130,1827,2142
1710.0,478,43,2490
1717.0,97,7441,2109
1717.0,99,1216,2111
1754.0,61,636,2073
1755.0,80,246,2092
1925.0,24,2424,2036
1925.0,24,6900,2036
2043.0,144,8627,2156
4932.0,211,43,2223
4948.0,41,8627,2053
4951.0,2107,43,4119
7187.0,41,359,2053
7278.0,43,9023,2055
7586.0,8,5496,2020
7586.0,19,4984,2031
7587.0,18,9241,2030
7587.0,18,2645,2030
7603.0,4,7983,2016
7612.0,2023,1526,4035
7613.0,2021,3902,4033
7613.0,2022,2045,4034
7614.0,6,1048,2018
9737.0,67,849,2079
9740.0,192,43,2204
9746.0,181,43,2193
482.0,96,6413,2108
482.0,96,43,2108
660.0,50,6035,2062
846.0,138,148,2150
847.0,135,356,2147
847.0,132,6986,2144
850.0,41,3340,2053
850.0,122,4718,2134
850.0,132,2033,2144
851.0,131,4252,2143
851.0,127,6203,2139
851.0,132,3070,2144
852.0,135,4713,2147
852.0,182,4569,2194
853.0,243,4632,2255
854.0,127,6287,2139
854.0,124,6634,2136
854.0,133,7121,2145
855.0,178,7441,2190
856.0,179,1216,2191
924.0,171,1134,2183
924.0,175,1827,2187
976.0,2018,43,4030
1056.0,44,636,2056
1056.0,44,246,2056
1119.0,42,2424,2054
1120.0,1894,4866,3906
2996.0,219,43,2231
3013.0,3195,43,5207
3105.0,108,8627,2120
3353.0,3026,359,5038
7568.0,55,9023,2067
7787.0,18,5496,2030
7788.0,18,4984,2030
7798.0,18,9241,2030
7809.0,20,2645,2032
7809.0,7,7983,2019
7811.0,18,1526,2030
7825.0,5,3902,2017
7826.0,19,2045,2031
7839.0,15,1048,2027
7839.0,15,849,2027
7941.0,1836,43,3848
7947.0,1829,43,3841
603.0,125,6413,2137
604.0,155,43,2167
832.0,27,6035,2039
1108.0,144,148,2156
1109.0,140,356,2152
1109.0,144,6986,2156
1111.0,121,4193,2133
1112.0,139,6900,2151
1112.0,129,7257,2141
1113.0,130,4252,2142
1113.0,139,6203,2151
1113.0,138,3070,2150
1114.0,838,4713,2850
1114.0,837,4569,2849
1114.0,838,4632,2850
1115.0,135,6287,2147
1115.0,133,6634,2145
1115.0,130,7121,2142
1116.0,832,7441,2844
1148.0,803,43,2815
1193.0,755,1134,2767
1193.0,757,1827,2769
1246.0,701,1216,2713
2094.0,349,1668,2361
2317.0,128,636,2140
2318.0,134,246,2146
2485.0,39,2033,2051
2486.0,1937,2424,3949
4399.0,193,43,2205
4421.0,437,43,2449
4847.0,11,359,2023
9481.0,81,9023,2093
9566.0,190,43,2202
9571.0,183,43,2195
9616.0,6,5496,2018
9616.0,17,4984,2029
9625.0,9,9241,2021
9626.0,23,2645,2035
9626.0,8,7983,2020
9643.0,19,1526,2031
9643.0,18,3902,2030
9643.0,18,2045,2030
9658.0,4,1048,2016
9659.0,3,849,2015
617.0,95,6413,2107
617.0,123,43,2135
713.0,43,6035,2055
917.0,45,148,2057
918.0,49,356,2061
918.0,46,6986,2058
920.0,29,2371,2041
920.0,42,7257,2054
921.0,45,3589,2057
921.0,28,4252,2040
922.0,29,6203,2041
922.0,39,3070,2051
922.0,142,4713,2154
922.0,142,4569,2154
923.0,255,4632,2267
923.0,41,6287,2053
923.0,42,6634,2054
924.0,202,7121,2214
924.0,200,941,2212
947.0,178,7441,2190
947.0,176,1216,2188
999.0,179,1134,2191
999.0,178,1827,2190
1063.0,1606,43,3618
1085.0,105,636,2117
1086.0,103,246,2115
1153.0,35,2518,2047
1153.0,37,3340,2049
2739.0,2984,8627,4996
5746.0,819,43,2831
5761.0,166,8627,2178
5767.0,798,43,2810
6667.0,31,359,2043
6783.0,10,9023,2022
6865.0,11,5496,2023
6879.0,21,4984,2033
6880.0,20,9241,2032
6881.0,18,2645,2030
6881.0,19,7983,2031
6901.0,20,1526,2032
6902.0,17,3902,2029
6903.0,18,2045,2030
6903.0,17,1048,2029
6903.0,17,849,2029
9657.0,256,43,2268
9661.0,248,43,2260
489.0,95,6413,2107
490.0,97,43,2109
597.0,94,6035,2106
860.0,94,148,2106
861.0,93,356,2105
861.0,95,6986,2107
863.0,93,4193,2105
864.0,91,2424,2103
864.0,91,4718,2103
917.0,81,1134,2093
917.0,75,1827,2087
981.0,2114,43,4126
982.0,15,4252,2027
983.0,76,6203,2088
983.0,19,3070,2031
984.0,19,4713,2031
984.0,17,4569,2029
984.0,74,4632,2086
985.0,16,6287,2028
985.0,16,6634,2028
985.0,75,7121,2087
986.0,72,7441,2084
987.0,71,1216,2083
1092.0,2009,1668,4021
1311.0,1791,636,3803
1312.0,1808,246,3820
3104.0,177,43,2189
3119.0,406,43,2418
3187.0,99,2518,2111
3188.0,155,2033,2167
3231.0,114,8627,2126
3487.0,120,359,2132
8146.0,166,43,2178
8154.0,171,43,2183
8207.0,113,9023,2125
8491.0,22,5496,2034
8502.0,40,4984,2052
8503.0,39,9241,2051
8503.0,15,2645,2027
8503.0,13,7983,2025
8525.0,18,1526,2030
8526.0,17,3902,2029
8545.0,19,2045,2031
8545.0,18,1048,2030
8546.0,18,849,2030
10461.0,220,1866,2232
10462.0,322,1866,2334
487.0,98,6413,2110
488.0,97,43,2109
659.0,50,6035,2062
849.0,35,148,2047
850.0,35,356,2047
850.0,50,6986,2062
852.0,271,3637,2283
853.0,48,2371,2060
853.0,34,3589,2046
853.0,45,4252,2057
854.0,45,6203,2057
854.0,47,3070,2059
854.0,148,4713,2160
855.0,207,4569,2219
855.0,207,4632,2219
855.0,45,6287,2057
856.0,41,6634,2053
856.0,140,7121,2152
882.0,115,7441,2127
882.0,181,1216,2193
934.0,129,1134,2141
934.0,68,1827,2080
1023.0,111,636,2123
1024.0,110,246,2122
1093.0,40,4866,2052
1093.0,39,4718,2051
3131.0,3096,8627,5108
6362.0,214,43,2226
6381.0,49,8627,2061
6384.0,352,43,2364
6608.0,63,359,2075
8808.0,188,43,2200
8811.0,184,43,2196
8948.0,49,9023,2061
9075.0,18,5496,2030
9076.0,17,4984,2029
9085.0,18,9241,2030
9096.0,9,2645,2021
9096.0,8,7983,2020
9097.0,8,1526,2020
9114.0,23,3902,2035
9115.0,21,2045,2033
9115.0,22,1048,2034
9116.0,20,849,2032
604.0,158,6413,2170
605.0,158,43,2170
735.0,44,6035,2056
889.0,99,148,2111
889.0,104,356,2116
889.0,97,6986,2109
891.0,80,7257,2092
892.0,96,2371,2108
892.0,100,3589,2112
941.0,163,1134,2175
941.0,164,1827,2176
972.0,90,4252,2102
973.0,88,6203,2100
973.0,86,3070,2098
973.0,85,4713,2097
973.0,143,4569,2155
974.0,85,4632,2097
974.0,87,6287,2099
975.0,142,6634,2154
975.0,87,7121,2099
990.0,1966,43,3978
1070.0,108,636,2120
1071.0,109,246,2121
1071.0,110,7441,2122
1074.0,105,1216,2117
1146.0,35,2518,2047
1147.0,37,4718,2049
2939.0,246,43,2258
2955.0,3409,43,5421
3284.0,3082,359,5094
7967.0,114,9023,2126
8194.0,20,5496,2032
8204.0,17,4984,2029
8214.0,17,9241,2029
8215.0,17,2645,2029
8215.0,17,7983,2029
8229.0,14,1526,2026
8237.0,23,3902,2035
8237.0,7,2045,2019
8238.0,21,1048,2033
8238.0,6,849,2018
10053.0,224,43,2236
10060.0,216,43,2228
454.0,99,6413,2111
454.0,101,43,2113
658.0,23,6035,2035
918.0,37,148,2049
918.0,37,356,2049
919.0,29,6986,2041
921.0,30,2033,2042
921.0,33,2424,2045
922.0,30,4193,2042
934.0,154,4252,2166
935.0,156,6203,2168
935.0,156,3070,2168
935.0,145,4713,2157
936.0,151,4569,2163
936.0,146,4632,2158
936.0,153,6287,2165
937.0,153,6634,2165
937.0,151,7121,2163
937.0,187,941,2199
938.0,149,7441,2161
938.0,145,1216,2157
992.0,92,1134,2104
992.0,133,1827,2145
1035.0,2063,43,4075
1152.0,1971,1668,3983
1371.0,1733,636,3745
1372.0,1731,246,3743
3106.0,180,43,2192
3122.0,341,43,2353
3194.0,102,3589,2114
3195.0,166,3637,2178
3475.0,47,359,2059
8260.0,173,43,2185
8268.0,167,43,2179
8313.0,61,9023,2073
8547.0,20,5496,2032
8557.0,24,4984,2036
8557.0,10,9241,2022
8558.0,24,2645,2036
8559.0,22,7983,2034
8578.0,5,1526,2017
8597.0,29,3902,2041
8598.0,24,2045,2036
8599.0,26,1048,2038
8600.0,23,849,2035
634.0,107,6413,2119
635.0,107,43,2119
736.0,28,6035,2040
965.0,88,148,2100
966.0,89,356,2101
966.0,21,6986,2033
968.0,86,2033,2098
968.0,88,2424,2100
969.0,17,2518,2029
969.0,86,4252,2098
970.0,82,6203,2094
970.0,86,3070,2098
970.0,195,4713,2207
970.0,143,4569,2155
971.0,145,4632,2157
971.0,17,6287,2029
971.0,82,6634,2094
972.0,145,7121,2157
1019.0,93,1134,2105
1019.0,94,1827,2106
1108.0,1574,43,3586
1110.0,1571,7441,3583
1110.0,1573,1216,3585
2970.0,144,1668,2156
2986.0,197,636,2209
2986.0,197,246,2209
3164.0,95,4936,2107
3165.0,95,3637,2107
4416.0,214,43,2226
4436.0,429,43,2441
4745.0,41,359,2053
9591.0,162,43,2174
9599.0,157,43,2169
9602.0,63,9023,2075
9802.0,19,5496,2031
9811.0,22,4984,2034
9814.0,17,9241,2029
9814.0,17,2645,2029
9815.0,18,7983,2030
9838.0,21,1526,2033
9838.0,19,3902,2031
9839.0,19,2045,2031
9839.0,20,1048,2032
9840.0,17,849,2029
456.0,99,6413,2111
457.0,110,43,2122
642.0,54,6035,2066
853.0,137,148,2149
853.0,135,356,2147
856.0,136,6986,2148
858.0,33,3637,2045
859.0,129,2371,2141
859.0,133,4866,2145
860.0,130,4252,2142
860.0,131,6203,2143
860.0,126,3070,2138
861.0,138,4713,2150
861.0,194,4569,2206
861.0,192,4632,2204
862.0,131,6287,2143
862.0,123,6634,2135
862.0,136,7121,2148
935.0,119,1134,2131
935.0,120,1827,2132
976.0,78,7441,2090
976.0,76,1216,2088
995.0,2199,43,4211
1322.0,2088,636,4100
1323.0,2088,246,4100
3253.0,159,3914,2171
3254.0,170,2424,2182
3298.0,124,8627,2136
6798.0,1188,43,3200
6817.0,43,8627,2055
6820.0,1166,43,3178
8131.0,139,359,2151
8218.0,70,9023,2082
10077.0,168,43,2180
10081.0,159,43,2171
10200.0,19,5496,2031
10200.0,19,4984,2031
10216.0,24,9241,2036
10234.0,40,2645,2052
10234.0,40,7983,2052
10285.0,23,1526,2035
10286.0,21,3902,2033
10286.0,22,2045,2034
10286.0,22,1048,2034
10309.0,16,849,2028
693.0,104,6413,2116
694.0,114,43,2126
809.0,33,6035,2045
1069.0,41,148,2053
1069.0,42,356,2054
1070.0,52,6986,2064
1072.0,39,4718,2051
1073.0,117,4866,2129
1073.0,40,2371,2052
1073.0,58,4252,2070
1074.0,58,6203,2070
1074.0,36,3070,2048
1074.0,165,4713,2177
1075.0,166,4569,2178
1075.0,165,4632,2177
1075.0,37,6287,2049
1075.0,33,6634,2045
1076.0,156,7121,2168
1101.0,1546,43,3558
1158.0,112,1134,2124
1159.0,141,1827,2153
1233.0,66,7441,2078
1234.0,68,1216,2080
1261.0,41,636,2053
1261.0,41,246,2053
2703.0,183,8627,2195
2804.0,83,3589,2095
2805.0,97,2518,2109
6327.0,226,43,2238
6342.0,14,8627,2026
6346.0,1734,43,3746
8209.0,283,359,2295
8261.0,268,9023,2280
615.0,173,6413,2185
616.0,172,43,2184
759.0,60,6035,2072
894.0,96,148,2108
894.0,96,356,2108
894.0,100,6986,2112
909.0,183,2371,2195
910.0,186,4718,2198
910.0,194,3914,2206
910.0,181,4252,2193
911.0,186,6203,2198
911.0,186,3070,2198
911.0,263,4713,2275
912.0,261,4569,2273
912.0,261,4632,2273
912.0,182,6287,2194
913.0,181,6634,2193
913.0,187,7121,2199
914.0,203,7441,2215
914.0,201,1216,2213
945.0,228,1134,2240
945.0,229,1827,2241
1055.0,120,636,2132
1056.0,120,246,2132
1102.0,1959,43,3971
1150.0,1911,3589,3923
1150.0,1911,2424,3923
3078.0,204,43,2216
3100.0,350,43,2362
3147.0,225,8627,2237
3465.0,3561,359,5573
8989.0,59,9023,2071
9248.0,16,5496,2028
9257.0,8,4984,2020
9258.0,21,9241,2033
9258.0,19,2645,2031
9259.0,19,7983,2031
9276.0,17,1526,2029
9288.0,21,3902,2033
9289.0,6,2045,2018
9289.0,5,1048,2017
9303.0,16,849,2028
9332.0,150,43,2162
9337.0,153,43,2165
