starttime,duration,size,total
746.0,354,1741,1100.0
748.0,273,1439,1021.0
750.0,272,4410,1022.0
751.0,348,4041,1099.0
752.0,342,4207,1094.0
753.0,348,4283,1101.0
755.0,267,57,1022.0
759.0,258,2884,1017.0
760.0,338,9335,1098.0
763.0,302,58,1065.0
763.0,255,2419,1018.0
768.0,327,8529,1095.0
768.0,358,2011,1126.0
769.0,358,8801,1127.0
777.0,584,64,1361.0
788.0,655,547,1443.0
789.0,653,7071,1442.0
789.0,658,5852,1447.0
790.0,657,4106,1447.0
790.0,654,8664,1444.0
790.0,704,7080,1494.0
791.0,730,4753,1521.0
791.0,731,5276,1522.0
792.0,730,6390,1522.0
792.0,733,8497,1525.0
793.0,751,4008,1544.0
793.0,760,579,1553.0
794.0,828,4801,1622.0
794.0,829,5528,1623.0
794.0,830,5771,1624.0
795.0,828,4168,1623.0
795.0,826,3795,1621.0
796.0,828,5446,1624.0
796.0,890,7060,1686.0
797.0,880,5305,1677.0
797.0,888,7108,1685.0
798.0,878,5228,1676.0
802.0,977,9959,1779.0
803.0,975,3285,1778.0
807.0,972,2584,1779.0
1129.0,79,43,1208.0
1517.0,33,35,1550.0
1647.0,22,43,1669.0
1880.0,334,49,2214.0
1885.0,187,49,2072.0
128.0,181,1741,309.0
129.0,174,1439,303.0
131.0,180,4410,311.0
133.0,176,4041,309.0
133.0,173,4207,306.0
134.0,173,4283,307.0
135.0,170,57,305.0
139.0,173,2884,312.0
140.0,165,9335,305.0
143.0,165,58,308.0
143.0,167,2419,310.0
148.0,223,8529,371.0
149.0,221,2011,370.0
149.0,218,8801,367.0
157.0,234,64,391.0
168.0,256,547,424.0
169.0,364,7071,533.0
169.0,364,5852,533.0
170.0,604,4106,774.0
170.0,612,8664,782.0
171.0,611,7080,782.0
171.0,603,4753,774.0
171.0,613,5276,784.0
172.0,611,6390,783.0
172.0,764,8497,936.0
173.0,761,4008,934.0
173.0,677,579,850.0
174.0,758,4801,932.0
174.0,761,5528,935.0
175.0,755,5771,930.0
175.0,861,4168,1036.0
176.0,859,3795,1035.0
176.0,850,5446,1026.0
176.0,851,7060,1027.0
177.0,851,5305,1028.0
177.0,970,7108,1147.0
178.0,966,5228,1144.0
182.0,966,9959,1148.0
183.0,1010,3285,1193.0
187.0,971,2584,1158.0
343.0,191,35,534.0
349.0,426,49,775.0
354.0,426,49,780.0
775.0,101,43,876.0
931.0,103,43,1034.0
114.0,198,1741,312.0
115.0,197,1439,312.0
117.0,194,4410,311.0
119.0,198,4041,317.0
119.0,192,4283,311.0
121.0,192,57,313.0
124.0,193,2884,317.0
125.0,196,9335,321.0
128.0,191,58,319.0
129.0,190,2419,319.0
133.0,245,8529,378.0
134.0,250,2011,384.0
135.0,249,8801,384.0
142.0,264,64,406.0
155.0,256,547,411.0
156.0,292,7071,448.0
156.0,429,5852,585.0
157.0,427,4106,584.0
157.0,427,7019,584.0
158.0,425,7080,583.0
158.0,428,4753,586.0
159.0,716,5276,875.0
159.0,717,6390,876.0
159.0,722,8497,881.0
160.0,723,4008,883.0
160.0,449,579,609.0
161.0,722,4801,883.0
161.0,720,5528,881.0
162.0,819,5771,981.0
162.0,778,4168,940.0
163.0,840,3795,1003.0
163.0,778,5446,941.0
164.0,810,7060,974.0
164.0,840,5305,1004.0
165.0,937,7108,1102.0
165.0,943,5228,1108.0
170.0,1037,9959,1207.0
171.0,1035,3285,1206.0
175.0,1029,2584,1204.0
344.0,531,49,875.0
349.0,525,49,874.0
373.0,74,35,447.0
585.0,23,43,608.0
874.0,66,43,940.0
808.0,193,1741,1001.0
810.0,190,1439,1000.0
812.0,186,4410,998.0
814.0,187,4041,1001.0
815.0,177,57,992.0
819.0,178,2884,997.0
819.0,183,9335,1002.0
822.0,177,58,999.0
823.0,179,2419,1002.0
828.0,234,8529,1062.0
828.0,180,2011,1008.0
829.0,182,8801,1011.0
837.0,255,64,1092.0
848.0,247,547,1095.0
849.0,477,7071,1326.0
850.0,475,5852,1325.0
850.0,475,4610,1325.0
851.0,472,7019,1323.0
851.0,472,7080,1323.0
852.0,475,4753,1327.0
852.0,754,5276,1606.0
853.0,752,6390,1605.0
853.0,758,8497,1611.0
854.0,753,4008,1607.0
854.0,493,579,1347.0
855.0,748,4801,1603.0
855.0,845,5528,1700.0
856.0,846,5771,1702.0
857.0,869,4168,1726.0
858.0,867,3795,1725.0
858.0,870,5446,1728.0
859.0,969,7060,1828.0
859.0,926,5305,1785.0
860.0,962,7108,1822.0
860.0,924,5228,1784.0
866.0,1126,2592,1992.0
869.0,1084,2584,1953.0
1027.0,576,49,1603.0
1033.0,571,49,1604.0
1054.0,77,35,1131.0
1612.0,126,43,1738.0
1700.0,86,43,1786.0
119.0,91,1741,210.0
120.0,95,1439,215.0
122.0,96,4410,218.0
126.0,86,4041,212.0
127.0,82,57,209.0
131.0,86,2884,217.0
132.0,115,9335,247.0
135.0,111,58,246.0
135.0,209,2419,344.0
140.0,203,8529,343.0
141.0,203,2011,344.0
141.0,208,8801,349.0
149.0,241,64,390.0
160.0,247,547,407.0
160.0,285,7071,445.0
161.0,481,5852,642.0
161.0,487,4610,648.0
162.0,483,7019,645.0
162.0,485,7080,647.0
163.0,480,4753,643.0
163.0,797,5276,960.0
164.0,792,6390,956.0
165.0,795,8497,960.0
165.0,793,4008,958.0
165.0,505,579,670.0
166.0,793,4801,959.0
167.0,790,5528,957.0
167.0,917,5771,1084.0
168.0,914,4168,1082.0
168.0,853,3795,1021.0
168.0,854,5446,1022.0
169.0,854,7060,1023.0
169.0,1009,5305,1178.0
170.0,1000,7108,1170.0
170.0,1016,5228,1186.0
176.0,1170,2592,1346.0
179.0,1126,2584,1305.0
236.0,413,49,649.0
241.0,407,49,648.0
375.0,270,35,645.0
646.0,26,43,672.0
957.0,125,43,1082.0
147.0,2430,1741,2577.0
149.0,2381,1439,2530.0
151.0,2380,4410,2531.0
153.0,2425,4041,2578.0
156.0,2366,57,2522.0
160.0,174,2884,334.0
160.0,2368,9335,2528.0
163.0,2372,58,2535.0
164.0,2369,2419,2533.0
170.0,2509,8529,2679.0
171.0,2414,2011,2585.0
171.0,2418,8801,2589.0
180.0,2420,64,2600.0
191.0,2412,547,2603.0
193.0,2458,7071,2651.0
193.0,2486,5852,2679.0
194.0,2458,4610,2652.0
194.0,2545,7019,2739.0
195.0,2545,7080,2740.0
195.0,2542,4753,2737.0
196.0,2547,5276,2743.0
196.0,2542,6390,2738.0
196.0,2545,8497,2741.0
197.0,2590,4008,2787.0
197.0,2556,579,2753.0
198.0,2592,4801,2790.0
198.0,2607,5528,2805.0
199.0,2592,5771,2791.0
199.0,2599,4168,2798.0
200.0,2592,3795,2792.0
200.0,2643,5446,2843.0
201.0,2649,7060,2850.0
201.0,2647,5305,2848.0
202.0,2653,7108,2855.0
202.0,2648,5228,2850.0
208.0,2701,2592,2909.0
211.0,2654,2584,2865.0
2560.0,118,35,2678.0
2734.0,19,43,2753.0
3342.0,72,43,3414.0
3518.0,203,49,3721.0
3528.0,429,49,3957.0
805.0,135,1741,940.0
806.0,132,1439,938.0
809.0,136,4410,945.0
811.0,136,4041,947.0
812.0,130,57,942.0
816.0,122,2884,938.0
817.0,120,9335,937.0
820.0,119,58,939.0
821.0,165,2419,986.0
825.0,160,8529,985.0
825.0,159,2011,984.0
826.0,157,8801,983.0
834.0,624,64,1458.0
845.0,611,547,1456.0
846.0,704,7071,1550.0
846.0,707,5852,1553.0
847.0,704,4610,1551.0
847.0,705,7019,1552.0
848.0,706,7080,1554.0
848.0,759,4753,1607.0
849.0,904,5276,1753.0
849.0,908,6390,1757.0
850.0,900,8497,1750.0
850.0,898,4008,1748.0
851.0,901,579,1752.0
851.0,899,4801,1750.0
852.0,1282,5528,2134.0
852.0,1284,5771,2136.0
853.0,1280,4168,2133.0
853.0,1279,3795,2132.0
853.0,1281,5446,2134.0
854.0,1281,7060,2135.0
854.0,1563,5305,2417.0
855.0,1563,7108,2418.0
855.0,1568,5228,2423.0
861.0,1652,2592,2513.0
865.0,1655,2584,2520.0
927.0,826,49,1753.0
933.0,820,49,1753.0
971.0,476,35,1447.0
1443.0,45,43,1488.0
2423.0,33,43,2456.0
126.0,215,1741,341.0
128.0,210,1439,338.0
132.0,203,4410,335.0
134.0,206,4041,340.0
136.0,205,57,341.0
140.0,202,2884,342.0
140.0,196,9335,336.0
144.0,204,58,348.0
145.0,204,2419,349.0
149.0,309,8529,458.0
150.0,200,2011,350.0
152.0,250,8801,402.0
159.0,658,64,817.0
171.0,645,547,816.0
172.0,647,7071,819.0
173.0,649,5852,822.0
173.0,737,4610,910.0
173.0,738,7019,911.0
174.0,740,7080,914.0
174.0,739,4753,913.0
175.0,737,5276,912.0
175.0,1101,6390,1276.0
176.0,1332,8497,1508.0
176.0,1157,4008,1333.0
177.0,1154,579,1331.0
177.0,1244,4801,1421.0
178.0,1303,5528,1481.0
178.0,1333,5771,1511.0
179.0,1330,4168,1509.0
179.0,1333,3795,1512.0
179.0,1411,5446,1590.0
180.0,1409,7060,1589.0
180.0,1405,5305,1585.0
181.0,1408,7108,1589.0
181.0,1409,5228,1590.0
187.0,1457,2592,1644.0
191.0,1435,2584,1626.0
362.0,454,49,816.0
368.0,452,49,820.0
393.0,428,35,821.0
819.0,30,43,849.0
913.0,418,43,1331.0
138.0,656,1741,794.0
139.0,187,1439,326.0
141.0,653,4410,794.0
143.0,184,4041,327.0
145.0,179,57,324.0
150.0,175,2884,325.0
151.0,644,9335,795.0
155.0,637,58,792.0
155.0,639,2419,794.0
159.0,632,8529,791.0
159.0,633,2011,792.0
161.0,1045,8801,1206.0
169.0,1097,64,1266.0
180.0,1084,547,1264.0
181.0,1189,7071,1370.0
181.0,1185,5852,1366.0
182.0,1187,4610,1369.0
182.0,1185,7019,1367.0
183.0,1184,7080,1367.0
183.0,1185,4753,1368.0
184.0,1263,5276,1447.0
184.0,1262,6390,1446.0
184.0,1256,8497,1440.0
185.0,1251,4008,1436.0
185.0,1199,579,1384.0
186.0,1262,4801,1448.0
186.0,1263,5528,1449.0
187.0,1293,5771,1480.0
188.0,1294,4168,1482.0
188.0,1301,3795,1489.0
189.0,1302,5446,1491.0
189.0,1303,7060,1492.0
189.0,1302,5305,1491.0
190.0,1360,7108,1550.0
190.0,1349,5228,1539.0
196.0,1381,2592,1577.0
201.0,1347,2584,1548.0
347.0,439,49,786.0
352.0,446,49,798.0
1078.0,185,43,1263.0
1122.0,143,35,1265.0
1201.0,62,43,1263.0
144.0,195,1741,339.0
145.0,200,1439,345.0
148.0,193,4410,341.0
150.0,197,4041,347.0
151.0,192,57,343.0
155.0,190,2884,345.0
156.0,182,9335,338.0
159.0,187,58,346.0
160.0,254,2419,414.0
165.0,255,8529,420.0
165.0,251,2011,416.0
167.0,246,8801,413.0
178.0,301,64,479.0
190.0,290,547,480.0
191.0,1113,7071,1304.0
191.0,1115,5852,1306.0
192.0,1113,4610,1305.0
193.0,1110,7019,1303.0
193.0,1112,7080,1305.0
194.0,1112,4753,1306.0
194.0,1328,5276,1522.0
194.0,1333,6390,1527.0
195.0,1329,8497,1524.0
195.0,1337,4008,1532.0
196.0,1330,579,1526.0
196.0,1335,4801,1531.0
197.0,1474,5528,1671.0
197.0,1475,5771,1672.0
198.0,1474,4168,1672.0
198.0,1475,3795,1673.0
199.0,1474,5446,1673.0
199.0,1475,7060,1674.0
200.0,1530,5305,1730.0
200.0,1539,7108,1739.0
200.0,1528,5228,1728.0
206.0,1564,2592,1770.0
210.0,1533,2584,1743.0
373.0,495,49,868.0
378.0,487,49,865.0
402.0,80,35,482.0
448.0,417,43,865.0
1307.0,217,43,1524.0
261.0,193,1741,454.0
263.0,196,1439,459.0
266.0,193,4410,459.0
267.0,192,4041,459.0
269.0,188,57,457.0
273.0,182,2884,455.0
273.0,187,9335,460.0
277.0,183,58,460.0
278.0,239,2419,517.0
282.0,236,8529,518.0
282.0,241,2011,523.0
284.0,237,8801,521.0
293.0,624,64,917.0
304.0,673,547,977.0
305.0,709,7071,1014.0
305.0,708,3867,1013.0
305.0,709,4610,1014.0
306.0,712,7019,1018.0
306.0,771,7080,1077.0
307.0,772,4753,1079.0
307.0,1220,5276,1527.0
308.0,1219,6390,1527.0
308.0,1216,8497,1524.0
309.0,1217,4008,1526.0
309.0,1213,579,1522.0
310.0,1213,4801,1523.0
310.0,1586,5528,1896.0
311.0,1590,5771,1901.0
311.0,1586,4168,1897.0
312.0,1587,3795,1899.0
312.0,1587,5446,1899.0
313.0,1585,7060,1898.0
313.0,1689,5305,2002.0
314.0,1685,7108,1999.0
314.0,1684,5228,1998.0
319.0,1742,2592,2061.0
323.0,1757,2584,2080.0
511.0,398,35,909.0
917.0,93,43,1010.0
1016.0,510,43,1526.0
1095.0,803,49,1898.0
1100.0,899,49,1999.0
867.0,194,1741,1061.0
869.0,195,1439,1064.0
871.0,188,4410,1059.0
873.0,190,4041,1063.0
874.0,186,57,1060.0
878.0,178,2884,1056.0
878.0,187,9335,1065.0
882.0,176,58,1058.0
882.0,237,2419,1119.0
887.0,230,8529,1117.0
888.0,231,2011,1119.0
889.0,235,8801,1124.0
897.0,678,64,1575.0
908.0,664,547,1572.0
909.0,1254,7071,2163.0
910.0,1256,3915,2166.0
910.0,1251,4610,2161.0
910.0,1255,7019,2165.0
911.0,1251,7080,2162.0
911.0,1251,4753,2162.0
912.0,1504,5276,2416.0
912.0,1510,6390,2422.0
913.0,1502,8497,2415.0
913.0,1500,4008,2413.0
914.0,1503,579,2417.0
914.0,1559,4801,2473.0
915.0,1618,5528,2533.0
915.0,1618,5771,2533.0
916.0,1612,4168,2528.0
916.0,1607,3795,2523.0
917.0,1610,5446,2527.0
917.0,1654,7060,2571.0
918.0,1651,5305,2569.0
918.0,1652,7108,2570.0
918.0,1661,5228,2579.0
924.0,1686,2828,2610.0
928.0,1665,2584,2593.0
1084.0,1081,49,2165.0
1089.0,1071,49,2160.0
1110.0,495,35,1605.0
1607.0,584,43,2191.0
2192.0,280,43,2472.0
781.0,191,1741,972.0
782.0,191,1439,973.0
784.0,192,4410,976.0
786.0,186,4041,972.0
788.0,187,57,975.0
792.0,177,2884,969.0
792.0,178,9335,970.0
796.0,179,58,975.0
796.0,194,2419,990.0
801.0,268,8529,1069.0
802.0,194,2011,996.0
803.0,191,8801,994.0
806.0,261,2828,1067.0
811.0,285,64,1096.0
822.0,278,547,1100.0
823.0,318,7071,1141.0
823.0,316,5318,1139.0
824.0,893,4610,1717.0
824.0,899,7019,1723.0
824.0,901,7080,1725.0
825.0,901,4753,1726.0
825.0,898,5276,1723.0
826.0,992,6390,1818.0
826.0,990,8497,1816.0
827.0,990,4008,1817.0
827.0,925,579,1752.0
828.0,987,4801,1815.0
828.0,1465,5528,2293.0
829.0,1462,5771,2291.0
829.0,1524,4168,2353.0
830.0,1522,3795,2352.0
830.0,1518,5446,2348.0
830.0,1518,7060,2348.0
831.0,1520,5305,2351.0
831.0,1675,7108,2506.0
832.0,1669,5228,2501.0
841.0,1763,2584,2604.0
1047.0,93,35,1140.0
1053.0,1236,49,2289.0
1059.0,1230,49,2289.0
1724.0,28,43,1752.0
2293.0,101,43,2394.0
148.0,188,1741,336.0
149.0,187,1439,336.0
151.0,189,4410,340.0
153.0,185,4041,338.0
154.0,179,57,333.0
158.0,184,2884,342.0
158.0,176,9335,334.0
162.0,171,58,333.0
163.0,248,2419,411.0
167.0,235,8529,402.0
167.0,177,2011,344.0
169.0,241,8801,410.0
172.0,309,2828,481.0
177.0,296,64,473.0
188.0,883,547,1071.0
189.0,882,7071,1071.0
189.0,1406,5783,1595.0
190.0,1406,4610,1596.0
190.0,1404,7019,1594.0
190.0,1562,7080,1752.0
191.0,1560,4753,1751.0
192.0,1556,5276,1748.0
192.0,1557,6390,1749.0
192.0,1509,8497,1701.0
193.0,1586,4008,1779.0
193.0,1602,579,1795.0
194.0,1657,4801,1851.0
194.0,1656,5528,1850.0
195.0,1657,5771,1852.0
195.0,1652,4168,1847.0
196.0,1653,3795,1849.0
196.0,1792,5446,1988.0
197.0,1792,7060,1989.0
197.0,1789,5305,1986.0
197.0,1788,7108,1985.0
198.0,1790,5228,1988.0
207.0,1804,2584,2011.0
366.0,707,49,1073.0
371.0,695,49,1066.0
392.0,674,35,1066.0
1066.0,655,43,1721.0
1073.0,629,43,1702.0
172.0,190,1741,362.0
175.0,190,1439,365.0
177.0,194,4410,371.0
179.0,190,4041,369.0
180.0,184,57,364.0
184.0,183,2884,367.0
185.0,179,9335,364.0
188.0,174,58,362.0
189.0,260,2419,449.0
193.0,254,8529,447.0
194.0,260,2011,454.0
195.0,251,8801,446.0
199.0,865,2828,1064.0
203.0,313,64,516.0
214.0,298,547,512.0
215.0,854,7071,1069.0
215.0,847,5783,1062.0
216.0,845,4610,1061.0
216.0,1544,7019,1760.0
217.0,1587,7080,1804.0
217.0,1587,4753,1804.0
218.0,1585,5276,1803.0
218.0,1544,6390,1762.0
218.0,1587,8497,1805.0
219.0,1737,4008,1956.0
219.0,1733,579,1952.0
220.0,1738,4801,1958.0
220.0,1737,5528,1957.0
221.0,1734,5771,1955.0
221.0,1732,4168,1953.0
222.0,2814,3795,3036.0
222.0,2795,5446,3017.0
223.0,2794,7060,3017.0
223.0,2795,5305,3018.0
223.0,2804,7108,3027.0
224.0,2807,5228,3031.0
233.0,2809,2584,3042.0
404.0,668,49,1072.0
411.0,652,49,1063.0
433.0,78,35,511.0
1061.0,700,43,1761.0
1064.0,696,43,1760.0
129.0,197,1741,326.0
131.0,194,1439,325.0
133.0,196,4410,329.0
135.0,189,4041,324.0
136.0,188,57,324.0
140.0,188,2884,328.0
141.0,185,9335,326.0
144.0,206,58,350.0
144.0,207,2419,351.0
148.0,250,8529,398.0
149.0,202,2011,351.0
150.0,247,8801,397.0
153.0,246,2828,399.0
159.0,903,64,1062.0
171.0,880,547,1051.0
172.0,883,7071,1055.0
172.0,991,5783,1163.0
173.0,990,4610,1163.0
173.0,986,7019,1159.0
174.0,987,7080,1161.0
174.0,988,4753,1162.0
174.0,987,5276,1161.0
175.0,1541,6390,1716.0
175.0,1571,8497,1746.0
176.0,1577,4008,1753.0
176.0,1540,579,1716.0
177.0,1568,4801,1745.0
177.0,1634,5528,1811.0
178.0,1744,5771,1922.0
179.0,1745,4168,1924.0
179.0,1744,3795,1923.0
179.0,1745,5446,1924.0
180.0,1742,7060,1922.0
180.0,1795,5305,1975.0
181.0,1796,7108,1977.0
181.0,1795,5228,1976.0
191.0,1800,2584,1991.0
388.0,676,35,1064.0
1063.0,94,43,1157.0
1063.0,94,43,1157.0
1188.0,735,49,1923.0
1194.0,853,49,2047.0
1568.0,520,1741,2088.0
1570.0,511,1439,2081.0
1572.0,512,4410,2084.0
1574.0,506,4688,2080.0
1575.0,504,4041,2079.0
1576.0,504,57,2080.0
1580.0,501,2884,2081.0
1580.0,507,9335,2087.0
1583.0,503,58,2086.0
1584.0,502,2419,2086.0
1588.0,628,8529,2216.0
1589.0,626,2011,2215.0
1591.0,617,8801,2208.0
1594.0,623,2828,2217.0
1600.0,656,64,2256.0
1611.0,638,547,2249.0
1613.0,739,7071,2352.0
1614.0,807,5783,2421.0
1615.0,808,4610,2423.0
1615.0,808,7019,2423.0
1615.0,810,7080,2425.0
1616.0,809,4753,2425.0
1616.0,807,5276,2423.0
1617.0,1393,6390,3010.0
1617.0,1394,8497,3011.0
1618.0,1393,4008,3011.0
1618.0,1290,579,2908.0
1619.0,1390,4801,3009.0
1619.0,1393,5528,3012.0
1620.0,1808,5771,3428.0
1620.0,1806,4168,3426.0
1620.0,1804,3795,3424.0
1621.0,1805,5446,3426.0
1621.0,1804,7060,3425.0
1622.0,1880,5305,3502.0
1622.0,1878,7108,3500.0
1623.0,1884,5228,3507.0
1632.0,1966,2584,3598.0
2083.0,138,43,2221.0
2169.0,739,49,2908.0
2175.0,731,49,2906.0
2200.0,155,35,2355.0
3008.0,416,43,3424.0
125.0,93,1741,218.0
127.0,112,1439,239.0
129.0,104,4410,233.0
130.0,102,4688,232.0
131.0,106,4041,237.0
132.0,106,57,238.0
136.0,103,2884,239.0
137.0,228,9335,365.0
140.0,224,58,364.0
140.0,222,2419,362.0
145.0,299,8529,444.0
146.0,222,2011,368.0
147.0,296,8801,443.0
151.0,288,2828,439.0
155.0,332,64,487.0
166.0,1001,547,1167.0
167.0,1004,7071,1171.0
167.0,1002,5783,1169.0
168.0,1092,4610,1260.0
168.0,1094,7019,1262.0
169.0,1095,7080,1264.0
169.0,1092,4753,1261.0
170.0,1094,5276,1264.0
170.0,1659,6390,1829.0
170.0,1711,8497,1881.0
171.0,1716,4008,1887.0
172.0,1714,579,1886.0
172.0,1712,4801,1884.0
173.0,1715,5528,1888.0
173.0,1755,5771,1928.0
174.0,1812,4168,1986.0
174.0,1813,3795,1987.0
174.0,1755,5446,1929.0
175.0,1810,7060,1985.0
175.0,1813,5305,1988.0
176.0,1811,7108,1987.0
176.0,1941,5228,2117.0
185.0,1972,2584,2157.0
272.0,885,49,1157.0
377.0,791,49,1168.0
436.0,733,35,1169.0
1157.0,37,43,1194.0
1158.0,35,43,1193.0
157.0,205,1741,362.0
159.0,202,1439,361.0
163.0,197,4410,360.0
164.0,193,4688,357.0
165.0,198,4041,363.0
167.0,199,57,366.0
171.0,188,2884,359.0
171.0,193,9335,364.0
175.0,184,58,359.0
175.0,271,2419,446.0
179.0,263,8529,442.0
180.0,266,2011,446.0
181.0,260,8801,441.0
185.0,334,2828,519.0
190.0,326,64,516.0
201.0,317,547,518.0
201.0,1041,7071,1242.0
202.0,1039,5783,1241.0
202.0,1038,4610,1240.0
203.0,1036,7019,1239.0
203.0,1029,7080,1232.0
204.0,1030,4753,1234.0
204.0,1671,5276,1875.0
205.0,1613,6390,1818.0
205.0,1609,8497,1814.0
205.0,1611,4008,1816.0
206.0,1609,579,1815.0
206.0,1643,4801,1849.0
207.0,1756,5528,1963.0
207.0,1758,5771,1965.0
208.0,1754,4168,1962.0
208.0,1752,3795,1960.0
209.0,1756,5446,1965.0
209.0,1752,7060,1961.0
210.0,1923,5305,2133.0
210.0,1924,7108,2134.0
210.0,1922,5228,2132.0
220.0,1932,2584,2152.0
399.0,1505,49,1904.0
405.0,1499,49,1904.0
429.0,87,35,516.0
1232.0,645,43,1877.0
1239.0,578,43,1817.0
778.0,211,1741,989.0
782.0,209,1439,991.0
783.0,214,4410,997.0
785.0,202,4688,987.0
786.0,211,4041,997.0
788.0,205,57,993.0
791.0,200,2884,991.0
792.0,200,9335,992.0
795.0,200,58,995.0
796.0,205,2419,1001.0
801.0,200,8529,1001.0
801.0,265,2011,1066.0
803.0,269,8801,1072.0
806.0,306,2828,1112.0
811.0,300,64,1111.0
822.0,291,547,1113.0
823.0,1034,7071,1857.0
823.0,1033,5783,1856.0
824.0,1022,4610,1846.0
824.0,1023,7019,1847.0
825.0,1031,7080,1856.0
825.0,1029,4753,1854.0
826.0,1123,5276,1949.0
826.0,1123,8497,1949.0
826.0,1120,5814,1946.0
827.0,1119,5945,1946.0
828.0,1056,579,1884.0
828.0,1117,4801,1945.0
829.0,1651,5528,2480.0
829.0,2101,5771,2930.0
829.0,2099,4168,2928.0
831.0,2101,3795,2932.0
831.0,2101,5446,2932.0
832.0,2099,7060,2931.0
832.0,2101,5305,2933.0
833.0,2611,7108,3444.0
833.0,2611,5228,3444.0
843.0,2601,2584,3444.0
1049.0,104,35,1153.0
1056.0,792,49,1848.0
1062.0,792,49,1854.0
1858.0,93,43,1951.0
1950.0,984,43,2934.0
158.0,206,1741,364.0
161.0,201,1439,362.0
163.0,205,4410,368.0
164.0,194,4688,358.0
165.0,194,4041,359.0
167.0,196,57,363.0
170.0,194,2884,364.0
171.0,190,9335,361.0
174.0,186,58,360.0
175.0,194,2419,369.0
179.0,258,8529,437.0
179.0,255,2011,434.0
181.0,252,8801,433.0
185.0,271,64,456.0
197.0,260,547,457.0
198.0,310,7071,508.0
198.0,306,5783,504.0
199.0,307,4610,506.0
199.0,309,7019,508.0
200.0,307,7080,507.0
200.0,1019,4753,1219.0
201.0,1017,5276,1218.0
201.0,1014,8497,1215.0
202.0,1013,5814,1215.0
202.0,1017,5945,1219.0
202.0,1045,579,1247.0
203.0,1114,4801,1317.0
204.0,1114,5528,1318.0
204.0,1115,5771,1319.0
205.0,1114,4168,1319.0
205.0,1712,3795,1917.0
206.0,1713,5446,1919.0
206.0,2167,7060,2373.0
207.0,2164,5305,2371.0
207.0,2164,7108,2371.0
208.0,2165,5228,2373.0
210.0,2165,2828,2375.0
221.0,2191,2584,2412.0
422.0,83,35,505.0
1215.0,33,43,1248.0
1218.0,62,43,1280.0
1928.0,452,49,2380.0
1932.0,1008,49,2940.0
142.0,93,1741,235.0
144.0,91,1439,235.0
146.0,88,4410,234.0
148.0,95,4688,243.0
149.0,83,4041,232.0
150.0,86,57,236.0
154.0,88,2884,242.0
155.0,229,9335,384.0
158.0,227,58,385.0
159.0,235,2419,394.0
165.0,224,8529,389.0
166.0,227,2011,393.0
167.0,289,8801,456.0
171.0,305,64,476.0
183.0,341,547,524.0
183.0,903,7071,1086.0
184.0,340,5783,524.0
185.0,338,4610,523.0
185.0,910,7019,1095.0
186.0,899,7080,1085.0
186.0,903,4753,1089.0
187.0,910,5276,1097.0
187.0,898,8497,1085.0
187.0,998,5814,1185.0
188.0,994,5945,1182.0
188.0,969,579,1157.0
189.0,995,4801,1184.0
190.0,993,5528,1183.0
190.0,1755,5771,1945.0
191.0,1755,4168,1946.0
191.0,1810,3795,2001.0
192.0,1882,5446,2074.0
192.0,1810,7060,2002.0
193.0,1814,5305,2007.0
193.0,1810,7108,2003.0
194.0,1811,5228,2005.0
196.0,1880,2828,2076.0
208.0,1910,2584,2118.0
276.0,813,49,1089.0
403.0,684,49,1087.0
429.0,96,35,525.0
1087.0,28,43,1115.0
1088.0,95,43,1183.0
150.0,217,1741,367.0
152.0,208,1439,360.0
153.0,214,4410,367.0
155.0,205,4688,360.0
156.0,203,4041,359.0
157.0,202,57,359.0
161.0,200,2884,361.0
161.0,203,9335,364.0
165.0,204,58,369.0
165.0,205,2419,370.0
171.0,262,8529,433.0
172.0,199,2011,371.0
174.0,202,8801,376.0
178.0,287,64,465.0
189.0,277,547,466.0
190.0,1193,7071,1383.0
191.0,1198,5783,1389.0
191.0,1194,4610,1385.0
192.0,1185,7019,1377.0
192.0,1191,7080,1383.0
193.0,1194,4753,1387.0
193.0,1287,5276,1480.0
193.0,1285,8497,1478.0
194.0,1286,5814,1480.0
194.0,1287,5945,1481.0
195.0,1217,579,1412.0
195.0,1958,3567,2153.0
196.0,1954,4801,2150.0
196.0,2042,5528,2238.0
197.0,2040,5771,2237.0
197.0,2042,4168,2239.0
198.0,2042,3795,2240.0
198.0,2037,5446,2235.0
198.0,2038,7060,2236.0
199.0,2097,5305,2296.0
199.0,2198,7108,2397.0
202.0,2095,2828,2297.0
212.0,2310,2584,2522.0
394.0,988,49,1382.0
400.0,984,49,1384.0
427.0,84,35,511.0
509.0,877,43,1386.0
1388.0,26,43,1414.0
124.0,136,1741,260.0
126.0,161,1439,287.0
128.0,138,4410,266.0
130.0,136,4688,266.0
131.0,130,4041,261.0
132.0,158,57,290.0
135.0,154,2884,289.0
136.0,152,9335,288.0
139.0,161,58,300.0
140.0,159,2419,299.0
144.0,161,8529,305.0
145.0,348,8801,493.0
148.0,166,2011,314.0
150.0,173,64,323.0
161.0,163,547,324.0
161.0,335,7071,496.0
162.0,327,5719,489.0
162.0,328,4610,490.0
163.0,325,7019,488.0
163.0,327,7080,490.0
164.0,385,4753,549.0
164.0,384,5276,548.0
164.0,387,8497,551.0
165.0,385,5814,550.0
165.0,385,5945,550.0
166.0,386,579,552.0
166.0,1213,3567,1379.0
167.0,1223,4801,1390.0
167.0,1222,5528,1389.0
168.0,1220,5771,1388.0
168.0,2394,4168,2562.0
169.0,2392,3795,2561.0
169.0,2364,5446,2533.0
170.0,2362,7060,2532.0
170.0,2392,5305,2562.0
171.0,2454,7108,2625.0
173.0,2453,2828,2626.0
184.0,2498,2584,2682.0
279.0,1100,49,1379.0
344.0,1045,49,1389.0
459.0,94,35,553.0
1387.0,1173,43,2560.0
2561.0,70,43,2631.0
784.0,220,1741,1004.0
785.0,219,1439,1004.0
789.0,212,4410,1001.0
791.0,215,4688,1006.0
792.0,215,4041,1007.0
793.0,209,57,1002.0
797.0,208,2884,1005.0
797.0,206,9335,1003.0
801.0,207,58,1008.0
801.0,288,2419,1089.0
806.0,281,8529,1087.0
808.0,285,8801,1093.0
811.0,1417,2011,2228.0
812.0,1426,64,2238.0
823.0,1417,547,2240.0
824.0,1413,7071,2237.0
825.0,2049,5719,2874.0
825.0,2051,4610,2876.0
826.0,2102,7019,2928.0
827.0,2102,7080,2929.0
827.0,2045,4753,2872.0
828.0,2047,5276,2875.0
828.0,2172,8497,3000.0
828.0,2171,5814,2999.0
829.0,2167,5945,2996.0
829.0,2169,579,2998.0
830.0,2165,3567,2995.0
831.0,2277,4801,3108.0
831.0,2275,5528,3106.0
831.0,2272,5771,3103.0
832.0,2276,4168,3108.0
832.0,2273,3795,3105.0
833.0,2273,5446,3106.0
833.0,2414,7060,3247.0
834.0,2417,5305,3251.0
834.0,2412,7108,3246.0
837.0,2411,2828,3248.0
847.0,2428,2584,3275.0
1047.0,1190,49,2237.0
1053.0,1190,49,2243.0
1077.0,1164,35,2241.0
2239.0,635,43,2874.0
2872.0,125,43,2997.0
132.0,226,1741,358.0
134.0,220,1439,354.0
136.0,220,4410,356.0
138.0,221,4688,359.0
139.0,221,4041,360.0
140.0,223,57,363.0
143.0,212,2884,355.0
144.0,220,9335,364.0
148.0,217,58,365.0
148.0,218,2419,366.0
152.0,272,8529,424.0
154.0,348,8801,502.0
157.0,275,2011,432.0
158.0,291,64,449.0
170.0,284,547,454.0
171.0,328,7071,499.0
171.0,333,5719,504.0
172.0,331,4610,503.0
172.0,1427,7019,1599.0
173.0,1428,7080,1601.0
174.0,1429,4753,1603.0
174.0,1429,5276,1603.0
175.0,1418,8497,1593.0
175.0,1427,5814,1602.0
176.0,1522,5945,1698.0
176.0,1483,579,1659.0
177.0,1522,3567,1699.0
177.0,1519,4801,1696.0
178.0,1518,5528,1696.0
178.0,1576,5771,1754.0
179.0,1573,4168,1752.0
179.0,2435,3795,2614.0
179.0,2431,5446,2610.0
180.0,2431,7060,2611.0
180.0,2539,5305,2719.0
181.0,2538,7108,2719.0
183.0,2534,2828,2717.0
191.0,2627,9863,2818.0
194.0,2706,2584,2900.0
419.0,85,35,504.0
502.0,1098,43,1600.0
1599.0,59,43,1658.0
1735.0,877,49,2612.0
1743.0,1081,49,2824.0
778.0,211,1741,989.0
780.0,129,1439,909.0
782.0,123,4410,905.0
784.0,128,4688,912.0
785.0,126,4041,911.0
786.0,123,57,909.0
789.0,200,2884,989.0
790.0,199,9335,989.0
793.0,117,58,910.0
794.0,264,2419,1058.0
798.0,254,8529,1052.0
800.0,256,8801,1056.0
803.0,294,2011,1097.0
805.0,294,64,1099.0
816.0,288,547,1104.0
816.0,288,7071,1104.0
817.0,351,6446,1168.0
817.0,349,4610,1166.0
818.0,349,7019,1167.0
818.0,350,7080,1168.0
819.0,351,4753,1170.0
819.0,1262,5276,2081.0
820.0,1263,8497,2083.0
820.0,1254,5814,2074.0
821.0,1263,5945,2084.0
821.0,1265,579,2086.0
822.0,1360,3567,2182.0
822.0,1361,4801,2183.0
823.0,1357,5528,2180.0
823.0,1361,5771,2184.0
824.0,1359,4168,2183.0
824.0,2040,3795,2864.0
824.0,2133,5446,2957.0
825.0,2095,7060,2920.0
825.0,2131,5305,2956.0
826.0,2094,7108,2920.0
828.0,2093,2828,2921.0
837.0,2322,9863,3159.0
840.0,3116,2584,3956.0
1037.0,89,35,1126.0
1043.0,1039,49,2082.0
1049.0,1031,49,2080.0
2080.0,72,43,2152.0
2180.0,1777,43,3957.0
792.0,206,1741,998.0
794.0,209,1439,1003.0
796.0,210,4410,1006.0
798.0,211,4688,1009.0
799.0,207,4041,1006.0
800.0,203,57,1003.0
803.0,205,2884,1008.0
804.0,195,9335,999.0
807.0,197,58,1004.0
808.0,271,2419,1079.0
812.0,268,8529,1080.0
814.0,339,8801,1153.0
817.0,337,2011,1154.0
818.0,332,64,1150.0
829.0,324,547,1153.0
830.0,1352,7071,2182.0
830.0,1355,6446,2185.0
831.0,1352,4610,2183.0
831.0,1344,7019,2175.0
832.0,1354,7080,2186.0
832.0,2079,4753,2911.0
833.0,2099,5276,2932.0
833.0,2042,8497,2875.0
833.0,2099,5814,2932.0
834.0,2099,5945,2933.0
834.0,2165,579,2999.0
835.0,2204,3567,3039.0
835.0,2205,4801,3040.0
836.0,2203,5528,3039.0
836.0,2200,5771,3036.0
837.0,2275,4168,3112.0
837.0,2273,3795,3110.0
838.0,2427,5446,3265.0
838.0,2425,7060,3263.0
839.0,2427,5305,3266.0
839.0,2426,7108,3265.0
842.0,2421,2828,3263.0
850.0,2441,9863,3291.0
853.0,2448,2584,3301.0
1038.0,1138,49,2176.0
1044.0,1140,49,2184.0
1068.0,89,35,1157.0
2186.0,745,43,2931.0
2875.0,125,43,3000.0
122.0,314,1741,436.0
124.0,305,1439,429.0
126.0,312,4410,438.0
128.0,303,4688,431.0
130.0,305,4041,435.0
131.0,306,57,437.0
135.0,301,2884,436.0
136.0,300,9335,436.0
139.0,331,58,470.0
140.0,329,2419,469.0
144.0,1154,8529,1298.0
146.0,345,8801,491.0
149.0,1139,2011,1288.0
150.0,1175,64,1325.0
162.0,1157,547,1319.0
162.0,1247,7071,1409.0
163.0,1242,6446,1405.0
163.0,1245,4610,1408.0
164.0,1243,7019,1407.0
164.0,1240,7080,1404.0
165.0,1301,4753,1466.0
165.0,1397,5276,1562.0
166.0,1369,8497,1535.0
166.0,1367,5814,1533.0
167.0,1396,5945,1563.0
168.0,1358,579,1526.0
169.0,1365,3567,1534.0
170.0,1454,4801,1624.0
170.0,1452,5528,1622.0
171.0,1451,5771,1622.0
171.0,1523,4168,1694.0
172.0,1453,3795,1625.0
172.0,1522,5446,1694.0
173.0,1520,7060,1693.0
173.0,1522,5305,1695.0
173.0,1523,7108,1696.0
176.0,1575,2828,1751.0
184.0,2758,9863,2942.0
187.0,1570,2584,1757.0
448.0,840,49,1288.0
453.0,835,49,1288.0
593.0,813,35,1406.0
1297.0,62,43,1359.0
1564.0,62,43,1626.0
145.0,138,1741,283.0
147.0,136,1439,283.0
149.0,137,4410,286.0
151.0,134,4688,285.0
151.0,130,4041,281.0
153.0,129,57,282.0
156.0,126,2884,282.0
157.0,213,9335,370.0
160.0,210,58,370.0
161.0,274,2419,435.0
165.0,270,8529,435.0
167.0,343,8801,510.0
170.0,341,2011,511.0
171.0,343,64,514.0
182.0,337,547,519.0
183.0,1531,7071,1714.0
184.0,1527,6446,1711.0
184.0,1529,4610,1713.0
185.0,2271,7019,2456.0
185.0,2272,7080,2457.0
186.0,2339,4753,2525.0
186.0,2372,5276,2558.0
187.0,2370,8497,2557.0
187.0,2336,5814,2523.0
187.0,2370,5945,2557.0
188.0,2402,579,2590.0
189.0,2499,3567,2688.0
189.0,2496,4801,2685.0
190.0,2497,5528,2687.0
190.0,2495,5771,2685.0
190.0,2493,4168,2683.0
191.0,2492,3795,2683.0
191.0,2595,5446,2786.0
192.0,2594,7060,2786.0
192.0,2593,5305,2785.0
193.0,2595,7108,2788.0
195.0,2596,2828,2791.0
203.0,2657,9863,2860.0
206.0,2662,2584,2868.0
390.0,1321,49,1711.0
396.0,1320,49,1716.0
502.0,1207,35,1709.0
1709.0,750,43,2459.0
1712.0,874,43,2586.0
812.0,219,1741,1031.0
814.0,222,1439,1036.0
816.0,220,4410,1036.0
818.0,215,4688,1033.0
818.0,211,4041,1029.0
820.0,217,57,1037.0
823.0,210,2884,1033.0
824.0,211,9335,1035.0
827.0,205,58,1032.0
828.0,273,2419,1101.0
832.0,263,8801,1095.0
835.0,264,2011,1099.0
836.0,283,64,1119.0
848.0,271,547,1119.0
849.0,349,7071,1198.0
849.0,345,6446,1194.0
849.0,346,4610,1195.0
850.0,348,7019,1198.0
850.0,346,7080,1196.0
851.0,348,4753,1199.0
851.0,1553,5276,2404.0
852.0,1551,8497,2403.0
852.0,1554,5814,2406.0
853.0,1552,5945,2405.0
853.0,1554,579,2407.0
854.0,1644,3567,2498.0
854.0,1644,4801,2498.0
855.0,1644,5528,2499.0
855.0,1641,5771,2496.0
855.0,1644,4168,2499.0
856.0,2422,3795,3278.0
856.0,2492,5446,3348.0
857.0,2494,7060,3351.0
857.0,2495,5305,3352.0
858.0,2495,7108,3353.0
860.0,2431,2828,3291.0
868.0,2651,9863,3519.0
871.0,2649,2584,3520.0
1089.0,108,35,1197.0
2406.0,26,43,2432.0
2501.0,849,43,3350.0
3303.0,324,49,3627.0
3309.0,355,49,3664.0
124.0,93,1741,217.0
126.0,91,1439,217.0
128.0,105,4410,233.0
129.0,111,4688,240.0
130.0,106,4041,236.0
131.0,103,57,234.0
135.0,161,2884,296.0
136.0,231,9335,367.0
139.0,230,58,369.0
140.0,230,2419,370.0
144.0,224,5941,368.0
145.0,288,8801,433.0
147.0,288,2011,435.0
149.0,305,64,454.0
160.0,338,547,498.0
161.0,337,7071,498.0
161.0,338,6446,499.0
162.0,343,4610,505.0
162.0,341,7019,503.0
163.0,1470,7080,1633.0
163.0,1459,4753,1622.0
163.0,1461,5276,1624.0
164.0,1462,8497,1626.0
164.0,1566,5814,1730.0
165.0,1568,5945,1733.0
165.0,1491,579,1656.0
166.0,1568,3567,1734.0
166.0,1565,4801,1731.0
167.0,1567,5528,1734.0
167.0,2443,5771,2610.0
168.0,2499,4168,2667.0
168.0,2500,3795,2668.0
169.0,2499,5446,2668.0
169.0,2502,7060,2671.0
169.0,2503,5305,2672.0
170.0,2500,7108,2670.0
172.0,2598,2828,2770.0
180.0,2590,9863,2770.0
183.0,2731,2584,2914.0
282.0,1352,49,1634.0
382.0,1242,49,1624.0
403.0,97,35,500.0
1625.0,65,43,1690.0
1634.0,56,43,1690.0
149.0,214,1741,363.0
155.0,256,1439,411.0
157.0,212,4410,369.0
158.0,210,4207,368.0
158.0,207,4041,365.0
159.0,205,4283,364.0
160.0,251,57,411.0
165.0,203,2884,368.0
165.0,201,9335,366.0
169.0,195,58,364.0
169.0,259,2419,428.0
174.0,301,5686,475.0
175.0,251,8801,426.0
178.0,306,2011,484.0
179.0,303,64,482.0
190.0,291,547,481.0
191.0,329,7071,520.0
192.0,1174,6446,1366.0
192.0,1169,4610,1361.0
192.0,1177,7019,1369.0
193.0,1178,7080,1371.0
193.0,1177,4753,1370.0
194.0,1272,5276,1466.0
194.0,1270,8497,1464.0
195.0,1268,5814,1463.0
195.0,1267,5945,1462.0
196.0,1239,579,1435.0
196.0,1271,3567,1467.0
197.0,2505,4801,2702.0
197.0,2562,5528,2759.0
198.0,2561,5771,2759.0
198.0,2559,4168,2757.0
198.0,2565,3795,2763.0
199.0,2562,5446,2761.0
199.0,2563,7060,2762.0
200.0,2655,5305,2855.0
200.0,2652,7108,2852.0
203.0,2651,2828,2854.0
210.0,2736,9863,2946.0
213.0,2843,2584,3056.0
399.0,962,49,1361.0
403.0,965,49,1368.0
467.0,902,35,1369.0
1366.0,99,43,1465.0
1368.0,54,43,1422.0
798.0,208,1741,1006.0
799.0,202,1439,1001.0
801.0,208,4410,1009.0
803.0,206,4207,1009.0
803.0,200,4041,1003.0
804.0,200,4283,1004.0
805.0,201,57,1006.0
809.0,199,2884,1008.0
810.0,195,9335,1005.0
813.0,187,58,1000.0
814.0,265,2419,1079.0
818.0,264,8801,1082.0
821.0,258,2011,1079.0
822.0,260,64,1082.0
834.0,292,547,1126.0
834.0,326,7071,1160.0
835.0,327,6446,1162.0
835.0,325,4610,1160.0
836.0,327,7019,1163.0
836.0,1594,7080,2430.0
837.0,1593,4753,2430.0
838.0,1583,5276,2421.0
838.0,1590,8497,2428.0
839.0,1589,5814,2428.0
839.0,1590,5945,2429.0
840.0,1683,579,2523.0
840.0,1687,3567,2527.0
841.0,1688,4801,2529.0
841.0,1684,5528,2525.0
842.0,1688,5771,2530.0
842.0,1684,4168,2526.0
843.0,2595,3795,3438.0
843.0,2567,5446,3410.0
843.0,2568,7060,3411.0
844.0,2566,5305,3410.0
844.0,2563,7108,3407.0
847.0,2597,2828,3444.0
854.0,2598,9863,3452.0
857.0,2708,2584,3565.0
1060.0,104,35,1164.0
1066.0,1355,49,2421.0
1071.0,1358,49,2429.0
2419.0,103,43,2522.0
2528.0,911,43,3439.0
124.0,140,1741,264.0
126.0,158,1439,284.0
128.0,144,4410,272.0
129.0,141,4207,270.0
129.0,154,4041,283.0
130.0,134,4283,264.0
131.0,150,57,281.0
135.0,138,2884,273.0
136.0,148,9335,284.0
139.0,161,58,300.0
140.0,171,2419,311.0
144.0,165,8801,309.0
147.0,165,2011,312.0
148.0,170,64,318.0
159.0,170,547,329.0
160.0,303,7071,463.0
160.0,301,6446,461.0
161.0,299,4610,460.0
161.0,300,7019,461.0
162.0,321,7080,483.0
162.0,321,4753,483.0
163.0,1296,5276,1459.0
163.0,1294,8497,1457.0
164.0,1284,5814,1448.0
164.0,1290,5945,1454.0
165.0,340,579,505.0
165.0,1291,3567,1456.0
166.0,1386,4801,1552.0
166.0,1383,5528,1549.0
167.0,1381,5771,1548.0
167.0,1385,4168,1552.0
168.0,1383,3795,1551.0
168.0,1385,5446,1553.0
169.0,2604,7060,2773.0
169.0,2604,5305,2773.0
170.0,2598,7108,2768.0
172.0,2600,2828,2772.0
179.0,2716,9863,2895.0
183.0,2714,2584,2897.0
293.0,1162,49,1455.0
343.0,1107,49,1450.0
453.0,1003,35,1456.0
1459.0,21,43,1480.0
1548.0,1223,43,2771.0
119.0,118,1741,237.0
121.0,123,1439,244.0
124.0,114,4410,238.0
125.0,115,4207,240.0
126.0,112,4041,238.0
127.0,119,4283,246.0
128.0,116,57,244.0
131.0,104,2884,235.0
132.0,113,9335,245.0
135.0,169,58,304.0
136.0,166,2419,302.0
143.0,310,6547,453.0
144.0,172,8801,316.0
147.0,170,2011,317.0
148.0,208,64,356.0
160.0,292,547,452.0
160.0,290,7071,450.0
161.0,289,6446,450.0
161.0,328,4610,489.0
162.0,369,7019,531.0
162.0,371,7080,533.0
163.0,369,4753,532.0
163.0,367,5276,530.0
164.0,369,8497,533.0
164.0,1275,5814,1439.0
164.0,1275,5945,1439.0
165.0,1275,579,1440.0
165.0,1268,3567,1433.0
166.0,1276,4801,1442.0
166.0,1370,5528,1536.0
167.0,1371,5771,1538.0
167.0,1372,4168,1539.0
168.0,1368,3795,1536.0
168.0,1371,5446,1539.0
169.0,1366,7060,1535.0
169.0,2698,5305,2867.0
170.0,2702,7108,2872.0
172.0,2698,2828,2870.0
179.0,2774,9863,2953.0
182.0,2812,2584,2994.0
350.0,182,35,532.0
1441.0,91,43,1532.0
1535.0,1334,43,2869.0
2932.0,250,49,3182.0
2938.0,327,49,3265.0
140.0,96,1741,236.0
142.0,95,1439,237.0
144.0,90,4410,234.0
145.0,81,4207,226.0
146.0,91,4041,237.0
147.0,79,4283,226.0
148.0,89,57,237.0
152.0,83,2884,235.0
153.0,156,9335,309.0
157.0,150,58,307.0
157.0,158,2419,315.0
162.0,229,8312,391.0
162.0,155,8801,317.0
165.0,223,2011,388.0
166.0,223,64,389.0
177.0,212,547,389.0
178.0,1257,7071,1435.0
178.0,1256,6493,1434.0
179.0,1265,4610,1444.0
179.0,1263,7019,1442.0
180.0,1254,7080,1434.0
180.0,1262,4753,1442.0
181.0,1385,5276,1566.0
181.0,1380,8497,1561.0
182.0,1382,5814,1564.0
182.0,1382,5945,1564.0
183.0,1347,579,1530.0
184.0,1379,3567,1563.0
186.0,1433,4801,1619.0
186.0,1499,5528,1685.0
187.0,1498,5771,1685.0
187.0,1500,4168,1687.0
187.0,1502,3795,1689.0
188.0,1501,5446,1689.0
188.0,1495,7060,1683.0
189.0,2911,5305,3100.0
189.0,1545,7108,1734.0
196.0,1543,9863,1739.0
199.0,1544,2828,1743.0
202.0,2898,2584,3100.0
296.0,1148,49,1444.0
303.0,1139,49,1442.0
384.0,98,35,482.0
1443.0,45,43,1488.0
1565.0,119,43,1684.0
143.0,156,1741,299.0
145.0,158,1439,303.0
147.0,155,4410,302.0
148.0,157,4207,305.0
149.0,151,4041,300.0
150.0,140,4283,290.0
151.0,140,57,291.0
155.0,150,2884,305.0
156.0,148,9335,304.0
159.0,147,58,306.0
160.0,147,2419,307.0
164.0,221,8312,385.0
164.0,147,8801,311.0
167.0,159,2011,326.0
168.0,156,64,324.0
180.0,198,547,378.0
180.0,313,7071,493.0
181.0,311,6493,492.0
181.0,312,5075,493.0
182.0,310,4610,492.0
182.0,339,7019,521.0
183.0,312,7080,495.0
183.0,1276,4753,1459.0
184.0,1274,8497,1458.0
184.0,1276,5814,1460.0
185.0,1272,5945,1457.0
185.0,334,579,519.0
186.0,1367,3567,1553.0
186.0,1368,4801,1554.0
187.0,1368,5528,1555.0
187.0,1370,5771,1557.0
188.0,1369,4168,1557.0
188.0,1488,3795,1676.0
189.0,1498,5446,1687.0
189.0,1525,7060,1714.0
189.0,1492,5305,1681.0
190.0,1483,7108,1673.0
196.0,1522,9863,1718.0
199.0,1586,2828,1785.0
203.0,1586,2584,1789.0
340.0,1344,49,1684.0
345.0,1327,49,1672.0
369.0,122,35,491.0
1458.0,25,43,1483.0
1555.0,122,43,1677.0
173.0,217,1741,390.0
176.0,207,1439,383.0
178.0,206,4410,384.0
179.0,211,4207,390.0
180.0,206,4041,386.0
181.0,206,4283,387.0
182.0,204,57,386.0
185.0,202,2884,387.0
186.0,202,9335,388.0
189.0,195,58,384.0
190.0,269,2419,459.0
194.0,263,8312,457.0
195.0,260,8801,455.0
198.0,260,2011,458.0
199.0,339,64,538.0
210.0,326,547,536.0
211.0,1195,7071,1406.0
212.0,1203,4552,1415.0
212.0,1203,5075,1415.0
213.0,1194,4610,1407.0
213.0,1192,7019,1405.0
213.0,1194,7080,1407.0
214.0,2616,4753,2830.0
214.0,2553,8497,2767.0
215.0,2614,5814,2829.0
215.0,2615,5945,2830.0
216.0,2552,579,2768.0
216.0,2753,3567,2969.0
217.0,2755,4801,2972.0
217.0,2723,5528,2940.0
218.0,2721,5771,2939.0
218.0,2756,4168,2974.0
218.0,2755,3795,2973.0
219.0,2838,5446,3057.0
219.0,2836,7060,3055.0
220.0,2835,5305,3055.0
220.0,2839,7108,3059.0
227.0,2932,9863,3159.0
230.0,2857,2828,3087.0
234.0,2858,2584,3092.0
439.0,100,35,539.0
445.0,964,49,1409.0
450.0,958,49,1408.0
1404.0,1428,43,2832.0
1415.0,1351,43,2766.0
888.0,223,1741,1111.0
890.0,219,1439,1109.0
892.0,216,4410,1108.0
893.0,209,4207,1102.0
894.0,210,4041,1104.0
895.0,215,4283,1110.0
896.0,215,57,1111.0
900.0,287,2884,1187.0
900.0,288,9335,1188.0
904.0,201,58,1105.0
904.0,296,2419,1200.0
909.0,1008,7198,1917.0
909.0,290,8801,1199.0
912.0,998,2011,1910.0
914.0,1060,64,1974.0
925.0,1190,547,2115.0
926.0,1123,7071,2049.0
927.0,1191,4552,2118.0
928.0,1192,5075,2120.0
928.0,1250,4662,2178.0
928.0,1254,4610,2182.0
929.0,1251,7019,2180.0
929.0,1247,7080,2176.0
930.0,1250,4753,2180.0
930.0,1247,8497,2177.0
931.0,1273,579,2204.0
931.0,1357,3567,2288.0
932.0,1355,4801,2287.0
932.0,1358,5528,2290.0
933.0,1355,5771,2288.0
933.0,2745,4168,3678.0
934.0,2745,3795,3679.0
934.0,2746,5446,3680.0
935.0,2747,7060,3682.0
935.0,2745,5305,3680.0
935.0,3732,7108,4667.0
937.0,3733,9384,4670.0
941.0,3745,9863,4686.0
945.0,3743,2828,4688.0
949.0,3840,2584,4789.0
1166.0,750,35,1916.0
1173.0,943,49,2116.0
1179.0,840,49,2019.0
1917.0,103,43,2020.0
2117.0,65,43,2182.0
171.0,216,1741,387.0
175.0,215,1439,390.0
177.0,208,4410,385.0
178.0,213,4207,391.0
179.0,215,4041,394.0
180.0,205,4283,385.0
181.0,211,57,392.0
184.0,203,2884,387.0
185.0,201,9335,386.0
188.0,195,58,383.0
189.0,206,2419,395.0
193.0,275,7198,468.0
194.0,274,8801,468.0
197.0,266,2011,463.0
198.0,345,64,543.0
210.0,332,547,542.0
210.0,334,7071,544.0
211.0,334,4552,545.0
212.0,2584,5075,2796.0
212.0,2585,4662,2797.0
213.0,2584,4610,2797.0
213.0,2581,7019,2794.0
214.0,2581,7080,2795.0
214.0,2518,4753,2732.0
215.0,2751,8497,2966.0
215.0,2724,579,2939.0
216.0,2751,3567,2967.0
216.0,2751,4801,2967.0
216.0,2752,5528,2968.0
217.0,2801,5771,3018.0
217.0,2802,4168,3019.0
218.0,2934,3795,3152.0
218.0,2931,5446,3149.0
219.0,2932,7060,3151.0
219.0,2930,5305,3149.0
220.0,2932,7108,3152.0
222.0,2968,9384,3190.0
226.0,2942,9863,3168.0
229.0,2986,2828,3215.0
233.0,2956,2584,3189.0
453.0,88,35,541.0
1382.0,1412,43,2794.0
1390.0,1407,43,2797.0
2831.0,320,49,3151.0
2837.0,390,49,3227.0
768.0,211,1741,979.0
770.0,211,1439,981.0
772.0,210,4410,982.0
774.0,205,4207,979.0
774.0,201,4041,975.0
775.0,205,4283,980.0
776.0,201,57,977.0
780.0,196,2884,976.0
781.0,195,9335,976.0
784.0,196,58,980.0
785.0,266,2419,1051.0
789.0,260,8801,1049.0
792.0,263,2011,1055.0
793.0,301,64,1094.0
805.0,291,547,1096.0
806.0,335,7071,1141.0
806.0,335,5789,1141.0
807.0,1692,5075,2499.0
807.0,1701,4662,2508.0
808.0,1693,4610,2501.0
808.0,1701,7019,2509.0
809.0,1698,7080,2507.0
809.0,1690,4753,2499.0
810.0,1797,8497,2607.0
810.0,1790,579,2600.0
811.0,1797,3567,2608.0
811.0,1794,4801,2605.0
812.0,1793,5528,2605.0
813.0,1791,5771,2604.0
813.0,2741,4168,3554.0
814.0,2707,3795,3521.0
814.0,2735,5446,3549.0
814.0,2704,7060,3518.0
815.0,2705,5305,3520.0
815.0,2735,7108,3550.0
817.0,2802,9384,3619.0
821.0,2793,9863,3614.0
825.0,2940,2828,3765.0
828.0,2947,2584,3775.0
1007.0,1491,49,2498.0
1012.0,1499,49,2511.0
1032.0,110,35,1142.0
2498.0,102,43,2600.0
2602.0,946,43,3548.0
842.0,210,1741,1052.0
844.0,207,1439,1051.0
846.0,204,4410,1050.0
847.0,202,4207,1049.0
848.0,204,4041,1052.0
849.0,204,4283,1053.0
850.0,195,57,1045.0
854.0,197,2884,1051.0
854.0,194,9335,1048.0
858.0,186,58,1044.0
858.0,261,2419,1119.0
862.0,259,8225,1121.0
863.0,263,8801,1126.0
866.0,275,2011,1141.0
867.0,278,64,1145.0
879.0,268,547,1147.0
879.0,1073,7071,1952.0
880.0,1171,5789,2051.0
881.0,1171,5075,2052.0
882.0,1167,4662,2049.0
882.0,1169,4610,2051.0
883.0,1167,7019,2050.0
883.0,1286,7080,2169.0
884.0,1289,4753,2173.0
884.0,1294,8497,2178.0
885.0,1230,579,2115.0
885.0,1285,3567,2170.0
886.0,1294,4801,2180.0
886.0,1333,5528,2219.0
887.0,2723,5771,3610.0
887.0,2721,4168,3608.0
887.0,2723,3795,3610.0
888.0,1331,5446,2219.0
888.0,2720,7060,3608.0
889.0,2718,5305,3607.0
889.0,2863,7108,3752.0
891.0,2862,9384,3753.0
895.0,2856,9863,3751.0
898.0,3574,2828,4472.0
902.0,3589,2584,4491.0
1089.0,862,49,1951.0
1095.0,855,49,1950.0
1115.0,839,35,1954.0
1961.0,95,43,2056.0
2055.0,112,43,2167.0
148.0,234,1741,382.0
153.0,222,1439,375.0
156.0,220,4410,376.0
157.0,216,4207,373.0
157.0,218,4041,375.0
158.0,220,4283,378.0
159.0,215,57,374.0
163.0,219,2884,382.0
164.0,215,9335,379.0
167.0,213,58,380.0
168.0,219,2419,387.0
172.0,295,8225,467.0
173.0,213,8801,386.0
176.0,215,2011,391.0
177.0,322,64,499.0
189.0,310,547,499.0
190.0,351,7071,541.0
190.0,353,5789,543.0
191.0,354,5075,545.0
192.0,352,4662,544.0
192.0,1300,4610,1492.0
193.0,1297,7019,1490.0
193.0,1298,7080,1491.0
194.0,1397,4753,1591.0
194.0,1394,8497,1588.0
194.0,1323,579,1517.0
195.0,1394,3567,1589.0
196.0,1396,4801,1592.0
196.0,1394,5528,1590.0
196.0,2805,5771,3001.0
197.0,2856,4168,3053.0
197.0,2861,3795,3058.0
198.0,2857,5446,3055.0
198.0,2861,7060,3059.0
199.0,2856,5305,3055.0
199.0,2947,7108,3146.0
201.0,2946,9384,3147.0
205.0,2952,9863,3157.0
208.0,3025,2828,3233.0
212.0,2955,2584,3167.0
427.0,1066,49,1493.0
434.0,1050,49,1484.0
460.0,83,35,543.0
1489.0,28,43,1517.0
1491.0,59,43,1550.0
191.0,224,1741,415.0
193.0,219,1439,412.0
195.0,224,4410,419.0
196.0,224,4207,420.0
197.0,214,4041,411.0
198.0,214,4283,412.0
199.0,213,57,412.0
203.0,217,2884,420.0
203.0,210,9335,413.0
207.0,210,58,417.0
208.0,307,2419,515.0
212.0,294,8225,506.0
213.0,301,8801,514.0
216.0,293,2011,509.0
217.0,1213,64,1430.0
229.0,1197,547,1426.0
229.0,1321,7071,1550.0
230.0,1255,5789,1485.0
231.0,1255,5075,1486.0
231.0,1321,4662,1552.0
232.0,1383,4610,1615.0
232.0,1389,7019,1621.0
233.0,1384,7080,1617.0
233.0,1382,4753,1615.0
233.0,1434,8497,1667.0
234.0,1419,579,1653.0
234.0,2938,3567,3172.0
235.0,2938,4801,3173.0
235.0,2936,5528,3171.0
236.0,1432,5771,1668.0
237.0,2938,4168,3175.0
237.0,2937,3795,3174.0
237.0,3072,5446,3309.0
240.0,3069,7060,3309.0
241.0,3070,5305,3311.0
241.0,3067,7108,3308.0
243.0,3069,9384,3312.0
247.0,3964,9863,4211.0
250.0,4413,2828,4663.0
254.0,4411,2584,4665.0
461.0,943,49,1404.0
467.0,1088,49,1555.0
493.0,894,35,1387.0
1403.0,82,43,1485.0
1488.0,135,43,1623.0
868.0,219,1741,1087.0
873.0,218,1439,1091.0
875.0,215,4410,1090.0
876.0,208,4207,1084.0
877.0,215,4041,1092.0
878.0,214,4283,1092.0
879.0,214,57,1093.0
883.0,203,2884,1086.0
883.0,206,9335,1089.0
888.0,200,58,1088.0
889.0,264,2419,1153.0
894.0,256,8225,1150.0
894.0,254,8801,1148.0
897.0,266,2011,1163.0
898.0,264,64,1162.0
910.0,255,547,1165.0
910.0,316,7587,1226.0
911.0,320,4627,1231.0
911.0,318,5789,1229.0
912.0,316,7071,1228.0
912.0,315,5075,1227.0
913.0,375,4662,1288.0
914.0,374,4610,1288.0
914.0,375,7019,1289.0
915.0,372,7080,1287.0
915.0,1984,579,2899.0
916.0,1983,3567,2899.0
916.0,1982,4801,2898.0
917.0,1980,5528,2897.0
917.0,1983,5771,2900.0
918.0,2060,4168,2978.0
918.0,2090,3795,3008.0
919.0,2093,5446,3012.0
919.0,2091,7060,3010.0
919.0,2090,5305,3009.0
920.0,2087,7108,3007.0
921.0,3336,9384,4257.0
926.0,3395,9863,4321.0
929.0,3400,2828,4329.0
933.0,3426,2584,4359.0
1146.0,18,43,1164.0
1206.0,83,35,1289.0
3010.0,1311,43,4321.0
4272.0,220,49,4492.0
4277.0,360,49,4637.0
120.0,131,1741,251.0
124.0,125,1439,249.0
126.0,123,4410,249.0
127.0,126,4207,253.0
128.0,125,4041,253.0
129.0,123,4283,252.0
130.0,121,57,251.0
134.0,116,2884,250.0
134.0,114,9335,248.0
138.0,289,58,427.0
138.0,117,2419,255.0
194.0,232,8225,426.0
200.0,266,8801,466.0
203.0,273,2011,476.0
205.0,1408,64,1613.0
216.0,1407,547,1623.0
217.0,3231,7587,3448.0
217.0,3230,4627,3447.0
218.0,1439,5789,1657.0
218.0,3271,7071,3489.0
219.0,3271,5075,3490.0
219.0,3289,7953,3508.0
220.0,3395,4662,3615.0
220.0,3398,4610,3618.0
220.0,3399,7019,3619.0
221.0,3395,7080,3616.0
221.0,3397,579,3618.0
222.0,3847,3567,4069.0
222.0,3845,4801,4067.0
223.0,3843,5528,4066.0
223.0,3840,5771,4063.0
224.0,3841,4168,4065.0
224.0,3844,3795,4068.0
225.0,3953,5446,4178.0
225.0,3948,7060,4173.0
226.0,3949,5305,4175.0
226.0,4004,7108,4230.0
228.0,4007,9384,4235.0
232.0,4034,9863,4266.0
235.0,4041,2828,4276.0
239.0,4092,2584,4331.0
330.0,1282,49,1612.0
432.0,1193,49,1625.0
513.0,2935,35,3448.0
1614.0,1875,43,3489.0
3488.0,134,43,3622.0
187.0,241,1741,428.0
189.0,245,1439,434.0
191.0,243,4410,434.0
193.0,243,4207,436.0
193.0,238,4041,431.0
194.0,235,4283,429.0
196.0,239,57,435.0
199.0,233,2884,432.0
200.0,225,9335,425.0
204.0,224,58,428.0
204.0,301,2419,505.0
209.0,296,6236,505.0
210.0,305,8801,515.0
213.0,294,2011,507.0
214.0,1612,64,1826.0
225.0,1600,547,1825.0
226.0,1597,7587,1823.0
226.0,1593,4627,1819.0
227.0,1597,5789,1824.0
227.0,1811,7071,2038.0
228.0,1710,5075,1938.0
228.0,1809,7953,2037.0
229.0,1812,4662,2041.0
229.0,1814,4610,2043.0
230.0,1779,7019,2009.0
230.0,3730,7080,3960.0
231.0,3725,579,3956.0
231.0,3727,3567,3958.0
232.0,3726,4801,3958.0
232.0,3727,5528,3959.0
233.0,3875,5771,4108.0
233.0,3873,4168,4106.0
234.0,3873,3795,4107.0
234.0,3870,5446,4104.0
235.0,3871,7060,4106.0
237.0,3964,5305,4201.0
237.0,3965,7108,4202.0
239.0,3964,9384,4203.0
244.0,3964,9863,4208.0
247.0,4866,2828,5113.0
251.0,4934,2584,5185.0
487.0,1335,35,1822.0
494.0,1333,49,1827.0
500.0,1324,49,1824.0
1820.0,115,43,1935.0
2039.0,1918,43,3957.0
822.0,215,1741,1037.0
824.0,221,1439,1045.0
826.0,212,4410,1038.0
828.0,214,4207,1042.0
828.0,212,4041,1040.0
829.0,212,4283,1041.0
830.0,208,57,1038.0
834.0,209,2884,1043.0
835.0,206,9335,1041.0
839.0,208,58,1047.0
840.0,271,2419,1111.0
844.0,266,4512,1110.0
844.0,262,8801,1106.0
849.0,202,2011,1051.0
850.0,328,64,1178.0
862.0,314,547,1176.0
862.0,314,7587,1176.0
863.0,315,4627,1178.0
863.0,312,8334,1175.0
864.0,411,7071,1275.0
864.0,411,5075,1275.0
865.0,412,7953,1277.0
865.0,413,4662,1278.0
865.0,409,4610,1274.0
866.0,407,7019,1273.0
866.0,2365,7080,3231.0
867.0,2367,579,3234.0
867.0,2365,3567,3232.0
868.0,2373,4801,3241.0
868.0,2362,5528,3230.0
869.0,3745,5771,4614.0
869.0,3780,4168,4649.0
870.0,3779,3795,4649.0
870.0,3781,5446,4651.0
871.0,3743,7060,4614.0
871.0,3781,5305,4652.0
871.0,3891,7108,4762.0
873.0,3882,9384,4755.0
878.0,3883,9863,4761.0
881.0,3913,2828,4794.0
885.0,3917,2584,4802.0
1136.0,2093,49,3229.0
1142.0,2089,49,3231.0
1171.0,106,35,1277.0
3239.0,29,43,3268.0
4650.0,108,43,4758.0
4679.0,75,1248,4754.0
4680.0,1889,473,6569.0
4681.0,1884,2828,6565.0
4682.0,1892,2889,6574.0
4682.0,1885,3203,6567.0
127.0,108,1741,235.0
129.0,113,1439,242.0
131.0,103,4410,234.0
132.0,104,4207,236.0
133.0,245,4378,378.0
134.0,108,57,242.0
138.0,103,2884,241.0
138.0,243,9335,381.0
142.0,238,58,380.0
142.0,240,2419,382.0
148.0,231,4512,379.0
149.0,240,8801,389.0
152.0,239,2011,391.0
153.0,239,64,392.0
164.0,232,547,396.0
165.0,305,7587,470.0
166.0,306,4627,472.0
166.0,303,8334,469.0
167.0,300,7071,467.0
167.0,356,5075,523.0
167.0,1734,7953,1901.0
168.0,1735,4662,1903.0
168.0,1733,4610,1901.0
169.0,1743,7019,1912.0
169.0,1730,7080,1899.0
170.0,1741,579,1911.0
170.0,1834,3567,2004.0
171.0,1837,4801,2008.0
171.0,1836,5528,2007.0
172.0,1833,5771,2005.0
172.0,1831,4168,2003.0
173.0,1890,3795,2063.0
173.0,1958,5446,2131.0
174.0,1960,7060,2134.0
174.0,1952,5305,2126.0
174.0,1958,7108,2132.0
176.0,1951,9384,2127.0
181.0,1995,9863,2176.0
184.0,1999,2828,2183.0
187.0,1997,2584,2184.0
428.0,1484,49,1912.0
434.0,1466,49,1900.0
462.0,61,35,523.0
1898.0,37,43,1935.0
2006.0,124,43,2130.0
168.0,277,1741,445.0
169.0,224,1439,393.0
171.0,223,4410,394.0
173.0,221,4207,394.0
174.0,221,4378,395.0
175.0,267,57,442.0
179.0,216,2884,395.0
180.0,262,9335,442.0
183.0,260,58,443.0
184.0,307,2419,491.0
188.0,309,5975,497.0
189.0,305,8801,494.0
192.0,300,2011,492.0
193.0,1530,64,1723.0
204.0,1509,547,1713.0
205.0,1519,7587,1724.0
205.0,1513,4627,1718.0
206.0,1519,8334,1725.0
206.0,1617,7071,1823.0
207.0,1613,5075,1820.0
207.0,1612,7953,1819.0
208.0,1615,4662,1823.0
208.0,1613,4610,1821.0
209.0,3740,7019,3949.0
209.0,3809,7080,4018.0
210.0,3809,579,4019.0
210.0,3806,3567,4016.0
211.0,3805,4801,4016.0
211.0,3806,5528,4017.0
212.0,3806,5771,4018.0
212.0,3953,4168,4165.0
213.0,3954,3795,4167.0
213.0,3922,5446,4135.0
213.0,3924,7060,4137.0
214.0,3924,5305,4138.0
214.0,3953,7108,4167.0
216.0,3970,9384,4186.0
221.0,3964,9863,4185.0
224.0,3965,2828,4189.0
228.0,4110,2584,4338.0
482.0,66,35,548.0
1724.0,101,43,1825.0
1824.0,2196,43,4020.0
4073.0,266,49,4339.0
4078.0,377,49,4455.0
200.0,238,1741,438.0
202.0,235,1439,437.0
204.0,227,4410,431.0
205.0,231,4207,436.0
206.0,233,4688,439.0
207.0,225,4378,432.0
208.0,227,57,435.0
212.0,218,2884,430.0
213.0,221,9335,434.0
217.0,215,58,432.0
217.0,281,2419,498.0
221.0,282,7023,503.0
222.0,284,8801,506.0
224.0,277,2011,501.0
226.0,1490,64,1716.0
237.0,1485,547,1722.0
238.0,1487,7587,1725.0
239.0,1484,4627,1723.0
239.0,1478,8334,1717.0
240.0,1546,7071,1786.0
240.0,1578,5075,1818.0
241.0,1543,7953,1784.0
241.0,1616,4662,1857.0
241.0,1618,4610,1859.0
242.0,1616,7019,1858.0
242.0,1698,7080,1940.0
243.0,1700,579,1943.0
243.0,1697,3567,1940.0
244.0,3633,4801,3877.0
244.0,3633,5528,3877.0
245.0,3635,5771,3880.0
246.0,3668,4168,3914.0
246.0,3632,3795,3878.0
247.0,3665,5446,3912.0
247.0,3744,7060,3991.0
247.0,3742,5305,3989.0
248.0,3743,7108,3991.0
249.0,3737,9384,3986.0
254.0,3870,9863,4124.0
257.0,3870,2828,4127.0
261.0,5005,2584,5266.0
485.0,1231,49,1716.0
491.0,1235,49,1726.0
1725.0,129,43,1854.0
1784.0,160,43,1944.0
1893.0,1989,35,3882.0
133.0,106,1741,239.0
135.0,119,1439,254.0
137.0,116,4410,253.0
138.0,100,4207,238.0
138.0,102,4688,240.0
139.0,101,4378,240.0
140.0,109,57,249.0
144.0,107,2884,251.0
145.0,250,9335,395.0
148.0,245,58,393.0
149.0,247,2419,396.0
153.0,323,8080,476.0
154.0,238,8801,392.0
156.0,252,2011,408.0
158.0,250,64,408.0
169.0,363,547,532.0
170.0,360,7587,530.0
170.0,361,4627,531.0
171.0,1711,4279,1882.0
172.0,1707,7071,1879.0
172.0,1704,5075,1876.0
173.0,1708,7953,1881.0
173.0,1710,4662,1883.0
174.0,1806,4610,1980.0
174.0,1807,7019,1981.0
174.0,1804,7080,1978.0
175.0,1763,579,1938.0
175.0,1804,3567,1979.0
176.0,1862,4801,2038.0
176.0,1860,5528,2036.0
177.0,1965,5771,2142.0
177.0,1926,4168,2103.0
178.0,1934,3795,2112.0
178.0,1933,5446,2111.0
179.0,1935,7060,2114.0
179.0,1934,5305,2113.0
180.0,2043,7108,2223.0
181.0,1967,9384,2148.0
185.0,2037,9863,2222.0
188.0,1966,2828,2154.0
192.0,2032,2584,2224.0
437.0,1442,49,1879.0
443.0,1437,49,1880.0
471.0,63,35,534.0
1877.0,105,43,1982.0
1878.0,97,43,1975.0
127.0,157,1741,284.0
129.0,161,1439,290.0
131.0,151,4410,282.0
132.0,192,4207,324.0
133.0,190,4688,323.0
134.0,154,4378,288.0
135.0,185,57,320.0
138.0,185,2884,323.0
139.0,298,9335,437.0
142.0,196,58,338.0
143.0,197,2419,340.0
147.0,335,6963,482.0
148.0,291,8801,439.0
151.0,337,2011,488.0
152.0,360,64,512.0
163.0,1494,547,1657.0
164.0,1497,7587,1661.0
164.0,1495,7472,1659.0
165.0,1496,4279,1661.0
165.0,3521,7071,3686.0
166.0,3559,5075,3725.0
166.0,3560,7953,3726.0
167.0,3521,4662,3688.0
167.0,3576,4610,3743.0
168.0,3558,7019,3726.0
168.0,3730,7080,3898.0
169.0,3728,579,3897.0
169.0,3724,3567,3893.0
170.0,3731,4801,3901.0
170.0,3724,5528,3894.0
171.0,4292,5771,4463.0
172.0,4291,4168,4463.0
172.0,4293,3795,4465.0
172.0,4294,5446,4466.0
173.0,4294,7060,4467.0
173.0,4292,5305,4465.0
174.0,4511,7108,4685.0
175.0,4516,9384,4691.0
180.0,4459,9863,4639.0
183.0,4534,2828,4717.0
186.0,4531,2584,4717.0
310.0,1353,49,1663.0
445.0,1212,49,1657.0
1659.0,2029,43,3688.0
1729.0,2171,35,3900.0
3724.0,171,43,3895.0
810.0,134,1741,944.0
815.0,131,1439,946.0
817.0,76,4410,893.0
819.0,125,4207,944.0
819.0,125,4688,944.0
820.0,208,4378,1028.0
821.0,210,57,1031.0
825.0,206,2884,1031.0
826.0,203,9335,1029.0
829.0,118,58,947.0
830.0,218,2419,1048.0
835.0,291,6963,1126.0
835.0,215,8801,1050.0
838.0,213,2011,1051.0
840.0,291,64,1131.0
851.0,273,547,1124.0
852.0,277,7587,1129.0
853.0,344,7472,1197.0
853.0,332,6022,1185.0
853.0,372,7071,1225.0
854.0,330,5075,1184.0
854.0,341,7953,1195.0
855.0,372,4662,1227.0
855.0,372,4610,1227.0
856.0,429,7019,1285.0
856.0,427,7080,1283.0
857.0,374,579,1231.0
858.0,428,3567,1286.0
858.0,424,4801,1282.0
859.0,425,5528,1284.0
859.0,2444,5771,3303.0
860.0,2452,4168,3312.0
860.0,2442,3795,3302.0
860.0,2443,5446,3303.0
861.0,2436,7060,3297.0
861.0,2436,5305,3297.0
862.0,4027,7108,4889.0
863.0,4027,9384,4890.0
868.0,4142,9863,5010.0
871.0,4135,2828,5006.0
876.0,4168,2584,5044.0
1108.0,120,35,1228.0
1115.0,2183,49,3298.0
1121.0,2179,49,3300.0
3311.0,1560,43,4871.0
4860.0,147,43,5007.0
130.0,204,1741,334.0
133.0,135,1439,268.0
135.0,130,4410,265.0
137.0,136,4207,273.0
137.0,139,4688,276.0
138.0,137,4378,275.0
139.0,127,57,266.0
143.0,125,2884,268.0
144.0,242,9335,386.0
147.0,258,58,405.0
148.0,256,2419,404.0
152.0,311,6963,463.0
153.0,249,8801,402.0
156.0,364,2011,520.0
157.0,365,64,522.0
169.0,352,547,521.0
169.0,350,6151,519.0
170.0,1666,7472,1836.0
170.0,1664,6022,1834.0
171.0,1668,7071,1839.0
171.0,1667,5075,1838.0
172.0,1662,7953,1834.0
172.0,1665,4662,1837.0
173.0,1788,4610,1961.0
173.0,1789,7019,1962.0
174.0,1793,7080,1967.0
174.0,1720,579,1894.0
175.0,1791,3567,1966.0
175.0,1784,4801,1959.0
176.0,1836,5528,2012.0
176.0,1839,5771,2015.0
177.0,1838,4168,2015.0
177.0,1839,3795,2016.0
178.0,4078,5446,4256.0
178.0,4074,7060,4252.0
179.0,4076,5305,4255.0
179.0,4076,7108,4255.0
183.0,4071,9384,4254.0
187.0,4142,9863,4329.0
190.0,4234,2828,4424.0
194.0,5371,2584,5565.0
461.0,57,43,518.0
496.0,1238,35,1734.0
1835.0,129,43,1964.0
1940.0,2314,49,4254.0
1954.0,2297,49,4251.0
771.0,242,1741,1013.0
774.0,235,1439,1009.0
776.0,232,4410,1008.0
777.0,233,4207,1010.0
777.0,238,4688,1015.0
778.0,238,4378,1016.0
779.0,229,57,1008.0
783.0,227,2884,1010.0
784.0,223,9335,1007.0
787.0,224,58,1011.0
787.0,244,2419,1031.0
791.0,296,6963,1087.0
792.0,234,8801,1026.0
795.0,232,2011,1027.0
797.0,394,64,1191.0
808.0,383,547,1191.0
809.0,423,6151,1232.0
810.0,424,7472,1234.0
811.0,423,6022,1234.0
811.0,2611,7071,3422.0
811.0,2612,5075,3423.0
812.0,2606,6352,3418.0
813.0,2605,4662,3418.0
813.0,2708,4610,3521.0
814.0,2710,7019,3524.0
814.0,2668,579,3482.0
815.0,2707,3567,3522.0
815.0,2705,4801,3520.0
816.0,2707,5528,3523.0
816.0,3995,5771,4811.0
816.0,4054,4168,4870.0
817.0,4051,3795,4868.0
817.0,4052,5446,4869.0
818.0,4051,7060,4869.0
818.0,4048,5305,4866.0
819.0,4047,7108,4866.0
820.0,4082,9384,4902.0
825.0,4081,9863,4906.0
828.0,4263,2828,5091.0
831.0,4083,2584,4914.0
1142.0,2277,35,3419.0
1149.0,2262,49,3411.0
1156.0,2263,49,3419.0
3416.0,66,43,3482.0
4811.0,55,43,4866.0
832.0,304,1741,1136.0
834.0,294,1439,1128.0
837.0,296,4410,1133.0
839.0,299,4207,1138.0
839.0,371,4688,1210.0
840.0,290,4378,1130.0
841.0,288,57,1129.0
845.0,290,2884,1135.0
846.0,291,9335,1137.0
850.0,281,58,1131.0
850.0,299,2419,1149.0
855.0,356,6963,1211.0
856.0,297,8801,1153.0
859.0,295,2011,1154.0
860.0,427,64,1287.0
875.0,339,547,1214.0
877.0,410,7460,1287.0
878.0,405,7472,1283.0
878.0,410,6022,1288.0
879.0,2790,7071,3669.0
879.0,2781,5075,3660.0
880.0,2779,6785,3659.0
880.0,2778,6151,3658.0
881.0,2787,4610,3668.0
882.0,2909,7080,3791.0
882.0,2853,579,3735.0
883.0,2909,3567,3792.0
884.0,2908,4801,3792.0
885.0,2849,5528,3734.0
886.0,4302,5771,5188.0
888.0,4300,4168,5188.0
888.0,4301,3795,5189.0
889.0,4295,5446,5184.0
890.0,4301,7060,5191.0
891.0,4370,5305,5261.0
891.0,4370,7108,5261.0
893.0,4370,9384,5263.0
899.0,4393,9863,5292.0
903.0,4389,2828,5292.0
908.0,4449,2584,5357.0
1168.0,2488,49,3656.0
1176.0,2486,49,3662.0
1205.0,84,35,1289.0
3660.0,75,43,3735.0
3737.0,1452,43,5189.0
132.0,225,1741,357.0
134.0,224,1439,358.0
136.0,215,4410,351.0
137.0,214,4207,351.0
138.0,217,4688,355.0
139.0,218,4378,357.0
140.0,210,57,350.0
144.0,214,2884,358.0
144.0,307,9335,451.0
148.0,309,58,457.0
148.0,307,2419,455.0
152.0,300,8033,452.0
153.0,310,8801,463.0
156.0,395,2011,551.0
169.0,387,547,556.0
170.0,1705,7460,1875.0
170.0,1810,7472,1980.0
171.0,1813,6022,1984.0
171.0,1811,7071,1982.0
172.0,1811,5075,1983.0
172.0,1813,6785,1985.0
173.0,1808,6151,1981.0
174.0,1926,4610,2100.0
174.0,1925,7080,2099.0
175.0,1893,579,2068.0
175.0,1923,3567,2098.0
176.0,1930,4801,2106.0
176.0,2001,5528,2177.0
177.0,2004,5771,2181.0
177.0,2002,4168,2179.0
177.0,2000,3795,2177.0
178.0,2002,5446,2180.0
178.0,2197,7060,2375.0
179.0,2198,5305,2377.0
179.0,2197,7108,2376.0
181.0,2197,8738,2378.0
183.0,4540,64,4723.0
185.0,4550,9863,4735.0
188.0,4552,2828,4740.0
192.0,4545,2584,4737.0
511.0,1357,49,1868.0
518.0,1536,49,2054.0
546.0,1329,35,1875.0
1873.0,104,43,1977.0
1964.0,82,1248,2046.0
1964.0,88,473,2052.0
1965.0,88,2889,2053.0
1966.0,2768,3205,4734.0
1966.0,79,2828,2045.0
1967.0,2757,3513,4724.0
2052.0,49,43,2101.0
169.0,236,1741,405.0
171.0,231,1439,402.0
173.0,228,4410,401.0
174.0,223,4207,397.0
175.0,226,4688,401.0
176.0,221,4378,397.0
177.0,221,57,398.0
181.0,215,2884,396.0
181.0,222,9335,403.0
185.0,221,58,406.0
185.0,317,2419,502.0
189.0,301,4608,490.0
190.0,315,8801,505.0
193.0,1459,2011,1652.0
206.0,1482,547,1688.0
206.0,1535,7460,1741.0
207.0,1535,7472,1742.0
207.0,1536,7106,1743.0
208.0,1567,7071,1775.0
208.0,1608,5075,1816.0
209.0,1664,6785,1873.0
209.0,1668,6151,1877.0
211.0,1668,4610,1879.0
211.0,1664,7080,1875.0
212.0,3663,579,3875.0
212.0,3665,3567,3877.0
213.0,3666,4801,3879.0
213.0,3663,5528,3876.0
214.0,3661,5771,3875.0
215.0,3663,4168,3878.0
215.0,3813,3795,4028.0
215.0,3814,5446,4029.0
216.0,3811,7060,4027.0
216.0,3812,5305,4028.0
217.0,3809,7108,4026.0
219.0,3832,8738,4051.0
221.0,3825,64,4046.0
223.0,3906,9863,4129.0
226.0,3906,2828,4132.0
230.0,5381,2584,5611.0
446.0,1209,49,1655.0
452.0,1358,49,1810.0
481.0,1175,35,1656.0
1653.0,156,43,1809.0
1740.0,130,43,1870.0
843.0,236,1741,1079.0
846.0,228,1439,1074.0
848.0,230,4410,1078.0
849.0,224,4207,1073.0
850.0,224,4688,1074.0
851.0,225,4378,1076.0
852.0,219,57,1071.0
856.0,216,2884,1072.0
857.0,214,9335,1071.0
860.0,218,58,1078.0
861.0,276,2419,1137.0
865.0,272,5841,1137.0
866.0,266,8801,1132.0
869.0,269,2011,1138.0
882.0,273,547,1155.0
882.0,325,7460,1207.0
883.0,323,7472,1206.0
883.0,326,6441,1209.0
884.0,323,7071,1207.0
885.0,1658,5075,2543.0
885.0,1655,6785,2540.0
885.0,1658,6151,2543.0
886.0,1651,4610,2537.0
887.0,1652,7080,2539.0
887.0,1706,579,2593.0
888.0,1763,3567,2651.0
889.0,1762,4801,2651.0
889.0,1760,5528,2649.0
890.0,1762,5771,2652.0
890.0,1824,4168,2714.0
891.0,1819,3795,2710.0
892.0,1821,5446,2713.0
892.0,1823,7060,2715.0
892.0,1819,5305,2711.0
893.0,1880,7108,2773.0
895.0,1875,8738,2770.0
897.0,1880,64,2777.0
900.0,1907,9863,2807.0
903.0,1894,2828,2797.0
907.0,1905,2584,2812.0
1198.0,1343,35,2541.0
2535.0,26,43,2561.0
2652.0,126,43,2778.0
2820.0,2438,49,5258.0
2825.0,3762,49,6587.0
127.0,216,1741,343.0
129.0,212,1439,341.0
131.0,158,4410,289.0
132.0,158,4207,290.0
133.0,156,4688,289.0
134.0,154,4378,288.0
135.0,151,57,286.0
138.0,149,2884,287.0
139.0,200,9335,339.0
142.0,202,58,344.0
143.0,200,2419,343.0
147.0,248,5841,395.0
148.0,207,8801,355.0
151.0,333,2011,484.0
164.0,389,547,553.0
164.0,389,7460,553.0
165.0,1717,7472,1882.0
165.0,1718,6441,1883.0
166.0,1711,7071,1877.0
166.0,1775,5075,1941.0
167.0,1775,6785,1942.0
167.0,1979,6151,2146.0
168.0,1979,4610,2147.0
169.0,1981,7080,2150.0
169.0,1789,579,1958.0
170.0,1978,3567,2148.0
170.0,4223,4801,4393.0
171.0,4224,5528,4395.0
171.0,4221,5771,4392.0
171.0,4220,4168,4391.0
172.0,4222,3795,4394.0
172.0,4218,5446,4390.0
173.0,4292,7060,4465.0
173.0,4292,5305,4465.0
174.0,4293,7108,4467.0
176.0,4293,8738,4469.0
178.0,4398,64,4576.0
180.0,4403,9863,4583.0
183.0,5456,2828,5639.0
187.0,5452,2584,5639.0
365.0,1514,49,1879.0
372.0,1508,49,1880.0
540.0,1337,35,1877.0
1881.0,69,43,1950.0
2154.0,2240,43,4394.0
179.0,242,1741,421.0
183.0,235,1439,418.0
185.0,234,4410,419.0
186.0,233,4207,419.0
187.0,238,4688,425.0
188.0,237,4378,425.0
189.0,232,57,421.0
193.0,230,2884,423.0
193.0,226,9335,419.0
197.0,225,58,422.0
197.0,240,2419,437.0
203.0,237,8801,440.0
206.0,235,2011,441.0
219.0,222,547,441.0
219.0,1667,7460,1886.0
220.0,1668,7472,1888.0
220.0,1668,6441,1888.0
221.0,1675,7071,1896.0
221.0,1832,5075,2053.0
222.0,1773,6785,1995.0
222.0,1774,6151,1996.0
223.0,1772,4610,1995.0
223.0,1769,7080,1992.0
224.0,1832,579,2056.0
225.0,1884,3567,2109.0
225.0,1890,4801,2115.0
226.0,1892,5528,2118.0
226.0,1887,5771,2113.0
226.0,1890,4168,2116.0
227.0,1928,3795,2155.0
228.0,1993,5446,2221.0
228.0,1987,7060,2215.0
229.0,1990,5305,2219.0
229.0,1987,7108,2216.0
231.0,4334,8738,4565.0
233.0,4325,64,4558.0
235.0,4329,9863,4564.0
238.0,4401,2828,4639.0
242.0,4494,2584,4736.0
484.0,1401,49,1885.0
491.0,1563,49,2054.0
520.0,1368,35,1888.0
1889.0,37,43,1926.0
4562.0,75,43,4637.0
811.0,302,1741,1113.0
812.0,232,1439,1044.0
814.0,297,4410,1111.0
816.0,226,4207,1042.0
819.0,224,4283,1043.0
820.0,225,57,1045.0
824.0,288,2884,1112.0
824.0,289,9335,1113.0
828.0,285,58,1113.0
828.0,281,2419,1109.0
832.0,356,9383,1188.0
833.0,351,8801,1184.0
836.0,339,2011,1175.0
848.0,387,547,1235.0
849.0,436,7460,1285.0
850.0,434,7472,1284.0
850.0,434,6441,1284.0
851.0,2798,7071,3649.0
851.0,2797,5075,3648.0
852.0,2807,6785,3659.0
852.0,2796,6151,3648.0
853.0,2902,4610,3755.0
854.0,2899,7080,3753.0
854.0,2829,579,3683.0
855.0,2899,3567,3754.0
855.0,2897,4801,3752.0
856.0,2899,5528,3755.0
857.0,2952,5771,3809.0
857.0,4258,4168,5115.0
858.0,4255,3795,5113.0
858.0,4256,5446,5114.0
858.0,4253,7060,5111.0
859.0,4254,5305,5113.0
859.0,4252,7108,5111.0
861.0,4407,8738,5268.0
863.0,4408,64,5271.0
866.0,4435,9863,5301.0
869.0,4433,2828,5302.0
873.0,4538,2584,5411.0
1156.0,82,35,1238.0
1163.0,2488,49,3651.0
1170.0,2481,49,3651.0
3650.0,34,43,3684.0
3752.0,1359,43,5111.0
134.0,117,1741,251.0
135.0,115,1439,250.0
137.0,112,4410,249.0
139.0,104,4207,243.0
140.0,101,4283,241.0
141.0,107,57,248.0
144.0,158,2884,302.0
145.0,242,9335,387.0
148.0,164,58,312.0
149.0,162,2419,311.0
154.0,235,7606,389.0
154.0,241,8801,395.0
157.0,234,2011,391.0
170.0,298,547,468.0
171.0,299,7460,470.0
171.0,298,7472,469.0
171.0,1888,6441,2059.0
172.0,1890,7071,2062.0
172.0,1891,5075,2063.0
173.0,1888,6785,2061.0
173.0,1880,6151,2053.0
174.0,1987,4610,2161.0
175.0,1989,7080,2164.0
175.0,1946,579,2121.0
176.0,1988,3567,2164.0
176.0,1986,4801,2162.0
177.0,2052,5528,2229.0
177.0,2048,5771,2225.0
178.0,2132,4168,2310.0
178.0,2131,3795,2309.0
178.0,2127,5446,2305.0
179.0,2128,7060,2307.0
179.0,2130,5305,2309.0
180.0,2127,7108,2307.0
182.0,2163,8738,2345.0
184.0,2162,64,2346.0
186.0,2158,9863,2344.0
189.0,2221,2828,2410.0
193.0,2278,2584,2471.0
437.0,1626,49,2063.0
443.0,1616,49,2059.0
464.0,68,35,532.0
2062.0,96,43,2158.0
2160.0,148,43,2308.0
830.0,258,1741,1088.0
831.0,255,1439,1086.0
834.0,255,4410,1089.0
835.0,252,4688,1087.0
836.0,248,4207,1084.0
837.0,251,4283,1088.0
838.0,256,57,1094.0
844.0,247,2884,1091.0
844.0,241,9335,1085.0
848.0,242,58,1090.0
849.0,302,2419,1151.0
856.0,296,7606,1152.0
857.0,293,8801,1150.0
860.0,308,2011,1168.0
873.0,291,547,1164.0
874.0,350,7460,1224.0
874.0,1435,6532,2309.0
875.0,1433,6441,2308.0
876.0,1427,7071,2303.0
876.0,1435,5075,2311.0
876.0,1436,6785,2312.0
877.0,1525,6151,2402.0
879.0,1521,4610,2400.0
879.0,1522,7080,2401.0
880.0,1488,579,2368.0
880.0,1518,3567,2398.0
881.0,1575,4801,2456.0
882.0,1651,5528,2533.0
882.0,1652,5771,2534.0
882.0,1649,4168,2531.0
883.0,1646,3795,2529.0
884.0,1649,5446,2533.0
885.0,1645,7060,2530.0
885.0,3812,5305,4697.0
886.0,3813,7108,4699.0
888.0,3811,8738,4699.0
890.0,3807,64,4697.0
893.0,3888,9863,4781.0
896.0,3879,2828,4775.0
901.0,3975,2584,4876.0
1205.0,1104,35,2309.0
2313.0,84,43,2397.0
2398.0,132,43,2530.0
2515.0,2121,49,4636.0
2522.0,2254,49,4776.0
854.0,128,1741,982.0
857.0,204,1439,1061.0
859.0,121,4410,980.0
860.0,121,4688,981.0
861.0,202,4207,1063.0
862.0,200,4283,1062.0
863.0,122,57,985.0
867.0,116,2884,983.0
867.0,195,9335,1062.0
871.0,114,58,985.0
871.0,282,2419,1153.0
875.0,285,9196,1160.0
876.0,292,8801,1168.0
879.0,194,2011,1073.0
892.0,339,547,1231.0
892.0,1547,7460,2439.0
893.0,1551,6532,2444.0
893.0,1548,3563,2441.0
894.0,1546,7071,2440.0
894.0,1544,5075,2438.0
895.0,1645,6785,2540.0
895.0,1645,6151,2540.0
896.0,1645,4610,2541.0
897.0,1647,7080,2544.0
897.0,1573,579,2470.0
898.0,1704,3567,2602.0
898.0,1990,4801,2888.0
899.0,1987,5528,2886.0
899.0,1986,5771,2885.0
900.0,1987,4168,2887.0
900.0,1987,3795,2887.0
901.0,1988,5446,2889.0
901.0,3926,7060,4827.0
901.0,3926,5305,4827.0
902.0,3924,7108,4826.0
905.0,3920,8738,4825.0
907.0,3922,64,4829.0
909.0,3923,9863,4832.0
912.0,3931,2828,4843.0
916.0,3926,2584,4842.0
1072.0,148,43,1220.0
1117.0,1328,49,2445.0
1124.0,1321,49,2445.0
1148.0,72,35,1220.0
2541.0,215,43,2756.0
121.0,179,1741,300.0
123.0,183,1439,306.0
127.0,174,4410,301.0
128.0,187,4688,315.0
128.0,174,4207,302.0
129.0,184,4283,313.0
130.0,176,57,306.0
134.0,180,2884,314.0
135.0,173,9335,308.0
142.0,263,58,405.0
142.0,201,2419,343.0
147.0,257,9196,404.0
148.0,350,8801,498.0
151.0,258,2011,409.0
168.0,323,547,491.0
169.0,382,7460,551.0
169.0,1848,6920,2017.0
170.0,1855,3563,2025.0
170.0,1857,7071,2027.0
171.0,1856,5075,2027.0
171.0,1853,6785,2024.0
172.0,1951,6151,2123.0
173.0,1952,4610,2125.0
173.0,1952,7080,2125.0
174.0,1909,579,2083.0
174.0,1949,3567,2123.0
175.0,2012,4801,2187.0
175.0,2079,5528,2254.0
176.0,2074,5771,2250.0
176.0,2067,4168,2243.0
177.0,2068,3795,2245.0
177.0,2076,5446,2253.0
177.0,2112,7060,2289.0
178.0,2185,5305,2363.0
179.0,2179,7108,2358.0
181.0,2106,8738,2287.0
183.0,2176,64,2359.0
185.0,2243,9863,2428.0
188.0,2235,2828,2423.0
192.0,2243,2584,2435.0
445.0,1580,49,2025.0
452.0,1572,49,2024.0
481.0,69,35,550.0
2016.0,67,43,2083.0
2023.0,96,43,2119.0
145.0,220,1741,365.0
146.0,223,1439,369.0
148.0,231,4410,379.0
150.0,231,4688,381.0
150.0,215,4207,365.0
151.0,229,4283,380.0
152.0,225,57,377.0
156.0,392,2884,548.0
157.0,392,9335,549.0
160.0,384,58,544.0
161.0,385,2419,546.0
166.0,384,9196,550.0
167.0,1578,8801,1745.0
170.0,1572,2011,1742.0
183.0,1558,547,1741.0
184.0,1618,7460,1802.0
184.0,1766,6920,1950.0
185.0,1767,3563,1952.0
186.0,1767,7071,1953.0
186.0,1763,5075,1949.0
187.0,1855,6785,2042.0
187.0,1853,6151,2040.0
188.0,1855,4610,2043.0
189.0,1852,7080,2041.0
189.0,1778,579,1967.0
190.0,1937,3567,2127.0
190.0,1935,4801,2125.0
191.0,1933,5528,2124.0
191.0,1936,5771,2127.0
192.0,1933,4168,2125.0
192.0,4570,3795,4762.0
193.0,4569,5446,4762.0
194.0,4567,7060,4761.0
194.0,4570,5305,4764.0
195.0,4569,7108,4764.0
197.0,6135,8738,6332.0
199.0,6132,64,6331.0
202.0,6135,9863,6337.0
205.0,6152,2828,6357.0
209.0,6207,2584,6416.0
524.0,1178,49,1702.0
530.0,1164,49,1694.0
1696.0,143,43,1839.0
1783.0,139,35,1922.0
4634.0,131,43,4765.0
831.0,248,1741,1079.0
834.0,242,1439,1076.0
836.0,243,4410,1079.0
838.0,242,4688,1080.0
838.0,238,4207,1076.0
839.0,245,4283,1084.0
840.0,244,57,1084.0
844.0,237,2884,1081.0
844.0,230,9335,1074.0
848.0,234,58,1082.0
848.0,277,2419,1125.0
853.0,275,9196,1128.0
854.0,271,8801,1125.0
856.0,270,2011,1126.0
870.0,320,547,1190.0
870.0,321,7460,1191.0
871.0,322,6920,1193.0
871.0,319,3563,1190.0
872.0,386,7071,1258.0
872.0,381,5075,1253.0
873.0,384,6785,1257.0
873.0,382,6151,1255.0
875.0,443,4610,1318.0
875.0,436,7080,1311.0
875.0,436,579,1311.0
877.0,439,3567,1316.0
877.0,439,4801,1316.0
878.0,520,5528,1398.0
878.0,524,5771,1402.0
879.0,518,4168,1397.0
879.0,522,3795,1401.0
880.0,523,5446,1403.0
880.0,517,7060,1397.0
881.0,3046,5305,3927.0
881.0,3042,7108,3923.0
884.0,3042,8738,3926.0
887.0,3199,64,4086.0
889.0,3191,9863,4080.0
893.0,3245,2828,4138.0
897.0,5179,2584,6076.0
1207.0,2717,49,3924.0
1215.0,2713,49,3928.0
1246.0,67,35,1313.0
3925.0,98,43,4023.0
4020.0,2060,43,6080.0
241.0,249,1741,490.0
243.0,245,1439,488.0
246.0,246,4410,492.0
247.0,241,4688,488.0
248.0,242,4207,490.0
248.0,248,4283,496.0
249.0,244,57,493.0
253.0,239,2884,492.0
254.0,242,9335,496.0
257.0,233,58,490.0
258.0,295,2419,553.0
262.0,287,9196,549.0
263.0,293,8801,556.0
266.0,299,2011,565.0
279.0,295,547,574.0
279.0,351,7460,630.0
280.0,349,4109,629.0
280.0,346,3563,626.0
281.0,346,7071,627.0
282.0,347,5075,629.0
282.0,1697,6785,1979.0
283.0,1695,6151,1978.0
284.0,1695,4610,1979.0
284.0,1698,7080,1982.0
284.0,1604,579,1888.0
285.0,1751,3567,2036.0
286.0,1808,4801,2094.0
286.0,1837,5528,2123.0
286.0,1842,5771,2128.0
287.0,1844,4168,2131.0
287.0,1915,3795,2202.0
288.0,1917,5446,2205.0
288.0,1916,7060,2204.0
289.0,1917,5305,2206.0
289.0,1914,7108,2203.0
291.0,1973,8738,2264.0
294.0,1975,64,2269.0
296.0,1967,9863,2263.0
299.0,2086,2828,2385.0
303.0,2092,2584,2395.0
622.0,1255,35,1877.0
1884.0,96,43,1980.0
1982.0,140,43,2122.0
2011.0,195,49,2206.0
2017.0,2974,49,4991.0
129.0,123,1741,252.0
133.0,93,1439,226.0
135.0,114,4410,249.0
136.0,115,4688,251.0
136.0,110,4207,246.0
137.0,117,4283,254.0
138.0,107,57,245.0
143.0,100,2884,243.0
144.0,244,9335,388.0
147.0,248,58,395.0
148.0,241,2419,389.0
153.0,239,8801,392.0
155.0,245,2011,400.0
168.0,233,547,401.0
169.0,313,7460,482.0
169.0,307,4109,476.0
170.0,308,3563,478.0
170.0,305,7071,475.0
171.0,312,5075,483.0
171.0,1882,6785,2053.0
172.0,1887,6151,2059.0
172.0,1889,4610,2061.0
173.0,1886,7080,2059.0
173.0,1887,579,2060.0
174.0,4179,3567,4353.0
174.0,4109,4801,4283.0
175.0,4107,5528,4282.0
175.0,4177,5771,4352.0
176.0,4139,4168,4315.0
176.0,4107,3795,4283.0
177.0,4288,5446,4465.0
177.0,4289,7060,4466.0
178.0,4285,5305,4463.0
178.0,4283,7108,4461.0
180.0,4282,8738,4462.0
182.0,4371,64,4553.0
184.0,4369,9863,4553.0
187.0,5025,2828,5212.0
191.0,5024,2584,5215.0
441.0,1620,49,2061.0
447.0,1605,49,2052.0
471.0,64,35,535.0
2063.0,2292,43,4355.0
2064.0,2255,43,4319.0
150.0,179,1741,329.0
153.0,165,1439,318.0
155.0,162,4410,317.0
156.0,162,4688,318.0
157.0,163,4207,320.0
159.0,158,4283,317.0
160.0,159,57,319.0
164.0,156,2884,320.0
164.0,160,9335,324.0
168.0,165,58,333.0
168.0,160,2419,328.0
172.0,155,8801,327.0
175.0,210,2011,385.0
188.0,203,547,391.0
189.0,1757,7460,1946.0
189.0,1756,4109,1945.0
190.0,1746,3563,1936.0
190.0,1753,7071,1943.0
191.0,1753,5075,1944.0
191.0,1746,6785,1937.0
192.0,1856,6151,2048.0
192.0,1856,4610,2048.0
193.0,1851,7080,2044.0
193.0,1847,579,2040.0
194.0,1852,3567,2046.0
194.0,1984,4801,2178.0
195.0,1982,5528,2177.0
195.0,1982,5771,2177.0
196.0,1987,4168,2183.0
196.0,2095,3795,2291.0
197.0,2095,5446,2292.0
197.0,2092,7060,2289.0
198.0,2093,5305,2291.0
198.0,2182,7108,2380.0
202.0,2180,8738,2382.0
204.0,2172,64,2376.0
206.0,2295,9863,2501.0
209.0,2292,2828,2501.0
213.0,2293,2584,2506.0
379.0,1558,49,1937.0
501.0,1434,49,1935.0
1934.0,37,43,1971.0
2045.0,132,43,2177.0
2172.0,118,35,2290.0
134.0,168,1741,302.0
136.0,164,1439,300.0
138.0,364,4410,502.0
139.0,164,4688,303.0
139.0,251,4207,390.0
141.0,163,4283,304.0
143.0,159,57,302.0
147.0,161,2884,308.0
148.0,158,9335,306.0
151.0,352,58,503.0
152.0,405,2419,557.0
156.0,401,7737,557.0
157.0,403,8801,560.0
160.0,412,2011,572.0
173.0,1697,547,1870.0
173.0,1697,7460,1870.0
174.0,1764,4109,1938.0
174.0,1763,3563,1937.0
175.0,1830,7071,2005.0
178.0,1826,5075,2004.0
179.0,1918,6785,2097.0
179.0,1819,6151,1998.0
180.0,1915,4610,2095.0
181.0,1996,7080,2177.0
181.0,2000,579,2181.0
182.0,1994,3567,2176.0
182.0,1997,4801,2179.0
183.0,1995,5528,2178.0
183.0,1999,5771,2182.0
184.0,2123,4168,2307.0
184.0,2122,3795,2306.0
185.0,2120,5446,2305.0
185.0,2118,7060,2303.0
185.0,2119,5305,2304.0
186.0,4712,7108,4898.0
188.0,4708,8738,4896.0
190.0,4709,64,4899.0
192.0,4792,9863,4984.0
195.0,4780,2828,4975.0
199.0,6537,2584,6736.0
359.0,1517,49,1876.0
510.0,1358,49,1868.0
1868.0,138,43,2006.0
1918.0,176,35,2094.0
2005.0,174,43,2179.0
134.0,175,1741,309.0
137.0,161,1439,298.0
139.0,155,4410,294.0
140.0,167,4688,307.0
140.0,164,4207,304.0
141.0,164,4283,305.0
142.0,166,57,308.0
146.0,164,2884,310.0
146.0,215,9335,361.0
150.0,344,58,494.0
151.0,341,2419,492.0
154.0,345,7737,499.0
155.0,348,8801,503.0
158.0,1744,2011,1902.0
171.0,1726,547,1897.0
171.0,1841,7460,2012.0
172.0,1839,4109,2011.0
172.0,1837,3563,2009.0
173.0,1835,7071,2008.0
173.0,1838,5075,2011.0
176.0,1837,6785,2013.0
177.0,1945,6151,2122.0
178.0,1942,4610,2120.0
178.0,1943,7080,2121.0
179.0,1951,579,2130.0
179.0,2052,3567,2231.0
180.0,2056,4801,2236.0
180.0,2055,5528,2235.0
181.0,2053,5771,2234.0
181.0,2053,4168,2234.0
182.0,2050,3795,2232.0
182.0,2129,5446,2311.0
183.0,2131,7060,2314.0
183.0,2127,5305,2310.0
184.0,2127,7108,2311.0
186.0,2246,8738,2432.0
188.0,2245,64,2433.0
190.0,2241,9863,2431.0
193.0,4918,2828,5111.0
197.0,4914,2584,5111.0
463.0,1434,49,1897.0
470.0,1443,49,1913.0
1909.0,28,43,1937.0
2008.0,116,43,2124.0
2039.0,121,35,2160.0
807.0,312,1741,1119.0
809.0,229,1439,1038.0
811.0,140,4410,951.0
813.0,128,4688,941.0
813.0,225,4207,1038.0
814.0,306,4283,1120.0
815.0,139,57,954.0
819.0,120,2884,939.0
820.0,122,9335,942.0
823.0,298,58,1121.0
824.0,214,2419,1038.0
828.0,206,7737,1034.0
828.0,345,8801,1173.0
831.0,349,2011,1180.0
844.0,337,547,1181.0
845.0,422,7460,1267.0
845.0,426,4109,1271.0
846.0,424,3563,1270.0
846.0,419,7071,1265.0
847.0,419,5075,1266.0
847.0,424,6785,1271.0
848.0,4747,6151,5595.0
848.0,4750,4610,5598.0
849.0,4746,7080,5595.0
849.0,4748,579,5597.0
850.0,4857,3567,5707.0
850.0,5199,4801,6049.0
851.0,5198,5528,6049.0
851.0,5201,5771,6052.0
852.0,5199,4168,6051.0
853.0,5195,3795,6048.0
853.0,5197,5446,6050.0
854.0,5246,7060,6100.0
854.0,5240,5305,6094.0
855.0,5244,7108,6099.0
857.0,5244,8738,6101.0
859.0,5228,64,6087.0
861.0,5242,9863,6103.0
864.0,5255,2828,6119.0
868.0,5252,2584,6120.0
1017.0,153,35,1170.0
2781.0,2905,43,5686.0
5778.0,269,49,6047.0
5792.0,2223,49,8015.0
6072.0,20,43,6092.0
135.0,91,1741,226.0
138.0,112,1439,250.0
140.0,103,4410,243.0
141.0,103,4688,244.0
141.0,104,4207,245.0
142.0,108,4283,250.0
143.0,101,57,244.0
147.0,101,2884,248.0
148.0,180,9335,328.0
151.0,172,58,323.0
151.0,171,2419,322.0
156.0,262,7737,418.0
156.0,259,8801,415.0
159.0,319,2011,478.0
172.0,305,547,477.0
173.0,300,7460,473.0
174.0,305,4109,479.0
174.0,366,3563,540.0
175.0,369,7071,544.0
175.0,370,5075,545.0
175.0,366,6785,541.0
176.0,367,6151,543.0
177.0,1985,4610,2162.0
177.0,1978,7080,2155.0
178.0,423,579,601.0
178.0,1974,3567,2152.0
179.0,1975,4801,2154.0
179.0,2073,5528,2252.0
180.0,2076,5771,2256.0
180.0,2076,4168,2256.0
181.0,2073,3795,2254.0
181.0,2072,5446,2253.0
181.0,2135,7060,2316.0
182.0,2191,5305,2373.0
182.0,2192,7108,2374.0
186.0,2195,64,2381.0
188.0,2245,9863,2433.0
191.0,2235,2828,2426.0
195.0,2306,2584,2501.0
496.0,1666,49,2162.0
504.0,1648,49,2152.0
536.0,63,35,599.0
599.0,1557,43,2156.0
2150.0,105,43,2255.0
784.0,214,1741,998.0
787.0,208,1439,995.0
789.0,213,4410,1002.0
791.0,209,4207,1000.0
792.0,207,4283,999.0
793.0,203,57,996.0
796.0,197,2884,993.0
797.0,199,9335,996.0
800.0,201,58,1001.0
801.0,269,2419,1070.0
805.0,257,7737,1062.0
806.0,263,8801,1069.0
808.0,254,2011,1062.0
822.0,264,547,1086.0
822.0,370,7460,1192.0
823.0,368,4109,1191.0
823.0,370,3563,1193.0
824.0,1862,7071,2686.0
824.0,1863,5075,2687.0
825.0,1859,6785,2684.0
825.0,4687,6151,5512.0
826.0,4653,4610,5479.0
826.0,4651,7080,5477.0
827.0,4651,579,5478.0
828.0,4653,3567,5481.0
828.0,4869,4801,5697.0
828.0,5613,5528,6441.0
829.0,4870,5771,5699.0
829.0,4865,4168,5694.0
830.0,4861,3795,5691.0
830.0,4865,5446,5695.0
831.0,5613,7060,6444.0
832.0,5611,5305,6443.0
832.0,5608,7108,6440.0
836.0,5686,64,6522.0
838.0,5683,9863,6521.0
841.0,5770,2828,6611.0
844.0,5763,2584,6607.0
1129.0,1560,35,2689.0
1137.0,1548,49,2685.0
1144.0,1539,49,2683.0
2683.0,2829,43,5512.0
5532.0,163,43,5695.0
911.0,226,1741,1137.0
915.0,220,1439,1135.0
917.0,217,4410,1134.0
919.0,218,4207,1137.0
920.0,217,4283,1137.0
921.0,222,57,1143.0
925.0,210,2884,1135.0
926.0,218,9335,1144.0
929.0,213,58,1142.0
929.0,370,2419,1299.0
934.0,359,7737,1293.0
935.0,277,8801,1212.0
938.0,355,2011,1293.0
951.0,1689,547,2640.0
951.0,1687,7460,2638.0
952.0,1689,2479,2641.0
952.0,1685,3563,2637.0
953.0,1844,7071,2797.0
953.0,1783,5075,2736.0
953.0,1781,6785,2734.0
954.0,1845,6151,2799.0
955.0,1932,4610,2887.0
955.0,1937,7080,2892.0
956.0,1861,579,2817.0
956.0,1932,3567,2888.0
957.0,1929,4801,2886.0
957.0,1928,5528,2885.0
958.0,2069,5771,3027.0
958.0,4855,4168,5813.0
959.0,4853,3795,5812.0
959.0,4854,5446,5813.0
960.0,4852,7060,5812.0
960.0,4854,5305,5814.0
961.0,4907,7108,5868.0
964.0,4907,64,5871.0
967.0,6636,9863,7603.0
970.0,6633,2828,7603.0
974.0,6648,2584,7622.0
1250.0,1320,49,2570.0
1257.0,1540,49,2797.0
1284.0,1285,35,2569.0
2569.0,76,43,2645.0
2735.0,159,43,2894.0
129.0,142,1741,271.0
132.0,139,1439,271.0
134.0,140,4410,274.0
135.0,138,4207,273.0
136.0,135,4283,271.0
137.0,137,57,274.0
141.0,128,2884,269.0
141.0,132,9335,273.0
145.0,229,58,374.0
145.0,230,2419,375.0
149.0,225,7737,374.0
150.0,381,8801,531.0
153.0,337,2011,490.0
238.0,294,547,532.0
239.0,294,7460,533.0
239.0,1645,2479,1884.0
240.0,1704,3563,1944.0
240.0,1703,7071,1943.0
241.0,1704,5075,1945.0
241.0,1705,6785,1946.0
242.0,1935,6151,2177.0
242.0,1936,4610,2178.0
243.0,1929,7080,2172.0
243.0,1925,579,2168.0
244.0,1971,3567,2215.0
244.0,4522,4801,4766.0
245.0,4520,5528,4765.0
245.0,4520,5771,4765.0
246.0,4518,4168,4764.0
246.0,4521,3795,4767.0
247.0,4594,5446,4841.0
247.0,4716,7060,4963.0
248.0,4594,5305,4842.0
248.0,4592,7108,4840.0
252.0,4709,64,4961.0
254.0,4709,9863,4963.0
257.0,4716,2828,4973.0
260.0,6052,2584,6312.0
349.0,1530,49,1879.0
466.0,1417,49,1883.0
1882.0,71,43,1953.0
1928.0,242,35,2170.0
2179.0,35,43,2214.0
133.0,209,1741,342.0
134.0,151,1439,285.0
136.0,212,4410,348.0
138.0,219,4207,357.0
139.0,149,4283,288.0
140.0,205,57,345.0
143.0,141,2884,284.0
144.0,199,9335,343.0
147.0,210,58,357.0
148.0,323,2419,471.0
153.0,1737,7737,1890.0
153.0,235,8801,388.0
156.0,1734,2011,1890.0
169.0,1761,547,1930.0
170.0,1762,7460,1932.0
170.0,1833,2479,2003.0
171.0,1834,3563,2005.0
171.0,1954,7071,2125.0
172.0,1950,5075,2122.0
172.0,1945,6785,2117.0
172.0,2061,6151,2233.0
173.0,1953,4610,2126.0
174.0,2059,7080,2233.0
174.0,1965,579,2139.0
175.0,2057,3567,2232.0
175.0,2060,4801,2235.0
176.0,2056,5528,2232.0
176.0,2143,5771,2319.0
177.0,2140,4168,2317.0
177.0,2141,3795,2318.0
177.0,2141,5446,2318.0
178.0,2139,7060,2317.0
178.0,4877,5305,5055.0
179.0,4873,7108,5052.0
182.0,4870,64,5052.0
185.0,5013,9863,5198.0
188.0,5006,2828,5194.0
191.0,6700,2584,6891.0
504.0,1502,35,2006.0
1880.0,122,43,2002.0
1980.0,255,49,2235.0
1996.0,3069,49,5065.0
2070.0,70,1248,2140.0
2070.0,58,473,2128.0
2072.0,67,3205,2139.0
2072.0,2982,2837,5054.0
5052.0,141,43,5193.0
820.0,213,1741,1033.0
823.0,215,1439,1038.0
826.0,210,4410,1036.0
828.0,199,4207,1027.0
829.0,204,4283,1033.0
830.0,202,57,1032.0
834.0,196,2884,1030.0
835.0,197,9335,1032.0
838.0,192,58,1030.0
839.0,201,2419,1040.0
843.0,266,7737,1109.0
844.0,268,8801,1112.0
847.0,261,2011,1108.0
859.0,330,547,1189.0
860.0,339,7460,1199.0
861.0,330,2479,1191.0
861.0,337,3563,1198.0
862.0,2169,7071,3031.0
862.0,392,5075,1254.0
862.0,391,6785,1253.0
863.0,388,6151,1251.0
864.0,388,4610,1252.0
864.0,443,7080,1307.0
865.0,441,579,1306.0
865.0,444,3567,1309.0
866.0,442,4801,1308.0
867.0,2157,5528,3024.0
867.0,2163,5771,3030.0
867.0,2165,4168,3032.0
868.0,2156,3795,3024.0
868.0,5008,5446,5876.0
869.0,5041,7060,5910.0
869.0,5040,5305,5909.0
870.0,5038,7108,5908.0
873.0,5124,64,5997.0
876.0,5111,9863,5987.0
879.0,5229,2828,6108.0
883.0,5225,2584,6108.0
1171.0,135,35,1306.0
1179.0,1853,49,3032.0
1186.0,1846,49,3032.0
3033.0,2844,43,5877.0
5901.0,96,1248,5997.0
5902.0,86,473,5988.0
5903.0,80,3205,5983.0
5904.0,88,2837,5992.0
5907.0,85,43,5992.0
139.0,110,1741,249.0
141.0,102,1439,243.0
143.0,104,4410,247.0
144.0,112,4207,256.0
145.0,109,4283,254.0
146.0,106,57,252.0
150.0,95,2884,245.0
151.0,166,9335,317.0
154.0,257,58,411.0
155.0,257,2419,412.0
159.0,254,7737,413.0
160.0,258,8801,418.0
163.0,349,2011,512.0
175.0,400,547,575.0
176.0,398,7460,574.0
176.0,1904,2479,2080.0
177.0,1910,3563,2087.0
178.0,1900,7071,2078.0
178.0,1910,5075,2088.0
179.0,1900,6785,2079.0
179.0,1907,6151,2086.0
180.0,2017,4610,2197.0
180.0,2018,7080,2198.0
181.0,1941,579,2122.0
182.0,2015,3567,2197.0
182.0,2013,4801,2195.0
183.0,2080,5528,2263.0
183.0,2154,5771,2337.0
183.0,2153,4168,2336.0
184.0,2151,3795,2335.0
184.0,2151,5446,2335.0
185.0,2149,7060,2334.0
185.0,2153,5305,2338.0
186.0,2250,7108,2436.0
189.0,2178,64,2367.0
191.0,2181,9863,2372.0
194.0,2245,2828,2439.0
198.0,2442,2584,2640.0
472.0,1617,49,2089.0
478.0,1610,49,2088.0
506.0,71,35,577.0
2079.0,42,43,2121.0
2081.0,41,43,2122.0
2180.0,81,1248,2261.0
2180.0,78,473,2258.0
2181.0,78,3205,2259.0
2183.0,69,2837,2252.0
2183.0,70,2828,2253.0
139.0,113,1741,252.0
140.0,90,1439,230.0
142.0,104,4410,246.0
144.0,111,4207,255.0
145.0,106,4283,251.0
146.0,102,57,248.0
149.0,103,2884,252.0
150.0,254,9335,404.0
153.0,249,58,402.0
154.0,247,2419,401.0
158.0,244,7737,402.0
159.0,241,8801,400.0
162.0,327,2011,489.0
175.0,305,547,480.0
175.0,1905,7460,2080.0
176.0,1904,2479,2080.0
176.0,1905,3563,2081.0
177.0,1899,7071,2076.0
177.0,1899,5075,2076.0
178.0,2016,6785,2194.0
178.0,2014,6151,2192.0
180.0,2015,4610,2195.0
180.0,2016,7080,2196.0
181.0,1935,579,2116.0
181.0,2071,3567,2252.0
182.0,2189,4801,2371.0
182.0,2158,5528,2340.0
182.0,2154,5771,2336.0
183.0,2155,4168,2338.0
183.0,2159,3795,2342.0
184.0,2149,5446,2333.0
184.0,2251,7060,2435.0
185.0,2250,5305,2435.0
185.0,2251,7108,2436.0
191.0,2243,64,2434.0
193.0,2310,9863,2503.0
196.0,2315,2828,2511.0
199.0,2314,2584,2513.0
470.0,1609,49,2079.0
476.0,1602,49,2078.0
577.0,1618,35,2195.0
2078.0,42,43,2120.0
2177.0,78,1248,2255.0
2178.0,79,473,2257.0
2179.0,70,3205,2249.0
2180.0,79,2837,2259.0
2180.0,78,2828,2258.0
2181.0,71,2889,2252.0
2197.0,145,43,2342.0
851.0,242,1741,1093.0
853.0,235,1439,1088.0
856.0,239,4410,1095.0
857.0,232,4207,1089.0
858.0,233,4283,1091.0
859.0,228,57,1087.0
863.0,230,2884,1093.0
864.0,232,9335,1096.0
868.0,222,58,1090.0
868.0,311,2419,1179.0
872.0,306,7737,1178.0
873.0,304,8801,1177.0
876.0,306,2011,1182.0
891.0,355,547,1246.0
892.0,354,7460,1246.0
892.0,408,2479,1300.0
893.0,406,3563,1299.0
893.0,455,7071,1348.0
893.0,453,5075,1346.0
894.0,452,6785,1346.0
894.0,453,6151,1347.0
895.0,3193,4610,4088.0
896.0,3193,7080,4089.0
896.0,472,579,1368.0
897.0,3183,3567,4080.0
897.0,3329,4801,4226.0
898.0,3297,5528,4195.0
898.0,3296,5771,4194.0
899.0,3297,4168,4196.0
899.0,3294,3795,4193.0
900.0,3263,5446,4163.0
900.0,4988,7060,5888.0
900.0,4990,5305,5890.0
901.0,4988,7108,5889.0
904.0,5047,64,5951.0
907.0,5038,9863,5945.0
910.0,5044,2828,5954.0
914.0,5067,2584,5981.0
1206.0,2885,49,4091.0
1212.0,2882,49,4094.0
1241.0,105,35,1346.0
4086.0,78,43,4164.0
4215.0,1676,1248,5891.0
4215.0,1677,473,5892.0
4216.0,1670,3205,5886.0
4217.0,1672,3203,5889.0
4217.0,1674,2932,5891.0
4226.0,1660,43,5886.0
139.0,110,1741,249.0
141.0,118,1439,259.0
143.0,109,4410,252.0
144.0,106,4207,250.0
145.0,106,4283,251.0
146.0,113,57,259.0
150.0,161,2884,311.0
151.0,250,9335,401.0
156.0,249,58,405.0
156.0,243,2419,399.0
161.0,310,7737,471.0
162.0,246,8801,408.0
165.0,245,2011,410.0
178.0,288,547,466.0
178.0,288,7460,466.0
179.0,347,2479,526.0
179.0,344,3563,523.0
180.0,347,7071,527.0
180.0,345,5075,525.0
181.0,344,6785,525.0
181.0,403,6151,584.0
182.0,398,4610,580.0
182.0,397,7080,579.0
183.0,399,579,582.0
183.0,2110,3567,2293.0
184.0,2111,4801,2295.0
184.0,2107,5528,2291.0
185.0,2107,5771,2292.0
185.0,2109,4168,2294.0
186.0,2105,3795,2291.0
186.0,2237,5446,2423.0
187.0,2235,7060,2422.0
187.0,2239,5305,2426.0
187.0,2241,7108,2428.0
191.0,2282,64,2473.0
193.0,2277,9863,2470.0
196.0,2277,2828,2473.0
200.0,2352,2584,2552.0
566.0,1626,35,2192.0
578.0,1638,43,2216.0
2193.0,100,43,2293.0
2276.0,75,1248,2351.0
2276.0,74,473,2350.0
2277.0,82,3205,2359.0
2279.0,70,2932,2349.0
2279.0,3389,3501,5668.0
2407.0,226,49,2633.0
2414.0,337,49,2751.0
137.0,213,1741,350.0
139.0,205,1439,344.0
141.0,204,4410,345.0
142.0,206,4207,348.0
143.0,201,4283,344.0
144.0,202,57,346.0
148.0,201,2884,349.0
149.0,1628,9335,1777.0
152.0,1633,58,1785.0
153.0,1635,2419,1788.0
157.0,1619,7737,1776.0
158.0,1632,8801,1790.0
161.0,4492,2011,4653.0
174.0,4478,547,4652.0
174.0,4480,7460,4654.0
175.0,4415,2479,4590.0
175.0,4588,3563,4763.0
176.0,4592,7071,4768.0
176.0,4588,5075,4764.0
177.0,4592,6785,4769.0
177.0,4585,6151,4762.0
178.0,5355,4610,5533.0
178.0,5354,7080,5532.0
179.0,4677,579,4856.0
179.0,5356,3567,5535.0
180.0,5354,4801,5534.0
180.0,5352,5528,5532.0
181.0,5420,5771,5601.0
184.0,5416,4168,5600.0
184.0,5416,3795,5600.0
185.0,5419,5446,5604.0
185.0,5417,7060,5602.0
186.0,5473,5305,5659.0
186.0,5474,7108,5660.0
189.0,5472,64,5661.0
191.0,5480,9863,5671.0
194.0,5485,2828,5679.0
198.0,5534,2584,5732.0
1786.0,2868,43,4654.0
1899.0,2691,35,4590.0
1909.0,2673,49,4582.0
1917.0,2674,49,4591.0
4646.0,124,1248,4770.0
4646.0,117,473,4763.0
4647.0,118,3205,4765.0
4648.0,118,2828,4766.0
4649.0,121,2889,4770.0
4682.0,83,43,4765.0
168.0,252,1741,420.0
171.0,248,1439,419.0
174.0,244,4410,418.0
176.0,250,4207,426.0
177.0,239,4041,416.0
178.0,242,4688,420.0
179.0,238,57,417.0
183.0,236,2884,419.0
183.0,244,9335,427.0
187.0,257,58,444.0
187.0,255,2419,442.0
192.0,311,7737,503.0
193.0,306,8801,499.0
196.0,308,2011,504.0
210.0,387,547,597.0
211.0,394,7460,605.0
211.0,390,2479,601.0
212.0,1912,3563,2124.0
212.0,1910,7071,2122.0
213.0,1913,5075,2126.0
216.0,1905,6785,2121.0
216.0,1905,6151,2121.0
217.0,2013,4610,2230.0
218.0,2010,7080,2228.0
218.0,1933,579,2151.0
219.0,2010,3567,2229.0
219.0,2006,4801,2225.0
220.0,2067,5528,2287.0
220.0,2134,5771,2354.0
221.0,2131,4168,2352.0
221.0,2134,3795,2355.0
222.0,2128,5446,2350.0
222.0,2129,7060,2351.0
223.0,2130,5305,2353.0
223.0,2172,7108,2395.0
227.0,2160,64,2387.0
229.0,2165,9863,2394.0
233.0,2268,2828,2501.0
237.0,2264,2584,2501.0
556.0,1569,49,2125.0
563.0,1564,49,2127.0
592.0,1531,35,2123.0
2127.0,96,43,2223.0
2128.0,23,43,2151.0
2210.0,72,1248,2282.0
2211.0,77,473,2288.0
2212.0,72,3205,2284.0
2213.0,76,2828,2289.0
130.0,49,1741,179.0
132.0,43,1439,175.0
134.0,42,4410,176.0
135.0,39,4207,174.0
136.0,36,4041,172.0
137.0,34,4688,171.0
138.0,22,57,160.0
143.0,36,2884,179.0
144.0,34,9335,178.0
147.0,85,58,232.0
148.0,85,2419,233.0
222.0,1542,49,1764.0
411.0,1362,7737,1773.0
412.0,1360,8801,1772.0
415.0,1522,2011,1937.0
427.0,1509,547,1936.0
428.0,1590,7460,2018.0
429.0,1517,2479,1946.0
429.0,1730,3563,2159.0
430.0,1725,7071,2155.0
430.0,1726,5075,2156.0
431.0,1726,6785,2157.0
431.0,1727,6151,2158.0
432.0,1784,4610,2216.0
433.0,1789,7080,2222.0
433.0,1761,579,2194.0
434.0,1781,3567,2215.0
434.0,1783,4801,2217.0
435.0,1839,5528,2274.0
435.0,1840,5771,2275.0
436.0,2010,4168,2446.0
436.0,2006,3795,2442.0
436.0,2007,5446,2443.0
437.0,4153,7060,4590.0
437.0,4153,5305,4590.0
438.0,4150,7108,4588.0
441.0,4152,64,4593.0
443.0,4224,9863,4667.0
466.0,4148,2828,4614.0
471.0,4195,2584,4666.0
1929.0,156,49,2085.0
2003.0,79,1248,2082.0
2003.0,87,473,2090.0
2004.0,76,3205,2080.0
2005.0,78,3219,2083.0
2005.0,80,2828,2085.0
2006.0,80,2814,2086.0
2155.0,41,43,2196.0
2264.0,180,35,2444.0
2441.0,2148,43,4589.0
189.0,304,1741,493.0
191.0,306,1439,497.0
193.0,306,4410,499.0
194.0,302,4207,496.0
195.0,302,4041,497.0
196.0,224,4688,420.0
197.0,222,57,419.0
201.0,301,2884,502.0
201.0,295,9335,496.0
205.0,296,58,501.0
205.0,290,2419,495.0
210.0,370,7737,580.0
211.0,372,8801,583.0
214.0,291,2011,505.0
226.0,1915,547,2141.0
227.0,1983,7460,2210.0
228.0,1979,2479,2207.0
228.0,1981,3563,2209.0
228.0,1979,7071,2207.0
229.0,5182,5075,5411.0
229.0,2073,6785,2302.0
230.0,2114,6151,2344.0
231.0,2115,4610,2346.0
231.0,2120,7080,2351.0
232.0,5215,579,5447.0
232.0,5212,3567,5444.0
233.0,5217,4801,5450.0
233.0,5212,5528,5445.0
234.0,5364,5771,5598.0
234.0,5361,4168,5595.0
234.0,5362,3795,5596.0
235.0,5363,5446,5598.0
235.0,5361,7060,5596.0
236.0,6870,5305,7106.0
236.0,6865,7108,7101.0
240.0,6864,64,7104.0
242.0,6876,9863,7118.0
245.0,6874,2828,7119.0
249.0,6943,2584,7192.0
541.0,1600,35,2141.0
549.0,1584,49,2133.0
556.0,1790,49,2346.0
2132.0,171,43,2303.0
2211.0,138,43,2349.0
2331.0,3082,1248,5413.0
2331.0,3108,473,5439.0
2332.0,3109,3205,5441.0
2333.0,3115,3219,5448.0
2334.0,3073,2814,5407.0
2335.0,3073,2330,5408.0
909.0,227,1741,1136.0
911.0,228,1439,1139.0
913.0,219,4410,1132.0
915.0,220,4207,1135.0
916.0,220,4041,1136.0
916.0,221,4688,1137.0
917.0,216,57,1133.0
921.0,212,2884,1133.0
922.0,217,9335,1139.0
925.0,210,58,1135.0
926.0,265,2419,1191.0
928.0,267,8088,1195.0
930.0,262,7737,1192.0
931.0,277,8801,1208.0
934.0,369,2011,1303.0
948.0,356,547,1304.0
948.0,357,7460,1305.0
949.0,417,2479,1366.0
949.0,415,3563,1364.0
950.0,414,7071,1364.0
950.0,416,5075,1366.0
950.0,413,6785,1363.0
951.0,474,6151,1425.0
952.0,472,4610,1424.0
952.0,470,7080,1422.0
953.0,471,579,1424.0
953.0,3638,3567,4591.0
954.0,3631,4801,4585.0
954.0,3631,5528,4585.0
955.0,3635,5771,4590.0
955.0,3633,4168,4588.0
956.0,3707,3795,4663.0
956.0,3738,5446,4694.0
957.0,3739,7060,4696.0
957.0,3707,5305,4664.0
958.0,3768,7108,4726.0
961.0,5899,64,6860.0
963.0,5904,9863,6867.0
966.0,5950,2828,6916.0
970.0,5943,2584,6913.0
1282.0,140,35,1422.0
1289.0,3302,49,4591.0
1296.0,3292,49,4588.0
4587.0,79,43,4666.0
4697.0,2176,43,6873.0
4716.0,74,1248,4790.0
4716.0,2148,473,6864.0
4717.0,2151,3205,6868.0
4717.0,2148,3219,6865.0
4718.0,2154,2814,6872.0
247.0,123,1741,370.0
249.0,89,1439,338.0
251.0,118,4410,369.0
252.0,112,4207,364.0
253.0,107,4041,360.0
253.0,114,4688,367.0
254.0,104,57,358.0
258.0,243,2884,501.0
259.0,245,9335,504.0
262.0,246,58,508.0
263.0,240,2419,503.0
266.0,244,8088,510.0
268.0,302,7737,570.0
269.0,245,8801,514.0
272.0,297,2011,569.0
284.0,356,547,640.0
285.0,354,7460,639.0
286.0,353,2479,639.0
286.0,1955,3563,2241.0
286.0,1946,7071,2232.0
287.0,1943,5075,2230.0
287.0,1954,6785,2241.0
288.0,1952,6151,2240.0
289.0,2101,4610,2390.0
289.0,2102,7080,2391.0
290.0,2025,579,2315.0
290.0,2026,3567,2316.0
291.0,2101,4801,2392.0
291.0,2198,5528,2489.0
292.0,2164,5771,2456.0
292.0,2198,4168,2490.0
292.0,2154,3795,2446.0
293.0,2278,5446,2571.0
293.0,2277,7060,2570.0
294.0,2274,5305,2568.0
294.0,2278,7108,2572.0
298.0,5948,64,6246.0
300.0,5940,9863,6240.0
303.0,5949,2828,6252.0
307.0,6005,2584,6312.0
684.0,1632,35,2316.0
2239.0,77,43,2316.0
2372.0,80,1248,2452.0
2373.0,83,473,2456.0
2374.0,78,3205,2452.0
2374.0,3870,7374,6244.0
2375.0,79,3501,2454.0
2388.0,70,43,2458.0
2427.0,3822,49,6249.0
2432.0,3812,49,6244.0
