0	460
50	276
100	0
150	0
200	0
250	0
300	0
350	0
400	0
450	14
500	92
550	92
600	0
650	0
700	0
750	0
800	0
850	0
900	0
950	0
1000	0
1050	0
1100	0
1150	0
1200	14
1250	0
1300	0
1350	0
1400	92
1450	0
1500	0
1550	0
1600	0
1650	0
1700	92
1750	0
1800	0
1850	0
1900	0
1950	0
2000	92
2050	0
2100	0
2150	0
2200	0
2250	0
2300	1
2350	0
2400	92
2450	14
2500	0
2550	100
2600	0
2650	0
2700	0
2750	0
2800	95
2850	96
2900	2
2950	0
3000	0
3050	0
3100	0
3150	0
3200	18
3250	3
3300	0
3350	0
3400	0
3450	0
3500	3
3550	96
3600	0
3650	0
3700	0
3750	92
3800	0
3850	1
3900	1
3950	0
4000	73
4050	0
4100	11
4150	92
4200	62
4250	46
4300	0
4350	14
4400	92
4450	0
4500	2
4550	3
4600	98
4650	63
4700	0
4750	45
4800	92
4850	0
4900	0
4950	0
5000	0
5050	55
5100	0
5150	0
5200	22
5250	37
5300	93
5350	0
5400	92
5450	0
5500	92
5550	0
5600	0
5650	1
5700	3
5750	109
5800	22
5850	10
5900	21
5950	1
6000	5
6050	0
6100	0
6150	37
6200	1
6250	0
6300	0
6350	20
6400	16
6450	2
6500	3
6550	0
6600	0
6650	0
6700	0
6750	35
6800	0
6850	0
6900	3
6950	5
7000	56
7050	275
7100	93
7150	2
7200	0
7250	0
7300	0
7350	1
7400	0
7450	47
7500	0
7550	10
7600	2
7650	0
7700	19
7750	0
7800	0
7850	0
7900	0
7950	10
8000	1
8050	3
8100	0
8150	0
8200	5
8250	0
8300	7
8350	0
8400	0
8450	45
8500	30
8550	0
8600	0
8650	2
8700	18
8750	0
8800	92
8850	0
8900	0
8950	0
9000	0
9050	0
9100	0
9150	5
9200	0
9250	0
9300	92
9350	20
9400	0
9450	0
9500	0
9550	0
9600	0
9650	0
9700	0
9750	0
9800	0
9850	67
9900	0
9950	3
