1100	7
1150	27
1200	36
1250	0
1300	30
1350	128
1400	207
1450	354
1500	246
1550	171
1600	181
1650	74
1700	56
1750	56
1800	22
1850	12
1900	3
1950	1
2000	2
2050	4
2100	2
2150	10
2200	24
2250	11
2300	5
2350	10
2400	15
2450	9
2500	13
2550	30
2600	42
2650	36
2700	58
2750	35
2800	43
2850	13
2900	38
2950	14
3000	13
3050	9
3100	8
3150	15
3200	2
3250	4
3300	8
3350	11
3400	6
3450	8
3500	6
3550	6
3600	7
3650	4
3700	3
3750	8
3800	4
3850	6
3900	4
3950	7
4000	2
4050	1
4100	0
4150	1
4200	2
4250	0
4300	6
4350	6
4400	4
4450	0
4500	4
4550	1
4600	5
4650	3
4700	4
4750	1
4800	16
4850	2
4900	1
4950	3
5000	6
5050	1
5100	0
5150	3
5200	7
5250	4
5300	5
5350	5
5400	3
5450	11
5500	5
5550	7
5600	6
5650	10
5700	6
5750	4
5800	2
5850	2
5900	3
5950	4
6000	7
6050	3
6100	8
6150	6
6200	6
6250	5
6300	2
6350	5
6400	1
6450	5
6500	1
6550	6
6600	0
6650	1
6700	6
6750	3
6800	1
6850	3
6900	3
6950	5
7000	3
7050	9
7100	3
7150	2
7200	6
7250	1
7300	5
7350	4
7400	3
7450	4
7500	5
7550	8
7600	7
7650	3
7700	4
7750	4
7800	7
7850	6
7900	6
7950	3
8000	5
8050	7
8100	2
8150	1
8200	4
8250	1
8300	0
8350	5
8400	0
8450	2
8500	1
8550	1
8600	0
8650	2
8700	0
8750	0
8800	0
8850	0
8900	2
8950	0
9000	0
9050	2
9100	1
9150	0
9200	0
9250	0
9300	0
9350	2
9400	0
9450	0
9500	0
9550	0
9600	0
9650	0
9700	0
9750	0
9800	0
9850	0
9900	0
9950	0
10000	0
10050	0
10100	0
10150	0
10200	0
10250	0
10300	1
10350	0
10400	0
10450	0
10500	0
10550	1
10600	0
10650	0
10700	0
10750	0
10800	1
10850	0
10900	0
10950	0
11000	0
11050	0
11100	0
11150	0
11200	0
11250	0
11300	0
11350	0
11400	0
11450	0
11500	0
11550	0
11600	0
11650	0
11700	0
11750	0
11800	1
11850	0
11900	0
11950	0
12000	0
12050	0
12100	1
