50	460
100	644
150	0
200	184
250	0
300	1
350	0
400	0
450	92
500	0
550	92
600	0
650	0
700	0
750	0
800	0
850	0
900	0
950	0
1000	0
1050	0
1100	0
1150	0
1200	92
1250	0
1300	0
1350	92
1400	0
1450	0
1500	0
1550	0
1600	92
1650	92
1700	92
1750	0
1800	0
1850	0
1900	0
1950	0
2000	0
2050	0
2100	0
2150	0
2200	0
2250	92
2300	0
2350	0
2400	92
2450	0
2500	0
2550	16
2600	0
2650	0
2700	0
2750	0
2800	37
2850	0
2900	92
2950	0
3000	0
3050	0
3100	0
3150	0
3200	0
3250	0
3300	76
3350	0
3400	76
3450	0
3500	92
3550	39
3600	92
3650	0
3700	0
3750	0
3800	0
3850	0
3900	0
3950	0
4000	0
4050	0
4100	0
4150	0
4200	0
4250	16
4300	0
4350	0
4400	0
4450	0
4500	0
4550	0
4600	0
4650	0
4700	0
4750	0
4800	0
4850	0
4900	0
4950	0
5000	0
5050	0
5100	0
5150	0
5200	0
5250	0
5300	0
5350	0
5400	0
5450	0
5500	0
5550	0
5600	0
5650	0
5700	0
5750	0
5800	0
5850	0
5900	0
5950	92
