600	114
700	168
800	76
900	71
1000	112
1100	108
1200	103
1300	120
1400	84
1500	101
1600	149
1700	102
1800	140
1900	98
2000	58
2100	97
2200	115
2300	76
2400	98
2500	109
2600	90
2700	58
2800	60
2900	81
3000	113
3100	221
3200	65
3300	161
3400	103
3500	144
3600	119
3700	48
3800	46
3900	63
4000	81
4100	52
4200	77
4300	29
4400	48
4500	102
4600	129
4700	125
4800	61
4900	91
5000	69
5100	55
5200	91
5300	81
5400	50
5500	63
5600	98
5700	41
5800	33
5900	20
6000	41
6100	26
6200	18
6300	21
6400	21
6500	22
6600	2
6700	8
6800	22
6900	8
7000	18
7100	21
7200	16
7300	22
7400	12
7500	11
7600	8
7700	36
7800	12
7900	6
8000	14
8100	5
8200	16
8300	0
8400	1
8500	28
8600	11
8700	16
8800	16
8900	5
9000	7
9100	0
9200	20
9300	0
9400	2
9500	0
9600	0
9700	13
9800	1
9900	1
10000	11
10100	2
10200	4
10300	1
10400	0
10500	2
10600	2
10700	0
10800	1
10900	6
11000	6
11100	12
11200	6
11300	3
11400	13
11500	9
11600	16
11700	7
11800	0
11900	0
12000	0
12100	5
12200	10
12300	1
12400	1
12500	1
12600	1
12700	9
12800	14
12900	1
13000	0
13100	0
13200	0
13300	0
13400	0
13500	9
13600	4
13700	0
13800	0
13900	0
14000	11
14100	0
14200	0
14300	0
14400	0
14500	0
14600	0
14700	0
14800	0
14900	3
15000	4
15100	0
15200	0
15300	0
15400	0
15500	0
15600	0
15700	0
15800	0
15900	5
16000	0
16100	0
16200	0
16300	0
16400	0
16500	0
16600	0
16700	0
16800	0
16900	0
17000	7
17100	1
17200	0
17300	0
17400	3
17500	0
17600	0
17700	0
17800	0
17900	1
18000	0
18100	0
18200	0
18300	0
18400	0
18500	0
18600	0
18700	0
18800	0
18900	0
19000	0
19100	0
19200	0
19300	0
19400	0
19500	1
19600	0
19700	1
