600	9
650	63
700	67
750	11
800	261
850	402
900	391
950	542
1000	272
1050	303
1100	91
1150	234
1200	379
1250	110
1300	49
1350	52
1400	63
1450	152
1500	170
1550	108
1600	83
1650	147
1700	96
1750	143
1800	54
1850	53
1900	7
1950	59
2000	52
2050	5
2100	2
2150	8
2200	9
2250	5
2300	5
2350	9
2400	5
2450	9
2500	6
2550	3
2600	9
2650	9
2700	10
2750	4
2800	7
2850	5
2900	6
2950	18
3000	11
3050	16
3100	5
3150	4
3200	10
3250	5
3300	9
3350	13
3400	4
3450	8
3500	3
3550	9
3600	7
3650	9
3700	10
3750	11
3800	19
3850	10
3900	13
3950	10
4000	19
4050	13
4100	5
4150	11
4200	7
4250	18
4300	12
4350	7
4400	10
4450	11
4500	9
4550	8
4600	10
4650	8
4700	16
4750	12
4800	7
4850	10
4900	8
4950	3
5000	9
5050	7
5100	1
5150	7
5200	7
5250	4
5300	7
5350	2
5400	7
5450	2
5500	4
5550	6
5600	5
5650	4
5700	6
5750	1
5800	3
5850	7
5900	2
5950	5
6000	8
6050	5
6100	8
6150	6
6200	7
6250	3
6300	5
6350	8
6400	11
6450	7
6500	9
6550	11
6600	0
6650	12
6700	1
6750	4
6800	3
6850	7
6900	6
6950	0
7000	7
7050	3
7100	7
7150	5
7200	2
7250	1
7300	0
7350	5
7400	4
7450	5
7500	4
7550	6
7600	8
7650	0
7700	5
7750	2
7800	5
7850	3
7900	2
7950	0
8000	2
8050	1
8100	2
8150	0
8200	1
8250	4
8300	0
8350	3
8400	0
8450	1
8500	0
8550	1
8600	0
8650	0
8700	1
8750	1
8800	0
8850	2
8900	3
8950	0
9000	1
9050	0
9100	2
9150	0
9200	0
9250	1
9300	0
9350	0
9400	0
9450	0
9500	0
9550	0
9600	0
9650	0
9700	0
9750	0
9800	0
9850	0
9900	0
9950	0
10000	0
10050	1
10100	0
10150	0
10200	0
10250	0
10300	0
10350	1
