0	955
50	182
100	0
150	0
200	0
250	91
300	91
350	91
400	0
450	0
500	0
550	0
600	0
650	215
700	0
750	0
800	0
850	0
900	0
950	0
1000	0
1050	0
1100	0
1150	0
1200	0
1250	0
1300	0
1350	0
1400	0
1450	0
1500	0
1550	0
1600	91
1650	0
1700	0
1750	0
1800	1
1850	29
1900	132
1950	91
2000	3
2050	0
2100	0
2150	2
2200	0
2250	102
2300	0
2350	51
2400	2
2450	0
2500	5
2550	3
2600	5
2650	30
2700	5
2750	91
2800	0
2850	94
2900	53
2950	0
3000	6
3050	101
3100	98
3150	6
3200	32
3250	1
3300	185
3350	91
3400	0
3450	2
3500	1
3550	0
3600	182
3650	91
3700	91
3750	91
3800	182
3850	91
3900	182
3950	0
4000	14
4050	91
4100	182
4150	273
4200	0
4250	182
4300	8
4350	0
4400	0
4450	0
4500	27
4550	0
4600	91
4650	0
4700	0
4750	0
4800	0
4850	0
4900	0
4950	0
5000	91
5050	0
5100	0
5150	0
5200	0
5250	91
5300	0
5350	0
5400	0
5450	0
5500	0
5550	0
5600	0
5650	0
5700	0
5750	0
5800	0
5850	0
5900	2
5950	0
6000	0
6050	0
6100	44
6150	0
6200	0
6250	0
6300	0
6350	0
6400	0
6450	0
6500	0
6550	0
6600	0
6650	0
6700	0
6750	0
6800	91
6850	0
6900	0
6950	0
7000	0
7050	0
7100	0
7150	0
7200	0
7250	0
7300	0
7350	0
7400	0
7450	76
7500	0
7550	0
7600	0
7650	0
7700	0
7750	0
7800	0
7850	0
7900	0
7950	0
8000	0
8050	0
8100	90
8150	0
8200	0
8250	0
8300	0
8350	0
8400	0
8450	0
8500	0
8550	0
8600	0
8650	0
8700	0
8750	0
8800	91
8850	0
8900	0
8950	0
9000	137
9050	0
9100	0
9150	1
9200	0
9250	0
9300	0
9350	0
9400	0
9450	47
9500	91
