0	828
50	0
100	92
150	92
200	92
250	0
300	0
350	92
400	0
450	0
500	0
550	92
600	0
650	0
700	0
750	0
800	0
850	0
900	0
950	0
1000	0
1050	0
1100	0
1150	0
1200	0
1250	0
1300	0
1350	0
1400	93
1450	0
1500	0
1550	0
1600	83
1650	0
1700	0
1750	0
1800	0
1850	0
1900	0
1950	0
2000	0
2050	0
2100	0
2150	0
2200	0
2250	0
2300	0
2350	0
2400	0
2450	0
2500	0
2550	0
2600	0
2650	0
2700	0
2750	0
2800	0
2850	0
2900	0
2950	0
3000	34
3050	0
3100	0
3150	134
3200	0
3250	0
3300	0
3350	0
3400	0
3450	0
3500	0
3550	0
3600	0
3650	0
3700	24
3750	0
3800	34
3850	0
3900	0
3950	0
4000	0
4050	0
4100	0
4150	0
4200	0
4250	0
4300	0
4350	0
4400	0
4450	0
4500	0
4550	16
4600	0
4650	0
4700	0
4750	16
4800	0
4850	0
4900	8
4950	92
5000	0
5050	11
5100	6
5150	0
5200	8
5250	34
5300	0
5350	9
5400	0
5450	0
5500	0
5550	0
5600	9
5650	0
5700	0
5750	0
5800	0
5850	0
5900	2
5950	0
6000	53
6050	0
6100	0
6150	0
6200	47
6250	10
6300	0
6350	3
6400	0
6450	59
6500	0
6550	0
6600	10
6650	9
6700	0
6750	35
6800	0
6850	97
6900	0
6950	0
7000	7
7050	0
7100	0
7150	0
7200	29
7250	17
7300	0
7350	0
7400	34
7450	0
7500	0
7550	4
7600	0
7650	0
7700	0
7750	51
7800	0
7850	0
7900	0
7950	0
8000	0
8050	0
8100	0
8150	0
8200	28
8250	0
8300	0
8350	0
8400	0
8450	0
8500	0
8550	0
8600	0
8650	0
8700	0
8750	47
8800	0
8850	0
8900	0
8950	0
9000	0
9050	0
9100	0
9150	0
9200	0
9250	0
9300	0
9350	0
9400	0
9450	0
9500	0
9550	0
9600	0
9650	0
9700	0
9750	0
9800	0
9850	92
