400	5
450	59
500	20
550	50
600	67
650	37
700	18
750	10
800	153
850	282
900	338
950	353
1000	258
1050	256
1100	133
1150	85
1200	49
1250	30
1300	13
1350	23
1400	37
1450	16
1500	30
1550	22
1600	12
1650	11
1700	24
1750	15
1800	6
1850	29
1900	14
1950	10
2000	13
2050	21
2100	8
2150	17
2200	10
2250	19
2300	17
2350	23
2400	11
2450	23
2500	36
2550	14
2600	6
2650	7
2700	20
2750	9
2800	10
2850	4
2900	14
2950	19
3000	12
3050	5
3100	15
3150	11
3200	15
3250	11
3300	18
3350	14
3400	12
3450	24
3500	20
3550	26
3600	6
3650	3
3700	17
3750	13
3800	25
3850	13
3900	15
3950	10
4000	15
4050	6
4100	6
4150	23
4200	5
4250	21
4300	2
4350	23
4400	11
4450	5
4500	21
4550	21
4600	13
4650	9
4700	17
4750	5
4800	24
4850	28
4900	5
4950	6
5000	11
5050	6
5100	6
5150	0
5200	12
5250	2
5300	4
5350	5
5400	6
5450	9
5500	2
5550	1
5600	3
5650	2
5700	2
5750	22
5800	16
5850	5
5900	3
5950	11
6000	1
6050	15
6100	17
6150	9
6200	6
6250	12
6300	24
6350	11
6400	10
6450	7
6500	2
6550	0
6600	2
6650	9
6700	12
6750	23
6800	10
6850	11
6900	17
6950	8
7000	0
7050	11
7100	25
7150	15
7200	25
7250	14
7300	9
7350	5
7400	8
7450	9
7500	6
7550	19
7600	15
7650	15
7700	1
7750	5
7800	8
7850	3
7900	8
7950	5
8000	8
8050	13
8100	14
8150	6
8200	18
8250	19
8300	3
8350	4
8400	5
8450	6
8500	14
8550	10
8600	7
8650	15
8700	4
8750	2
8800	10
8850	10
8900	3
8950	3
9000	3
9050	12
9100	8
9150	8
9200	2
9250	10
9300	3
9350	0
9400	0
9450	5
9500	0
9550	4
9600	9
9650	4
9700	3
9750	0
9800	10
9850	2
9900	0
9950	2
10000	8
10050	4
10100	0
10150	2
10200	4
10250	5
10300	1
10350	0
10400	0
10450	2
10500	0
10550	0
10600	0
10650	0
10700	0
10750	0
10800	2
