0	199
100	487
200	703
300	313
400	94
500	25
600	47
700	60
800	68
900	55
1000	53
1100	72
1200	107
1300	109
1400	87
1500	139
1600	128
1700	123
1800	122
1900	138
2000	92
2100	116
2200	54
2300	29
2400	57
2500	49
2600	33
2700	58
2800	38
2900	31
3000	13
3100	9
3200	12
3300	11
3400	1
3500	8
3600	17
3700	31
3800	39
3900	31
4000	21
4100	17
4200	32
4300	14
4400	15
4500	27
4600	6
4700	13
4800	15
4900	8
5000	13
5100	9
5200	15
5300	12
5400	12
5500	1
5600	6
5700	2
5800	1
5900	6
6000	2
6100	4
6200	1
6300	0
6400	0
6500	1
6600	4
6700	0
6800	5
6900	1
