0	40
20	156
40	83
60	154
80	133
100	53
120	76
140	63
160	44
180	48
200	26
220	20
240	12
260	12
280	5
300	3
320	6
340	3
360	7
380	4
400	1
420	1
440	2
460	3
480	1
500	0
520	0
540	4
560	0
580	1
600	2
620	0
640	1
660	3
680	1
700	1
720	2
740	2
760	0
780	4
800	0
820	1
840	1
860	2
880	1
900	1
920	0
940	0
960	0
980	0
1000	0
1020	1
1040	3
1060	2
1080	1
1100	0
1120	0
1140	0
1160	0
1180	1
1200	1
1220	1
1240	1
1260	0
1280	1
1300	1
1320	0
1340	1
1360	0
1380	0
1400	0
1420	1
1440	0
1460	0
1480	0
1500	0
1520	1
1540	0
1560	0
1580	0
1600	0
1620	0
1640	0
1660	1
1680	0
1700	0
1720	0
1740	0
1760	0
1780	0
1800	0
1820	0
1840	0
1860	0
1880	0
1900	0
1920	0
1940	0
1960	0
1980	1
2000	0
2020	0
2040	0
2060	0
2080	0
2100	0
2120	0
2140	1
2160	0
2180	0
2200	0
2220	0
2240	1
2260	0
2280	0
2300	2
2320	0
2340	0
2360	0
2380	0
2400	0
2420	0
2440	0
2460	0
2480	0
2500	0
2520	0
2540	0
2560	0
2580	2
2600	0
2620	0
2640	0
2660	1
2680	2
2700	1
2720	0
2740	0
2760	1
2780	0
2800	0
2820	0
2840	1
2860	0
2880	0
2900	0
2920	0
2940	0
2960	0
2980	0
3000	0
3020	0
3040	0
3060	0
3080	0
3100	0
3120	1
3140	0
3160	0
3180	0
3200	0
3220	0
3240	0
3260	1
3280	0
3300	1
3320	0
3340	0
3360	0
3380	1
3400	0
3420	0
3440	0
3460	0
3480	0
3500	0
3520	0
3540	1
3560	0
3580	1
3600	0
3620	0
3640	0
3660	0
3680	0
3700	0
3720	0
3740	1
3760	0
3780	0
3800	0
3820	0
3840	0
3860	0
3880	0
3900	0
3920	0
3940	0
3960	0
3980	1
4000	0
4020	0
4040	0
4060	0
4080	0
4100	0
4120	0
4140	0
4160	0
4180	0
4200	0
4220	0
4240	0
4260	0
4280	0
4300	0
4320	0
4340	0
4360	0
4380	0
4400	1
4420	0
4440	0
4460	0
4480	0
4500	0
4520	0
4540	0
4560	0
4580	0
4600	0
4620	0
4640	0
4660	0
4680	0
4700	0
4720	1
