starttime,duration,size,total
1487.0,712,49,2199.0
1488.0,1122,4982,2610.0
1489.0,710,1640,2199.0
1489.0,784,6003,2273.0
1489.0,795,7446,2284.0
1490.0,730,3814,2220.0
1490.0,760,5263,2250.0
1491.0,759,3044,2250.0
1491.0,1072,49,2563.0
1492.0,665,6762,2157.0
1492.0,1346,43,2838.0
1492.0,663,7776,2155.0
1493.0,1345,43,2838.0
1493.0,663,6492,2156.0
1493.0,1342,43,2835.0
1493.0,708,216,2201.0
1494.0,706,199,2200.0
1494.0,712,562,2206.0
1567.0,638,9868,2205.0
1608.0,957,1406,2565.0
1608.0,656,3155,2264.0
1609.0,654,386,2263.0
3304.0,1008,8764,4312.0
4439.0,517,49,4956.0
4439.0,518,146,4957.0
4439.0,477,43,4916.0
4449.0,514,1406,4963.0
4949.0,607,42,5556.0
7091.0,432,43,7523.0
1316.0,114,49,1430.0
1316.0,112,9868,1428.0
1392.0,52,4982,1444.0
1392.0,52,1640,1444.0
1393.0,38,6003,1431.0
1394.0,38,7446,1432.0
1395.0,48,3814,1443.0
1396.0,37,5263,1433.0
1397.0,50,3044,1447.0
1398.0,48,49,1446.0
1401.0,41,6762,1442.0
1401.0,800,43,2201.0
1402.0,44,7776,1446.0
1402.0,802,43,2204.0
1403.0,44,6492,1447.0
1403.0,802,43,2205.0
1407.0,34,216,1441.0
1407.0,33,199,1440.0
1407.0,34,562,1441.0
1540.0,12,1406,1552.0
1541.0,11,3155,1552.0
1542.0,11,386,1553.0
2480.0,50,8764,2530.0
2526.0,31,49,2557.0
2526.0,34,146,2560.0
2527.0,269,43,2796.0
3480.0,927,42,4407.0
6767.0,215,43,6982.0
1203.0,121,49,1324.0
1221.0,105,9868,1326.0
1304.0,23,4982,1327.0
1305.0,34,1640,1339.0
1306.0,27,6003,1333.0
1307.0,33,7446,1340.0
1308.0,30,3814,1338.0
1308.0,31,5263,1339.0
1309.0,28,3044,1337.0
1311.0,27,49,1338.0
1313.0,22,6762,1335.0
1313.0,826,43,2139.0
1314.0,21,7776,1335.0
1315.0,769,43,2084.0
1315.0,17,6492,1332.0
1315.0,792,43,2107.0
1319.0,17,216,1336.0
1319.0,15,199,1334.0
1320.0,17,562,1337.0
1365.0,61,1406,1426.0
1366.0,59,3155,1425.0
1366.0,59,386,1425.0
2340.0,52,8764,2392.0
2387.0,24,49,2411.0
2388.0,22,146,2410.0
2388.0,304,43,2692.0
3345.0,956,42,4301.0
6650.0,336,43,6986.0
1302.0,152,49,1454.0
1334.0,121,9868,1455.0
1412.0,44,4982,1456.0
1413.0,60,1640,1473.0
1414.0,53,6003,1467.0
1415.0,96,7446,1511.0
1416.0,94,3814,1510.0
1417.0,95,5263,1512.0
1417.0,40,3044,1457.0
1419.0,48,49,1467.0
1421.0,49,6762,1470.0
1422.0,1170,43,2592.0
1422.0,47,7776,1469.0
1423.0,1167,43,2590.0
1423.0,48,6492,1471.0
1423.0,1169,43,2592.0
1427.0,44,216,1471.0
1428.0,44,199,1472.0
1428.0,97,562,1525.0
1431.0,37,1406,1468.0
1432.0,37,3155,1469.0
1432.0,94,386,1526.0
2847.0,17,8764,2864.0
2897.0,21,49,2918.0
2897.0,21,146,2918.0
2898.0,313,43,3211.0
3892.0,950,42,4842.0
6689.0,217,43,6906.0
971.0,162,49,1133.0
1003.0,105,9868,1108.0
1084.0,48,4982,1132.0
1084.0,107,1640,1191.0
1085.0,46,6003,1131.0
1086.0,88,7446,1174.0
1087.0,109,3814,1196.0
1088.0,45,5263,1133.0
1089.0,41,3044,1130.0
1090.0,101,49,1191.0
1092.0,103,8232,1195.0
1093.0,959,43,2052.0
1094.0,101,7776,1195.0
1094.0,956,43,2050.0
1094.0,100,6492,1194.0
1095.0,951,43,2046.0
1098.0,92,216,1190.0
1099.0,91,199,1190.0
1099.0,98,562,1197.0
1102.0,91,1406,1193.0
1103.0,94,3155,1197.0
1103.0,93,386,1196.0
2417.0,17,8764,2434.0
2465.0,29,49,2494.0
2466.0,28,146,2494.0
2466.0,315,43,2781.0
3449.0,716,42,4165.0
6369.0,433,43,6802.0
985.0,124,49,1109.0
1075.0,82,9868,1157.0
1115.0,95,4982,1210.0
1115.0,88,1640,1203.0
1116.0,87,6003,1203.0
1117.0,90,7446,1207.0
1118.0,88,3814,1206.0
1119.0,85,5263,1204.0
1119.0,39,3044,1158.0
1121.0,84,49,1205.0
1124.0,78,6762,1202.0
1124.0,962,43,2086.0
1125.0,77,7776,1202.0
1125.0,1044,43,2169.0
1126.0,85,6492,1211.0
1126.0,956,43,2082.0
1130.0,76,216,1206.0
1130.0,29,199,1159.0
1130.0,77,562,1207.0
1133.0,70,1406,1203.0
1133.0,71,3155,1204.0
1134.0,74,386,1208.0
2336.0,28,8764,2364.0
2385.0,27,49,2412.0
2385.0,26,146,2411.0
2386.0,349,43,2735.0
3124.0,906,42,4030.0
6377.0,385,43,6762.0
1339.0,145,49,1484.0
1371.0,107,9868,1478.0
1453.0,32,4982,1485.0
1453.0,66,1640,1519.0
1454.0,66,6003,1520.0
1456.0,27,7446,1483.0
1457.0,60,3814,1517.0
1457.0,28,5263,1485.0
1458.0,25,3044,1483.0
1460.0,54,49,1514.0
1462.0,57,6762,1519.0
1462.0,798,43,2260.0
1463.0,94,7776,1557.0
1464.0,792,43,2256.0
1464.0,52,6492,1516.0
1464.0,790,43,2254.0
1468.0,52,216,1520.0
1468.0,46,199,1514.0
1469.0,48,562,1517.0
1472.0,48,1406,1520.0
1472.0,103,3155,1575.0
1473.0,102,386,1575.0
2671.0,20,8764,2691.0
2718.0,36,49,2754.0
2719.0,40,146,2759.0
2719.0,254,43,2973.0
3699.0,939,42,4638.0
6746.0,224,43,6970.0
1170.0,156,49,1326.0
1203.0,125,9868,1328.0
1285.0,88,4982,1373.0
1285.0,107,1640,1392.0
1286.0,45,6003,1331.0
1287.0,83,7446,1370.0
1288.0,104,3814,1392.0
1289.0,82,5263,1371.0
1290.0,41,3044,1331.0
1291.0,101,49,1392.0
1293.0,96,6762,1389.0
1294.0,1145,43,2439.0
1295.0,99,7776,1394.0
1295.0,1140,43,2435.0
1295.0,96,6492,1391.0
1296.0,1131,43,2427.0
1299.0,95,216,1394.0
1300.0,93,199,1393.0
1300.0,94,562,1394.0
1303.0,87,1406,1390.0
1304.0,92,3155,1396.0
1304.0,129,386,1433.0
2747.0,21,8764,2768.0
2785.0,15,49,2800.0
2785.0,13,146,2798.0
2786.0,303,43,3089.0
3750.0,953,42,4703.0
6549.0,216,43,6765.0
1264.0,142,49,1406.0
1265.0,142,9868,1407.0
1354.0,102,4982,1456.0
1355.0,106,1640,1461.0
1356.0,106,6003,1462.0
1357.0,106,7446,1463.0
1358.0,101,3814,1459.0
1358.0,100,5263,1458.0
1359.0,99,3044,1458.0
1361.0,103,49,1464.0
1363.0,97,8232,1460.0
1364.0,1161,43,2525.0
1365.0,98,7776,1463.0
1365.0,1177,43,2542.0
1366.0,91,6492,1457.0
1366.0,1157,43,2523.0
1370.0,47,216,1417.0
1370.0,90,199,1460.0
1371.0,125,562,1496.0
1377.0,85,1406,1462.0
1377.0,121,3155,1498.0
1378.0,120,386,1498.0
2781.0,20,8764,2801.0
3329.0,28,49,3357.0
3329.0,31,146,3360.0
3330.0,218,43,3548.0
4176.0,905,42,5081.0
6631.0,448,43,7079.0
1374.0,140,49,1514.0
1408.0,104,9868,1512.0
1490.0,47,4982,1537.0
1491.0,43,1640,1534.0
1492.0,45,6003,1537.0
1493.0,44,7446,1537.0
1494.0,45,3814,1539.0
1494.0,41,5263,1535.0
1495.0,44,3044,1539.0
1497.0,44,49,1541.0
1499.0,36,6762,1535.0
1500.0,1123,43,2623.0
1500.0,41,7776,1541.0
1501.0,1118,43,2619.0
1501.0,35,6492,1536.0
1501.0,1122,43,2623.0
1505.0,37,216,1542.0
1506.0,28,199,1534.0
1506.0,50,562,1556.0
1577.0,49,1406,1626.0
1578.0,48,3155,1626.0
1578.0,48,386,1626.0
2870.0,52,8764,2922.0
2918.0,27,49,2945.0
2918.0,27,146,2945.0
2919.0,357,43,3276.0
3857.0,959,42,4816.0
6821.0,276,43,7097.0
1286.0,183,49,1469.0
1318.0,145,9868,1463.0
1409.0,79,4982,1488.0
1410.0,81,1640,1491.0
1411.0,77,6003,1488.0
1412.0,80,7446,1492.0
1413.0,77,3814,1490.0
1414.0,123,5263,1537.0
1414.0,121,3044,1535.0
1416.0,118,49,1534.0
1419.0,117,8232,1536.0
1419.0,1371,43,2790.0
1420.0,69,7776,1489.0
1421.0,1369,43,2790.0
1421.0,68,6492,1489.0
1422.0,1359,43,2781.0
1425.0,109,216,1534.0
1426.0,68,199,1494.0
1426.0,138,562,1564.0
1432.0,58,1406,1490.0
1433.0,131,3155,1564.0
1433.0,133,386,1566.0
3039.0,18,8764,3057.0
3087.0,64,49,3151.0
3087.0,62,146,3149.0
3088.0,378,43,3466.0
4089.0,926,42,5015.0
6791.0,220,43,7011.0
1329.0,124,49,1453.0
1373.0,123,9868,1496.0
1459.0,39,4982,1498.0
1460.0,115,1640,1575.0
1461.0,33,6003,1494.0
1462.0,34,7446,1496.0
1463.0,114,3814,1577.0
1463.0,33,5263,1496.0
1464.0,29,3044,1493.0
1466.0,111,49,1577.0
1468.0,106,6762,1574.0
1468.0,1122,43,2590.0
1469.0,109,7776,1578.0
1469.0,1118,43,2587.0
1470.0,108,6492,1578.0
1470.0,1128,43,2598.0
1474.0,102,216,1576.0
1474.0,101,199,1575.0
1475.0,103,562,1578.0
1533.0,72,1406,1605.0
1534.0,72,3155,1606.0
1534.0,70,386,1604.0
2882.0,30,8764,2912.0
2929.0,29,49,2958.0
2930.0,27,146,2957.0
2930.0,372,43,3302.0
3890.0,938,42,4828.0
6777.0,211,43,6988.0
1198.0,123,49,1321.0
1244.0,107,9868,1351.0
1328.0,30,4982,1358.0
1328.0,75,1640,1403.0
1329.0,29,6003,1358.0
1330.0,24,7446,1354.0
1331.0,69,3814,1400.0
1332.0,23,5263,1355.0
1332.0,23,3044,1355.0
1334.0,22,49,1356.0
1336.0,66,8232,1402.0
1337.0,1150,43,2487.0
1337.0,63,7776,1400.0
1338.0,1139,43,2477.0
1338.0,63,6492,1401.0
1338.0,1137,43,2475.0
1342.0,16,216,1358.0
1343.0,61,199,1404.0
1343.0,61,562,1404.0
1346.0,59,1406,1405.0
1346.0,10,3155,1356.0
1347.0,56,386,1403.0
2716.0,33,8764,2749.0
2764.0,30,49,2794.0
2765.0,29,146,2794.0
2765.0,409,43,3174.0
3707.0,944,42,4651.0
6781.0,316,43,7097.0
1370.0,131,49,1501.0
1377.0,104,9868,1481.0
1460.0,42,4982,1502.0
1461.0,66,1640,1527.0
1462.0,38,6003,1500.0
1462.0,39,7446,1501.0
1463.0,66,3814,1529.0
1464.0,39,5263,1503.0
1465.0,38,3044,1503.0
1466.0,61,49,1527.0
1469.0,60,8232,1529.0
1469.0,1076,43,2545.0
1470.0,59,7776,1529.0
1470.0,1076,43,2546.0
1471.0,57,6492,1528.0
1471.0,1074,43,2545.0
1475.0,53,216,1528.0
1475.0,51,199,1526.0
1475.0,55,562,1530.0
1538.0,54,1406,1592.0
1538.0,54,3155,1592.0
1539.0,53,386,1592.0
2784.0,17,8764,2801.0
2831.0,39,49,2870.0
2832.0,39,146,2871.0
2832.0,223,43,3055.0
3820.0,908,42,4728.0
6833.0,410,43,7243.0
1298.0,140,49,1438.0
1298.0,142,9868,1440.0
1387.0,64,4982,1451.0
1388.0,57,1640,1445.0
1389.0,63,6003,1452.0
1390.0,92,7446,1482.0
1391.0,64,3814,1455.0
1392.0,84,5263,1476.0
1393.0,84,3044,1477.0
1394.0,60,49,1454.0
1397.0,56,8232,1453.0
1398.0,1202,43,2600.0
1399.0,54,7776,1453.0
1399.0,1180,43,2579.0
1399.0,50,6492,1449.0
1400.0,1171,43,2571.0
1404.0,78,216,1482.0
1404.0,50,199,1454.0
1404.0,72,562,1476.0
1478.0,11,1406,1489.0
1479.0,10,3155,1489.0
1479.0,56,386,1535.0
2836.0,21,8764,2857.0
2884.0,30,49,2914.0
2884.0,30,146,2914.0
2885.0,394,43,3279.0
3827.0,914,42,4741.0
6735.0,454,43,7189.0
1260.0,104,49,1364.0
1261.0,123,9868,1384.0
1343.0,42,4982,1385.0
1344.0,51,1640,1395.0
1345.0,47,6003,1392.0
1346.0,46,7446,1392.0
1347.0,47,3814,1394.0
1347.0,40,5263,1387.0
1348.0,34,3044,1382.0
1350.0,47,49,1397.0
1352.0,42,6762,1394.0
1353.0,1320,43,2673.0
1353.0,61,7776,1414.0
1354.0,1369,43,2723.0
1354.0,40,6492,1394.0
1354.0,1369,43,2723.0
1358.0,37,216,1395.0
1359.0,38,199,1397.0
1359.0,56,562,1415.0
1442.0,45,1406,1487.0
1443.0,45,3155,1488.0
1443.0,43,386,1486.0
3150.0,30,8764,3180.0
3198.0,143,49,3341.0
3198.0,169,146,3367.0
3198.0,343,43,3541.0
4299.0,1313,42,5612.0
6772.0,221,43,6993.0
1309.0,112,49,1421.0
1317.0,108,9868,1425.0
1401.0,24,4982,1425.0
1402.0,53,1640,1455.0
1402.0,22,6003,1424.0
1403.0,22,7446,1425.0
1404.0,51,3814,1455.0
1405.0,18,5263,1423.0
1406.0,52,3044,1458.0
1407.0,49,49,1456.0
1410.0,48,8232,1458.0
1410.0,1150,43,2560.0
1411.0,42,7776,1453.0
1411.0,1149,43,2560.0
1412.0,44,6492,1456.0
1412.0,1148,43,2560.0
1416.0,36,216,1452.0
1416.0,36,199,1452.0
1416.0,40,562,1456.0
1490.0,7,1406,1497.0
1490.0,6,3155,1496.0
1491.0,6,386,1497.0
2829.0,32,8764,2861.0
2879.0,30,49,2909.0
2879.0,31,146,2910.0
2880.0,225,43,3105.0
3834.0,923,42,4757.0
6853.0,236,43,7089.0
1317.0,112,49,1429.0
1324.0,114,9868,1438.0
1408.0,28,4982,1436.0
1408.0,61,1640,1469.0
1409.0,27,6003,1436.0
1410.0,24,7446,1434.0
1411.0,55,3814,1466.0
1412.0,21,5263,1433.0
1413.0,24,3044,1437.0
1414.0,56,49,1470.0
1417.0,51,8232,1468.0
1417.0,1194,43,2611.0
1418.0,48,7776,1466.0
1418.0,1194,43,2612.0
1418.0,53,6492,1471.0
1419.0,1193,43,2612.0
1422.0,43,216,1465.0
1423.0,48,199,1471.0
1423.0,99,562,1522.0
1430.0,93,1406,1523.0
1431.0,92,3155,1523.0
1431.0,92,386,1523.0
2884.0,32,8764,2916.0
2931.0,45,49,2976.0
2931.0,39,146,2970.0
2931.0,244,43,3175.0
3914.0,914,42,4828.0
6904.0,309,43,7213.0
1533.0,141,49,1674.0
1568.0,105,9868,1673.0
1651.0,49,4982,1700.0
1652.0,50,1640,1702.0
1653.0,23,6003,1676.0
1654.0,52,7446,1706.0
1655.0,49,3814,1704.0
1655.0,51,5263,1706.0
1656.0,19,3044,1675.0
1658.0,48,49,1706.0
1660.0,39,8232,1699.0
1661.0,1167,43,2828.0
1661.0,40,7776,1701.0
1662.0,1167,43,2829.0
1662.0,38,6492,1700.0
1662.0,1166,43,2828.0
1666.0,41,216,1707.0
1666.0,38,199,1704.0
1667.0,32,562,1699.0
1748.0,47,1406,1795.0
1749.0,47,3155,1796.0
1750.0,45,386,1795.0
3223.0,18,8764,3241.0
3272.0,30,49,3302.0
3272.0,31,146,3303.0
3273.0,361,43,3634.0
4236.0,808,42,5044.0
7101.0,240,43,7341.0
1201.0,158,49,1359.0
1235.0,125,9868,1360.0
1318.0,45,4982,1363.0
1319.0,47,1640,1366.0
1320.0,43,6003,1363.0
1321.0,40,7446,1361.0
1322.0,50,3814,1372.0
1322.0,39,5263,1361.0
1323.0,38,3044,1361.0
1325.0,42,49,1367.0
1327.0,39,8232,1366.0
1328.0,1173,43,2501.0
1328.0,43,7776,1371.0
1329.0,1171,43,2500.0
1329.0,39,6492,1368.0
1329.0,1172,43,2501.0
1333.0,32,216,1365.0
1333.0,32,199,1365.0
1334.0,59,562,1393.0
1416.0,48,1406,1464.0
1417.0,46,3155,1463.0
1418.0,45,386,1463.0
2784.0,29,8764,2813.0
2831.0,33,49,2864.0
2832.0,33,146,2865.0
2832.0,220,43,3052.0
3804.0,943,42,4747.0
6777.0,224,43,7001.0
1289.0,119,49,1408.0
1289.0,116,9868,1405.0
1371.0,39,4982,1410.0
1371.0,68,1640,1439.0
1372.0,38,6003,1410.0
1373.0,39,7446,1412.0
1374.0,62,3814,1436.0
1375.0,38,5263,1413.0
1375.0,33,3044,1408.0
1377.0,62,49,1439.0
1379.0,33,6762,1412.0
1380.0,1244,43,2624.0
1380.0,33,7776,1413.0
1381.0,1241,43,2622.0
1381.0,56,6492,1437.0
1382.0,1242,43,2624.0
1385.0,26,216,1411.0
1386.0,52,199,1438.0
1386.0,51,562,1437.0
1479.0,51,1406,1530.0
1480.0,51,3155,1531.0
1480.0,51,386,1531.0
2879.0,33,8764,2912.0
2926.0,38,49,2964.0
2926.0,41,146,2967.0
2927.0,225,43,3152.0
3891.0,941,42,4832.0
6891.0,216,43,7107.0
1347.0,118,49,1465.0
1348.0,121,9868,1469.0
1430.0,45,4982,1475.0
1430.0,45,1640,1475.0
1431.0,42,6003,1473.0
1432.0,40,7446,1472.0
1433.0,75,3814,1508.0
1434.0,46,5263,1480.0
1435.0,48,3044,1483.0
1436.0,39,49,1475.0
1439.0,44,6762,1483.0
1439.0,1394,43,2833.0
1440.0,37,7776,1477.0
1440.0,1392,43,2832.0
1440.0,68,6492,1508.0
1441.0,1393,43,2834.0
1445.0,39,216,1484.0
1445.0,36,199,1481.0
1445.0,32,562,1477.0
1536.0,46,1406,1582.0
1537.0,45,3155,1582.0
1537.0,45,386,1582.0
3101.0,21,8764,3122.0
3148.0,34,49,3182.0
3149.0,33,146,3182.0
3149.0,216,43,3365.0
4107.0,920,42,5027.0
7096.0,253,43,7349.0
1318.0,125,49,1443.0
1336.0,121,9868,1457.0
1368.0,88,4982,1456.0
1369.0,82,1640,1451.0
1370.0,87,6003,1457.0
1371.0,85,7446,1456.0
1372.0,88,3814,1460.0
1372.0,83,5263,1455.0
1373.0,79,3044,1452.0
1375.0,87,49,1462.0
1377.0,82,8232,1459.0
1377.0,1182,43,2559.0
1378.0,72,7776,1450.0
1379.0,1199,43,2578.0
1379.0,82,6492,1461.0
1379.0,1197,43,2576.0
1383.0,78,216,1461.0
1383.0,78,199,1461.0
1384.0,79,562,1463.0
1386.0,73,1406,1459.0
1386.0,101,3155,1487.0
1387.0,100,386,1487.0
3191.0,79,8764,3270.0
3267.0,51,49,3318.0
3267.0,50,146,3317.0
3268.0,251,43,3519.0
4257.0,929,42,5186.0
7330.0,222,43,7552.0
1088.0,111,49,1199.0
1089.0,106,9868,1195.0
1175.0,25,4982,1200.0
1175.0,57,1640,1232.0
1176.0,25,6003,1201.0
1177.0,56,7446,1233.0
1178.0,48,3814,1226.0
1179.0,22,5263,1201.0
1180.0,20,3044,1200.0
1181.0,46,49,1227.0
1183.0,44,6762,1227.0
1184.0,1176,43,2360.0
1185.0,45,7776,1230.0
1185.0,1174,43,2359.0
1185.0,48,6492,1233.0
1186.0,1174,43,2360.0
1190.0,42,216,1232.0
1190.0,40,199,1230.0
1190.0,38,562,1228.0
1280.0,47,1406,1327.0
1281.0,47,3155,1328.0
1282.0,45,386,1327.0
2959.0,113,8764,3072.0
3067.0,55,49,3122.0
3067.0,58,146,3125.0
3068.0,251,43,3319.0
4053.0,955,42,5008.0
7104.0,431,43,7535.0
1252.0,154,49,1406.0
1286.0,120,9868,1406.0
1368.0,70,4982,1438.0
1369.0,74,1640,1443.0
1369.0,38,6003,1407.0
1370.0,69,7446,1439.0
1371.0,70,3814,1441.0
1372.0,66,5263,1438.0
1373.0,69,3044,1442.0
1374.0,65,49,1439.0
1377.0,65,6762,1442.0
1377.0,1769,43,3146.0
1378.0,66,7776,1444.0
1378.0,1769,43,3147.0
1379.0,64,6492,1443.0
1379.0,1769,43,3148.0
1383.0,58,216,1441.0
1383.0,54,199,1437.0
1384.0,54,562,1438.0
1479.0,47,1406,1526.0
1480.0,47,3155,1527.0
1481.0,46,386,1527.0
3519.0,32,8764,3551.0
4176.0,36,49,4212.0
4176.0,35,146,4211.0
4177.0,218,43,4395.0
5090.0,920,42,6010.0
7358.0,250,43,7608.0
1245.0,135,49,1380.0
1342.0,84,9868,1426.0
1369.0,56,4982,1425.0
1369.0,146,1640,1515.0
1370.0,55,6003,1425.0
1370.0,56,7446,1426.0
1371.0,147,3814,1518.0
1371.0,56,5263,1427.0
1372.0,55,3044,1427.0
1372.0,58,49,1430.0
1373.0,144,6762,1517.0
1373.0,1814,43,3187.0
1373.0,142,7776,1515.0
1374.0,1815,43,3189.0
1374.0,141,6492,1515.0
1374.0,1814,43,3188.0
1375.0,54,216,1429.0
1375.0,54,199,1429.0
1375.0,142,562,1517.0
1462.0,90,1406,1552.0
1463.0,89,3155,1552.0
1464.0,87,386,1551.0
3433.0,50,8764,3483.0
3480.0,46,49,3526.0
3480.0,45,146,3525.0
3481.0,233,43,3714.0
4454.0,941,42,5395.0
7397.0,226,43,7623.0
1404.0,174,49,1578.0
1406.0,174,4982,1580.0
1407.0,217,1640,1624.0
1407.0,169,6003,1576.0
1408.0,173,7446,1581.0
1408.0,128,3814,1536.0
1409.0,169,5263,1578.0
1409.0,165,3044,1574.0
1410.0,165,49,1575.0
1410.0,167,6762,1577.0
1410.0,1647,43,3057.0
1411.0,216,7776,1627.0
1411.0,1645,43,3056.0
1412.0,215,6492,1627.0
1412.0,1644,43,3056.0
1412.0,167,216,1579.0
1413.0,167,199,1580.0
1413.0,162,562,1575.0
1447.0,135,9868,1582.0
1533.0,91,1406,1624.0
1534.0,96,3155,1630.0
1535.0,95,386,1630.0
3419.0,52,8764,3471.0
3466.0,34,49,3500.0
3467.0,35,146,3502.0
3467.0,465,43,3932.0
4427.0,938,42,5365.0
7265.0,214,43,7479.0
1335.0,143,49,1478.0
1342.0,136,9868,1478.0
1441.0,94,4982,1535.0
1442.0,145,1640,1587.0
1443.0,91,6003,1534.0
1444.0,88,7446,1532.0
1445.0,99,3814,1544.0
1446.0,89,5263,1535.0
1447.0,82,3044,1529.0
1448.0,101,49,1549.0
1451.0,98,8232,1549.0
1451.0,1237,43,2688.0
1452.0,94,7776,1546.0
1452.0,1235,43,2687.0
1453.0,93,6492,1546.0
1453.0,1233,43,2686.0
1457.0,90,216,1547.0
1457.0,89,199,1546.0
1458.0,87,562,1545.0
1506.0,43,1406,1549.0
1506.0,41,3155,1547.0
1507.0,41,386,1548.0
3296.0,84,8764,3380.0
3377.0,59,49,3436.0
3377.0,53,146,3430.0
3377.0,260,43,3637.0
4361.0,935,42,5296.0
7442.0,423,43,7865.0
1234.0,136,49,1370.0
1267.0,128,9868,1395.0
1348.0,43,4982,1391.0
1349.0,46,1640,1395.0
1350.0,44,6003,1394.0
1351.0,40,7446,1391.0
1352.0,45,3814,1397.0
1352.0,41,5263,1393.0
1353.0,41,3044,1394.0
1355.0,83,49,1438.0
1357.0,81,6762,1438.0
1357.0,1332,43,2689.0
1358.0,80,7776,1438.0
1358.0,1329,43,2687.0
1359.0,44,6492,1403.0
1359.0,1329,43,2688.0
1363.0,41,216,1404.0
1363.0,32,199,1395.0
1364.0,75,562,1439.0
1498.0,47,1406,1545.0
1499.0,45,3155,1544.0
1499.0,45,386,1544.0
3336.0,43,8764,3379.0
3413.0,21,49,3434.0
3413.0,20,146,3433.0
3413.0,218,43,3631.0
4340.0,916,42,5256.0
7483.0,222,43,7705.0
1263.0,145,49,1408.0
1296.0,136,9868,1432.0
1381.0,51,4982,1432.0
1382.0,57,1640,1439.0
1384.0,42,6003,1426.0
1385.0,41,7446,1426.0
1386.0,50,3814,1436.0
1386.0,40,5263,1426.0
1387.0,45,3044,1432.0
1389.0,48,49,1437.0
1394.0,41,6762,1435.0
1394.0,1978,43,3372.0
1395.0,40,7776,1435.0
1395.0,1977,43,3372.0
1396.0,38,6492,1434.0
1396.0,1976,43,3372.0
1400.0,35,216,1435.0
1401.0,36,199,1437.0
1401.0,76,562,1477.0
1538.0,47,1406,1585.0
1539.0,45,3155,1584.0
1540.0,45,386,1585.0
3716.0,52,8764,3768.0
3764.0,49,49,3813.0
3764.0,50,146,3814.0
3764.0,561,43,4325.0
4739.0,928,42,5667.0
7668.0,222,43,7890.0
1272.0,121,49,1393.0
1273.0,121,9868,1394.0
1315.0,146,4982,1461.0
1316.0,152,1640,1468.0
1317.0,143,6003,1460.0
1318.0,143,7446,1461.0
1319.0,150,3814,1469.0
1320.0,142,5263,1462.0
1321.0,98,3044,1419.0
1322.0,143,49,1465.0
1325.0,142,8232,1467.0
1325.0,1685,43,3010.0
1326.0,138,7776,1464.0
1326.0,1684,43,3010.0
1327.0,138,6492,1465.0
1327.0,1684,43,3011.0
1331.0,133,216,1464.0
1331.0,137,199,1468.0
1332.0,136,562,1468.0
1334.0,131,1406,1465.0
1334.0,132,3155,1466.0
1335.0,181,386,1516.0
3282.0,17,8764,3299.0
3330.0,35,49,3365.0
3331.0,33,146,3364.0
3332.0,595,43,3927.0
4283.0,913,42,5196.0
7445.0,227,43,7672.0
1462.0,124,49,1586.0
1462.0,124,9868,1586.0
1545.0,42,4982,1587.0
1546.0,76,1640,1622.0
1547.0,42,6003,1589.0
1548.0,39,7446,1587.0
1549.0,74,3814,1623.0
1550.0,40,5263,1590.0
1550.0,40,3044,1590.0
1552.0,75,49,1627.0
1554.0,69,8232,1623.0
1555.0,1312,43,2867.0
1555.0,69,7776,1624.0
1556.0,1311,43,2867.0
1556.0,69,6492,1625.0
1557.0,1310,43,2867.0
1560.0,66,216,1626.0
1561.0,65,199,1626.0
1561.0,61,562,1622.0
1649.0,50,1406,1699.0
1650.0,49,3155,1699.0
1651.0,79,386,1730.0
3519.0,42,8764,3561.0
3599.0,47,49,3646.0
3599.0,47,146,3646.0
3600.0,233,43,3833.0
4577.0,912,42,5489.0
7668.0,250,43,7918.0
1329.0,109,49,1438.0
1330.0,110,9868,1440.0
1415.0,60,4982,1475.0
1416.0,59,1640,1475.0
1417.0,49,6003,1466.0
1418.0,21,7446,1439.0
1419.0,50,3814,1469.0
1419.0,55,5263,1474.0
1420.0,51,3044,1471.0
1422.0,48,49,1470.0
1424.0,46,6762,1470.0
1425.0,1379,43,2804.0
1426.0,49,7776,1475.0
1426.0,1378,43,2804.0
1426.0,45,6492,1471.0
1427.0,1378,43,2805.0
1430.0,37,216,1467.0
1431.0,39,199,1470.0
1431.0,42,562,1473.0
1529.0,47,1406,1576.0
1530.0,45,3155,1575.0
1531.0,45,386,1576.0
3503.0,68,8764,3571.0
3568.0,57,49,3625.0
3568.0,56,146,3624.0
3568.0,261,43,3829.0
4555.0,1104,42,5659.0
7640.0,269,43,7909.0
1004.0,156,49,1160.0
1036.0,124,9868,1160.0
1121.0,41,4982,1162.0
1122.0,83,1640,1205.0
1123.0,41,6003,1164.0
1124.0,39,7446,1163.0
1124.0,77,3814,1201.0
1125.0,40,5263,1165.0
1126.0,36,3044,1162.0
1127.0,74,49,1201.0
1130.0,73,6762,1203.0
1130.0,1261,43,2391.0
1131.0,73,7776,1204.0
1131.0,1260,43,2391.0
1132.0,74,6492,1206.0
1132.0,1259,43,2391.0
1136.0,69,216,1205.0
1136.0,69,199,1205.0
1137.0,66,562,1203.0
1261.0,45,1406,1306.0
1262.0,45,3155,1307.0
1263.0,69,386,1332.0
3023.0,36,8764,3059.0
3735.0,18,49,3753.0
3735.0,18,146,3753.0
3736.0,208,43,3944.0
4650.0,916,42,5566.0
7149.0,220,43,7369.0
1288.0,123,49,1411.0
1288.0,121,9868,1409.0
1330.0,143,4982,1473.0
1331.0,144,1640,1475.0
1332.0,1271,6021,2603.0
1334.0,1265,6255,2599.0
1335.0,1264,5070,2599.0
1336.0,1265,6897,2601.0
1337.0,1266,4592,2603.0
1337.0,138,49,1475.0
1340.0,137,6762,1477.0
1340.0,1261,43,2601.0
1341.0,135,7776,1476.0
1341.0,1263,43,2604.0
1343.0,136,6492,1479.0
1343.0,1259,43,2602.0
1347.0,132,216,1479.0
1347.0,132,199,1479.0
1347.0,130,562,1477.0
1350.0,178,1406,1528.0
1350.0,127,3155,1477.0
1351.0,127,386,1478.0
3263.0,60,8764,3323.0
3340.0,63,49,3403.0
3340.0,63,146,3403.0
3341.0,249,43,3590.0
4374.0,951,42,5325.0
7393.0,210,43,7603.0
1411.0,165,49,1576.0
1411.0,165,9868,1576.0
1506.0,97,4982,1603.0
1507.0,100,1640,1607.0
1508.0,144,6021,1652.0
1510.0,92,6255,1602.0
1511.0,90,5070,1601.0
1512.0,96,6897,1608.0
1513.0,139,4592,1652.0
1513.0,138,49,1651.0
1516.0,92,6762,1608.0
1517.0,1431,43,2948.0
1517.0,85,7776,1602.0
1518.0,1431,43,2949.0
1518.0,91,6492,1609.0
1519.0,1428,43,2947.0
1522.0,87,216,1609.0
1523.0,85,199,1608.0
1523.0,178,562,1701.0
1529.0,123,1406,1652.0
1530.0,173,3155,1703.0
1530.0,171,386,1701.0
3659.0,34,8764,3693.0
3745.0,46,49,3791.0
3745.0,46,146,3791.0
3745.0,232,43,3977.0
4686.0,905,42,5591.0
7790.0,444,43,8234.0
1386.0,140,49,1526.0
1393.0,131,9868,1524.0
1482.0,41,4982,1523.0
1483.0,84,1640,1567.0
1484.0,43,6021,1527.0
1486.0,40,6255,1526.0
1487.0,78,5070,1565.0
1487.0,82,6897,1569.0
1488.0,82,4592,1570.0
1489.0,78,49,1567.0
1491.0,77,8232,1568.0
1491.0,1310,43,2801.0
1492.0,66,7776,1558.0
1492.0,1311,43,2803.0
1493.0,73,6492,1566.0
1493.0,1309,43,2802.0
1497.0,73,216,1570.0
1497.0,70,199,1567.0
1498.0,71,562,1569.0
1597.0,45,1406,1642.0
1598.0,44,3155,1642.0
1599.0,66,386,1665.0
3467.0,26,8764,3493.0
3542.0,53,49,3595.0
3542.0,55,146,3597.0
3543.0,249,43,3792.0
4522.0,925,42,5447.0
7602.0,300,43,7902.0
1332.0,104,49,1436.0
1332.0,104,9868,1436.0
1414.0,45,4982,1459.0
1415.0,49,1640,1464.0
1416.0,43,6021,1459.0
1418.0,42,6255,1460.0
1418.0,47,5070,1465.0
1419.0,47,6897,1466.0
1420.0,82,4592,1502.0
1420.0,43,49,1463.0
1423.0,40,8232,1463.0
1423.0,1406,43,2829.0
1424.0,40,7776,1464.0
1424.0,1406,43,2830.0
1425.0,37,6492,1462.0
1425.0,1404,43,2829.0
1429.0,73,216,1502.0
1429.0,36,199,1465.0
1430.0,32,562,1462.0
1528.0,49,1406,1577.0
1529.0,47,3155,1576.0
1530.0,46,386,1576.0
3635.0,55,49,3690.0
3635.0,54,146,3689.0
3636.0,223,43,3859.0
4616.0,933,42,5549.0
7668.0,457,43,8125.0
1262.0,70,49,1332.0
1320.0,34,4982,1354.0
1320.0,39,1640,1359.0
1321.0,35,6021,1356.0
1322.0,33,6255,1355.0
1322.0,52,5070,1374.0
1322.0,35,6897,1357.0
1323.0,53,4592,1376.0
1323.0,36,49,1359.0
1323.0,50,6762,1373.0
1324.0,864,43,2188.0
1324.0,50,7776,1374.0
1325.0,863,43,2188.0
1325.0,49,6492,1374.0
1325.0,864,43,2189.0
1325.0,33,216,1358.0
1326.0,47,199,1373.0
1326.0,31,562,1357.0
2091.0,205,9868,2296.0
2133.0,76,1406,2209.0
2134.0,78,3155,2212.0
2134.0,76,386,2210.0
4299.0,65,49,4364.0
4300.0,65,146,4365.0
4300.0,219,43,4519.0
5240.0,923,42,6163.0
8378.0,216,43,8594.0
1288.0,107,49,1395.0
1289.0,105,9868,1394.0
1373.0,47,4982,1420.0
1374.0,90,1640,1464.0
1375.0,43,6021,1418.0
1376.0,43,6255,1419.0
1377.0,45,5070,1422.0
1378.0,44,6897,1422.0
1379.0,84,4592,1463.0
1379.0,42,49,1421.0
1382.0,81,8232,1463.0
1382.0,2071,43,3453.0
1383.0,77,7776,1460.0
1383.0,2070,43,3453.0
1384.0,77,6492,1461.0
1384.0,2070,43,3454.0
1388.0,74,216,1462.0
1388.0,73,199,1461.0
1389.0,34,562,1423.0
1526.0,46,1406,1572.0
1527.0,44,3155,1571.0
1527.0,44,386,1571.0
3866.0,21,8764,3887.0
3916.0,48,49,3964.0
3917.0,47,146,3964.0
3917.0,529,43,4446.0
4898.0,924,42,5822.0
7748.0,291,43,8039.0
1346.0,119,49,1465.0
1352.0,111,9868,1463.0
1441.0,24,4982,1465.0
1442.0,57,1640,1499.0
1443.0,56,6021,1499.0
1445.0,55,6255,1500.0
1446.0,52,5070,1498.0
1446.0,49,6897,1495.0
1447.0,50,4592,1497.0
1447.0,44,49,1491.0
1450.0,51,8232,1501.0
1450.0,1481,43,2931.0
1451.0,45,7776,1496.0
1451.0,1479,43,2930.0
1452.0,44,6492,1496.0
1452.0,1479,43,2931.0
1456.0,38,216,1494.0
1456.0,36,199,1492.0
1457.0,41,562,1498.0
1549.0,63,1406,1612.0
1550.0,62,3155,1612.0
1551.0,60,386,1611.0
3667.0,32,8764,3699.0
3730.0,61,49,3791.0
3731.0,60,146,3791.0
3731.0,237,43,3968.0
4718.0,944,42,5662.0
7803.0,277,43,8080.0
1313.0,128,49,1441.0
1319.0,122,9868,1441.0
1361.0,82,4982,1443.0
1363.0,114,1640,1477.0
1364.0,112,6021,1476.0
1366.0,113,6255,1479.0
1367.0,107,5070,1474.0
1368.0,110,6897,1478.0
1368.0,111,4592,1479.0
1369.0,104,49,1473.0
1372.0,107,6762,1479.0
1372.0,1591,43,2963.0
1373.0,100,7776,1473.0
1373.0,1591,43,2964.0
1373.0,103,6492,1476.0
1374.0,1591,43,2965.0
1378.0,98,216,1476.0
1378.0,94,199,1472.0
1378.0,100,562,1478.0
1532.0,68,1406,1600.0
1532.0,67,3155,1599.0
1533.0,65,386,1598.0
3719.0,30,8764,3749.0
3781.0,74,49,3855.0
3782.0,73,146,3855.0
3782.0,265,43,4047.0
4794.0,924,42,5718.0
7854.0,216,43,8070.0
1447.0,145,49,1592.0
1483.0,107,9868,1590.0
1568.0,26,4982,1594.0
1569.0,47,1640,1616.0
1570.0,21,6021,1591.0
1572.0,49,6255,1621.0
1573.0,47,5070,1620.0
1573.0,43,6897,1616.0
1574.0,44,4592,1618.0
1575.0,45,49,1620.0
1577.0,40,6762,1617.0
1577.0,1469,43,3046.0
1578.0,45,7776,1623.0
1578.0,1469,43,3047.0
1579.0,43,6492,1622.0
1579.0,1468,43,3047.0
1583.0,37,216,1620.0
1583.0,37,199,1620.0
1584.0,77,562,1661.0
1682.0,48,1406,1730.0
1683.0,48,3155,1731.0
1683.0,47,386,1730.0
3790.0,62,8764,3852.0
3869.0,28,49,3897.0
3870.0,59,146,3929.0
3870.0,218,43,4088.0
4849.0,914,42,5763.0
7910.0,220,43,8130.0
1294.0,160,49,1454.0
1327.0,129,9868,1456.0
1416.0,39,4982,1455.0
1417.0,77,1640,1494.0
1418.0,36,6021,1454.0
1419.0,34,6255,1453.0
1420.0,81,5070,1501.0
1421.0,80,6897,1501.0
1422.0,70,4592,1492.0
1422.0,71,49,1493.0
1425.0,67,6762,1492.0
1425.0,1389,43,2814.0
1426.0,69,7776,1495.0
1426.0,1389,43,2815.0
1427.0,66,6492,1493.0
1427.0,1386,43,2813.0
1431.0,61,216,1492.0
1431.0,62,199,1493.0
1431.0,70,562,1501.0
1497.0,57,1406,1554.0
1498.0,55,3155,1553.0
1499.0,17,386,1516.0
3667.0,37,8764,3704.0
4581.0,41,49,4622.0
4581.0,40,146,4621.0
4582.0,241,43,4823.0
5518.0,930,42,6448.0
7814.0,244,43,8058.0
1336.0,112,49,1448.0
1337.0,113,9868,1450.0
1427.0,49,4982,1476.0
1428.0,93,1640,1521.0
1429.0,47,6021,1476.0
1431.0,889,4776,2320.0
1431.0,43,5070,1474.0
1432.0,89,6897,1521.0
1433.0,87,4592,1520.0
1433.0,46,49,1479.0
1436.0,44,6762,1480.0
1436.0,884,43,2320.0
1437.0,84,7776,1521.0
1437.0,882,43,2319.0
1438.0,41,6492,1479.0
1438.0,881,43,2319.0
1442.0,78,216,1520.0
1442.0,37,199,1479.0
1443.0,35,562,1478.0
1551.0,60,1406,1611.0
1552.0,60,3155,1612.0
1555.0,90,386,1645.0
4254.0,116,8764,4370.0
4367.0,31,49,4398.0
4367.0,31,146,4398.0
4367.0,213,43,4580.0
5297.0,957,42,6254.0
8240.0,223,43,8463.0
1250.0,128,49,1378.0
1251.0,126,9868,1377.0
1340.0,40,4982,1380.0
1340.0,80,1640,1420.0
1341.0,40,6021,1381.0
1343.0,77,4776,1420.0
1344.0,973,6213,2317.0
1344.0,79,6897,1423.0
1345.0,74,4592,1419.0
1346.0,76,49,1422.0
1348.0,76,8232,1424.0
1348.0,2618,43,3966.0
1349.0,73,7776,1422.0
1350.0,2615,43,3965.0
1350.0,75,6492,1425.0
1350.0,2616,43,3966.0
1354.0,66,216,1420.0
1355.0,69,199,1424.0
1355.0,68,562,1423.0
1463.0,46,1406,1509.0
1464.0,47,3155,1511.0
1464.0,45,386,1509.0
4401.0,40,49,4441.0
4401.0,39,146,4440.0
4401.0,478,43,4879.0
5375.0,909,42,6284.0
8520.0,420,42,8940.0
1459.0,108,49,1567.0
1459.0,109,9868,1568.0
1546.0,45,4982,1591.0
1547.0,88,1640,1635.0
1548.0,41,6021,1589.0
1549.0,44,4776,1593.0
1550.0,82,6213,1632.0
1551.0,82,6897,1633.0
1551.0,83,4592,1634.0
1552.0,81,49,1633.0
1555.0,78,6762,1633.0
1555.0,2793,43,4348.0
1556.0,82,7203,1638.0
1556.0,2791,43,4347.0
1556.0,75,6492,1631.0
1557.0,2790,43,4347.0
1561.0,77,216,1638.0
1561.0,75,199,1636.0
1561.0,73,562,1634.0
1673.0,48,1406,1721.0
1673.0,47,3155,1720.0
1675.0,45,386,1720.0
4626.0,38,49,4664.0
4626.0,38,146,4664.0
4626.0,240,43,4866.0
5566.0,929,42,6495.0
8812.0,323,42,9135.0
1387.0,160,49,1547.0
1388.0,157,4982,1545.0
1388.0,157,1640,1545.0
1389.0,163,6021,1552.0
1390.0,156,4776,1546.0
1390.0,282,6213,1672.0
1390.0,158,6897,1548.0
1390.0,158,4592,1548.0
1391.0,162,49,1553.0
1391.0,242,8232,1633.0
1391.0,1155,43,2546.0
1392.0,160,6634,1552.0
1392.0,1155,43,2547.0
1392.0,240,4901,1632.0
1392.0,1153,43,2545.0
1393.0,154,216,1547.0
1393.0,155,199,1548.0
1393.0,279,562,1672.0
1429.0,118,9868,1547.0
1620.0,67,1406,1687.0
1621.0,100,3155,1721.0
1622.0,100,386,1722.0
4991.0,51,49,5042.0
4992.0,50,146,5042.0
4992.0,225,43,5217.0
5956.0,927,42,6883.0
7164.0,270,42,7434.0
2538.0,63,49,2601.0
2540.0,60,4982,2600.0
2540.0,170,1640,2710.0
2541.0,61,6021,2602.0
2542.0,169,4776,2711.0
2542.0,163,6213,2705.0
2542.0,165,6897,2707.0
2543.0,63,4592,2606.0
2543.0,63,49,2606.0
2543.0,61,6762,2604.0
2544.0,2267,43,4811.0
2544.0,162,6634,2706.0
2544.0,2266,43,4810.0
2545.0,165,5354,2710.0
2545.0,2266,43,4811.0
2545.0,165,216,2710.0
2546.0,158,199,2704.0
2546.0,162,562,2708.0
2613.0,147,9868,2760.0
2656.0,103,1406,2759.0
2656.0,104,3155,2760.0
2657.0,102,386,2759.0
5987.0,64,49,6051.0
5988.0,65,146,6053.0
5988.0,228,43,6216.0
6928.0,921,42,7849.0
10272.0,300,42,10572.0
1473.0,144,49,1617.0
1506.0,112,9868,1618.0
1596.0,46,4982,1642.0
1596.0,49,1640,1645.0
1597.0,46,6021,1643.0
1599.0,94,4776,1693.0
1600.0,94,6213,1694.0
1600.0,44,6897,1644.0
1601.0,91,4592,1692.0
1602.0,44,49,1646.0
1604.0,1088,7599,2692.0
1605.0,1088,43,2693.0
1605.0,91,6634,1696.0
1606.0,1083,43,2689.0
1606.0,1085,7272,2691.0
1606.0,1083,43,2689.0
1610.0,83,216,1693.0
1611.0,82,199,1693.0
1611.0,35,562,1646.0
1725.0,47,1406,1772.0
1726.0,46,3155,1772.0
1727.0,46,386,1773.0
5244.0,40,49,5284.0
5245.0,40,146,5285.0
5245.0,214,43,5459.0
6184.0,927,42,7111.0
7289.0,328,42,7617.0
1273.0,158,49,1431.0
1274.0,152,4982,1426.0
1275.0,149,1640,1424.0
1275.0,152,6021,1427.0
1276.0,150,4776,1426.0
1276.0,148,6213,1424.0
1277.0,150,6897,1427.0
1277.0,1272,3167,2549.0
1277.0,156,49,1433.0
1278.0,148,7599,1426.0
1278.0,1352,43,2630.0
1278.0,152,5942,1430.0
1279.0,1351,43,2630.0
1279.0,154,7272,1433.0
1279.0,1352,43,2631.0
1279.0,144,216,1423.0
1280.0,148,199,1428.0
1280.0,155,562,1435.0
1330.0,107,9868,1437.0
1503.0,75,1406,1578.0
1504.0,92,3155,1596.0
1505.0,74,386,1579.0
5173.0,44,49,5217.0
5174.0,44,146,5218.0
5177.0,222,43,5399.0
6113.0,956,42,7069.0
7254.0,329,42,7583.0
1234.0,203,49,1437.0
1385.0,154,9868,1539.0
1392.0,50,4982,1442.0
1392.0,149,1640,1541.0
1392.0,48,6021,1440.0
1393.0,142,4776,1535.0
1394.0,45,6213,1439.0
1394.0,46,6897,1440.0
1394.0,46,3167,1440.0
1395.0,147,49,1542.0
1395.0,1218,6388,2613.0
1395.0,1216,43,2611.0
1396.0,144,6483,1540.0
1396.0,1218,43,2614.0
1397.0,141,7272,1538.0
1397.0,1216,43,2613.0
1397.0,146,216,1543.0
1398.0,44,199,1442.0
1398.0,145,562,1543.0
1594.0,49,1406,1643.0
1595.0,48,3155,1643.0
1596.0,1016,386,2612.0
5272.0,69,49,5341.0
5272.0,59,146,5331.0
5273.0,267,43,5540.0
6229.0,936,42,7165.0
7103.0,392,42,7495.0
1310.0,162,49,1472.0
1344.0,126,9868,1470.0
1386.0,87,4982,1473.0
1387.0,125,1640,1512.0
1389.0,87,6021,1476.0
1391.0,87,4776,1478.0
1391.0,117,6213,1508.0
1392.0,116,6897,1508.0
1393.0,79,3167,1472.0
1394.0,113,49,1507.0
1396.0,1019,7229,2415.0
1396.0,1020,43,2416.0
1397.0,115,6634,1512.0
1397.0,1019,43,2416.0
1398.0,1018,5112,2416.0
1398.0,1015,43,2413.0
1403.0,107,216,1510.0
1403.0,107,199,1510.0
1403.0,73,562,1476.0
1571.0,70,1406,1641.0
1572.0,70,3155,1642.0
1573.0,70,386,1643.0
4615.0,35,49,4650.0
4615.0,35,146,4650.0
4615.0,209,43,4824.0
5541.0,923,42,6464.0
8635.0,314,42,8949.0
1585.0,172,49,1757.0
1621.0,135,9868,1756.0
1670.0,108,4982,1778.0
1671.0,169,1640,1840.0
1673.0,148,4776,1821.0
1674.0,164,6213,1838.0
1675.0,165,6897,1840.0
1675.0,145,3167,1820.0
1676.0,1136,6862,2812.0
1677.0,164,49,1841.0
1679.0,163,7229,1842.0
1680.0,1228,43,2908.0
1680.0,220,6677,1900.0
1681.0,1228,43,2909.0
1681.0,157,5112,1838.0
1682.0,1225,43,2907.0
1686.0,154,216,1840.0
1686.0,152,199,1838.0
1686.0,210,562,1896.0
1689.0,148,1406,1837.0
1689.0,209,3155,1898.0
1690.0,207,386,1897.0
5304.0,61,49,5365.0
5304.0,61,146,5365.0
5304.0,237,43,5541.0
6285.0,927,42,7212.0
7395.0,352,42,7747.0
2180.0,69,49,2249.0
2182.0,65,4982,2247.0
2182.0,66,1640,2248.0
2183.0,72,4776,2255.0
2183.0,65,6213,2248.0
2183.0,59,6897,2242.0
2184.0,66,3167,2250.0
2184.0,62,6862,2246.0
2185.0,64,49,2249.0
2185.0,60,7229,2245.0
2185.0,2325,43,4510.0
2186.0,69,5942,2255.0
2186.0,2324,43,4510.0
2186.0,66,7272,2252.0
2186.0,2323,43,4509.0
2187.0,63,216,2250.0
2187.0,56,199,2243.0
2187.0,58,562,2245.0
2275.0,109,9868,2384.0
2315.0,69,1406,2384.0
2316.0,132,3155,2448.0
2316.0,131,386,2447.0
5727.0,33,49,5760.0
5728.0,32,146,5760.0
5728.0,216,43,5944.0
6623.0,924,42,7547.0
9996.0,321,42,10317.0
1504.0,171,49,1675.0
1505.0,173,4982,1678.0
1505.0,163,1640,1668.0
1506.0,162,4776,1668.0
1507.0,163,6213,1670.0
1507.0,165,6897,1672.0
1507.0,170,3167,1677.0
1508.0,169,6862,1677.0
1508.0,164,49,1672.0
1508.0,166,7229,1674.0
1509.0,1236,43,2745.0
1509.0,1238,7021,2747.0
1509.0,1235,43,2744.0
1510.0,166,4901,1676.0
1510.0,1234,43,2744.0
1510.0,160,216,1670.0
1510.0,168,199,1678.0
1511.0,159,562,1670.0
1549.0,122,9868,1671.0
1727.0,65,1406,1792.0
1727.0,111,3155,1838.0
1728.0,110,386,1838.0
5438.0,39,49,5477.0
5439.0,38,146,5477.0
5440.0,204,43,5644.0
6413.0,937,42,7350.0
7239.0,386,42,7625.0
1274.0,175,49,1449.0
1275.0,173,4982,1448.0
1276.0,274,1640,1550.0
1276.0,176,4776,1452.0
1277.0,274,6213,1551.0
1277.0,168,6897,1445.0
1277.0,173,3167,1450.0
1278.0,172,6862,1450.0
1278.0,175,49,1453.0
1278.0,156,7229,1434.0
1279.0,1289,43,2568.0
1279.0,273,7297,1552.0
1279.0,1288,43,2567.0
1280.0,168,5354,1448.0
1280.0,1288,43,2568.0
1280.0,170,216,1450.0
1281.0,170,199,1451.0
1281.0,152,562,1433.0
1319.0,133,9868,1452.0
1503.0,989,1406,2492.0
1503.0,989,3155,2492.0
1504.0,991,386,2495.0
5273.0,42,49,5315.0
5273.0,41,146,5314.0
5274.0,225,43,5499.0
6191.0,925,42,7116.0
7004.0,407,42,7411.0
1349.0,135,49,1484.0
1350.0,141,9868,1491.0
1379.0,110,4982,1489.0
1379.0,99,1640,1478.0
1381.0,110,4776,1491.0
1382.0,106,6213,1488.0
1383.0,103,6897,1486.0
1383.0,108,3167,1491.0
1384.0,105,6862,1489.0
1385.0,100,49,1485.0
1388.0,93,7229,1481.0
1388.0,1245,43,2633.0
1389.0,95,6634,1484.0
1389.0,1245,43,2634.0
1389.0,97,4901,1486.0
1390.0,1245,43,2635.0
1394.0,92,216,1486.0
1394.0,94,199,1488.0
1394.0,125,562,1519.0
1561.0,45,1406,1606.0
1561.0,45,3155,1606.0
1562.0,1071,386,2633.0
5434.0,63,49,5497.0
5435.0,62,146,5497.0
5435.0,233,43,5668.0
6363.0,927,42,7290.0
7149.0,391,42,7540.0
1372.0,134,49,1506.0
1372.0,135,9868,1507.0
1404.0,103,4982,1507.0
1405.0,107,1640,1512.0
1407.0,103,4776,1510.0
1408.0,139,6213,1547.0
1408.0,141,6897,1549.0
1409.0,98,3167,1507.0
1410.0,101,6862,1511.0
1411.0,133,49,1544.0
1413.0,132,7229,1545.0
1413.0,1194,43,2607.0
1414.0,134,7021,1548.0
1414.0,1194,43,2608.0
1415.0,128,7272,1543.0
1415.0,1193,43,2608.0
1419.0,127,216,1546.0
1419.0,130,199,1549.0
1420.0,120,562,1540.0
1620.0,46,1406,1666.0
1621.0,46,3155,1667.0
1622.0,46,386,1668.0
5499.0,75,49,5574.0
5500.0,75,146,5575.0
5500.0,243,43,5743.0
6476.0,912,42,7388.0
7186.0,405,42,7591.0
1394.0,148,49,1542.0
1427.0,115,9868,1542.0
1520.0,49,4982,1569.0
1521.0,105,1640,1626.0
1522.0,45,4776,1567.0
1523.0,103,6213,1626.0
1524.0,105,6897,1629.0
1525.0,45,3167,1570.0
1526.0,45,6862,1571.0
1526.0,98,49,1624.0
1529.0,49,7229,1578.0
1529.0,1127,43,2656.0
1530.0,50,7203,1580.0
1530.0,1137,43,2667.0
1531.0,97,7272,1628.0
1531.0,1125,43,2656.0
1535.0,43,216,1578.0
1535.0,93,199,1628.0
1536.0,93,562,1629.0
1660.0,48,1406,1708.0
1661.0,46,3155,1707.0
1661.0,46,386,1707.0
5164.0,53,49,5217.0
5165.0,51,146,5216.0
5165.0,244,43,5409.0
6129.0,947,42,7076.0
7238.0,345,42,7583.0
1474.0,146,49,1620.0
1475.0,146,9868,1621.0
1507.0,116,4982,1623.0
1507.0,107,1640,1614.0
1509.0,1124,5232,2633.0
1510.0,112,6213,1622.0
1511.0,106,6897,1617.0
1511.0,100,3167,1611.0
1512.0,105,6862,1617.0
1513.0,103,49,1616.0
1515.0,98,7229,1613.0
1516.0,3329,43,4845.0
1517.0,103,6634,1620.0
1517.0,3328,43,4845.0
1517.0,98,5112,1615.0
1518.0,3328,43,4846.0
1522.0,92,216,1614.0
1522.0,89,199,1611.0
1522.0,128,562,1650.0
1719.0,49,1406,1768.0
1720.0,48,3155,1768.0
1721.0,912,386,2633.0
5183.0,37,49,5220.0
5183.0,37,146,5220.0
5184.0,220,43,5404.0
6130.0,911,42,7041.0
7274.0,314,42,7588.0
1376.0,176,49,1552.0
1377.0,165,4982,1542.0
1378.0,169,1640,1547.0
1378.0,166,5232,1544.0
1379.0,163,6213,1542.0
1379.0,171,6897,1550.0
1379.0,165,3167,1544.0
1380.0,168,6862,1548.0
1380.0,161,49,1541.0
1381.0,166,7229,1547.0
1381.0,1234,43,2615.0
1381.0,171,6677,1552.0
1382.0,1235,43,2617.0
1383.0,158,5354,1541.0
1383.0,1233,43,2616.0
1383.0,165,216,1548.0
1384.0,165,199,1549.0
1384.0,165,562,1549.0
1421.0,122,9868,1543.0
1620.0,107,1406,1727.0
1620.0,107,3155,1727.0
1621.0,109,386,1730.0
5422.0,42,49,5464.0
5422.0,41,146,5463.0
5423.0,204,43,5627.0
6362.0,945,42,7307.0
7144.0,403,42,7547.0
1374.0,112,49,1486.0
1376.0,103,4982,1479.0
1376.0,109,1640,1485.0
1377.0,107,5232,1484.0
1378.0,102,6213,1480.0
1378.0,103,6897,1481.0
1378.0,103,3167,1481.0
1379.0,101,6862,1480.0
1379.0,99,49,1478.0
1380.0,104,7229,1484.0
1380.0,1212,43,2592.0
1381.0,108,7203,1489.0
1381.0,1211,43,2592.0
1381.0,97,7272,1478.0
1381.0,1210,43,2591.0
1382.0,107,216,1489.0
1382.0,103,199,1485.0
1383.0,98,562,1481.0
1502.0,48,9868,1550.0
1603.0,58,1406,1661.0
1604.0,989,3155,2593.0
1605.0,999,386,2604.0
5579.0,17,49,5596.0
5580.0,25,146,5605.0
5580.0,210,43,5790.0
6537.0,911,42,7448.0
7248.0,426,42,7674.0
1321.0,158,49,1479.0
1323.0,161,4982,1484.0
1323.0,150,1640,1473.0
1324.0,152,5232,1476.0
1324.0,154,6213,1478.0
1324.0,158,6897,1482.0
1325.0,158,3167,1483.0
1325.0,152,6862,1477.0
1326.0,154,49,1480.0
1326.0,146,7229,1472.0
1326.0,1348,43,2674.0
1327.0,155,6677,1482.0
1327.0,1349,43,2676.0
1327.0,148,5354,1475.0
1328.0,1347,43,2675.0
1328.0,145,216,1473.0
1328.0,142,199,1470.0
1328.0,148,562,1476.0
1364.0,110,9868,1474.0
1550.0,55,1406,1605.0
1551.0,1125,3155,2676.0
1551.0,1125,386,2676.0
5660.0,67,49,5727.0
5660.0,66,146,5726.0
5660.0,262,43,5922.0
6645.0,921,42,7566.0
7358.0,415,42,7773.0
1347.0,114,49,1461.0
1348.0,115,9868,1463.0
1372.0,89,4982,1461.0
1373.0,110,1640,1483.0
1374.0,89,5232,1463.0
1374.0,109,6213,1483.0
1374.0,108,6897,1482.0
1375.0,89,3167,1464.0
1375.0,89,6862,1464.0
1376.0,105,49,1481.0
1376.0,104,7229,1480.0
1377.0,1306,43,2683.0
1377.0,108,6677,1485.0
1377.0,1306,43,2683.0
1378.0,110,5354,1488.0
1378.0,1306,43,2684.0
1378.0,110,216,1488.0
1379.0,107,199,1486.0
1379.0,102,562,1481.0
1525.0,56,1406,1581.0
1526.0,120,3155,1646.0
1527.0,120,386,1647.0
5716.0,24,49,5740.0
5717.0,24,146,5741.0
5717.0,210,43,5927.0
6694.0,925,42,7619.0
7204.0,596,42,7800.0
1532.0,130,49,1662.0
1533.0,130,9868,1663.0
1574.0,92,4982,1666.0
1575.0,122,1640,1697.0
1577.0,87,5232,1664.0
1578.0,128,6213,1706.0
1579.0,126,6897,1705.0
1579.0,87,3167,1666.0
1580.0,87,6862,1667.0
1581.0,128,49,1709.0
1583.0,125,7229,1708.0
1584.0,1189,43,2773.0
1584.0,126,6634,1710.0
1585.0,1188,43,2773.0
1585.0,118,5354,1703.0
1586.0,1189,43,2775.0
1590.0,116,216,1706.0
1590.0,116,199,1706.0
1590.0,115,562,1705.0
1753.0,46,1406,1799.0
1754.0,46,3155,1800.0
1755.0,1020,386,2775.0
5431.0,73,49,5504.0
5431.0,72,146,5503.0
5431.0,246,43,5677.0
6399.0,955,42,7354.0
7293.0,419,42,7712.0
1416.0,170,49,1586.0
1449.0,130,4982,1579.0
1449.0,125,1640,1574.0
1450.0,128,5232,1578.0
1451.0,127,6213,1578.0
1451.0,127,6897,1578.0
1451.0,129,3167,1580.0
1452.0,133,6862,1585.0
1452.0,121,49,1573.0
1453.0,124,7229,1577.0
1453.0,1240,43,2693.0
1454.0,130,7203,1584.0
1454.0,1240,43,2694.0
1454.0,128,5354,1582.0
1455.0,1238,43,2693.0
1455.0,125,216,1580.0
1455.0,124,199,1579.0
1455.0,121,562,1576.0
1461.0,124,9868,1585.0
1655.0,108,1406,1763.0
1656.0,109,3155,1765.0
1656.0,110,386,1766.0
5633.0,924,49,6557.0
5634.0,922,146,6556.0
5634.0,1117,43,6751.0
6961.0,909,42,7870.0
7456.0,466,42,7922.0
1627.0,132,49,1759.0
1630.0,122,4982,1752.0
1630.0,126,1640,1756.0
1631.0,1299,6400,2930.0
1631.0,121,5232,1752.0
1632.0,122,6213,1754.0
1632.0,130,6897,1762.0
1632.0,133,3167,1765.0
1633.0,127,6862,1760.0
1633.0,133,49,1766.0
1633.0,131,7229,1764.0
1634.0,1295,43,2929.0
1634.0,124,6634,1758.0
1634.0,1296,43,2930.0
1635.0,127,7272,1762.0
1635.0,1294,43,2929.0
1635.0,120,216,1755.0
1636.0,127,199,1763.0
1636.0,130,562,1766.0
1643.0,115,9868,1758.0
1830.0,55,1406,1885.0
1831.0,1101,3155,2932.0
1831.0,1099,386,2930.0
5978.0,66,49,6044.0
5978.0,67,146,6045.0
5978.0,222,43,6200.0
6927.0,927,42,7854.0
7644.0,431,42,8075.0
1390.0,121,49,1511.0
1391.0,116,9868,1507.0
1396.0,114,4982,1510.0
1396.0,115,1640,1511.0
1397.0,1301,3749,2698.0
1397.0,110,6213,1507.0
1398.0,95,6897,1493.0
1398.0,94,3167,1492.0
1398.0,112,6862,1510.0
1399.0,94,49,1493.0
1399.0,115,7229,1514.0
1399.0,1297,43,2696.0
1400.0,117,7021,1517.0
1400.0,1297,43,2697.0
1400.0,109,5354,1509.0
1401.0,1297,43,2698.0
1401.0,93,216,1494.0
1401.0,106,199,1507.0
1401.0,115,562,1516.0
1570.0,79,1406,1649.0
1571.0,79,3155,1650.0
1571.0,99,386,1670.0
5555.0,28,8764,5583.0
7037.0,21,49,7058.0
7037.0,21,146,7058.0
7038.0,211,43,7249.0
7332.0,219,43,7551.0
7423.0,949,42,8372.0
11267.0,572,43,11839.0
1380.0,122,49,1502.0
1381.0,119,9868,1500.0
1386.0,115,4982,1501.0
1387.0,98,1640,1485.0
1387.0,98,3749,1485.0
1388.0,114,6213,1502.0
1388.0,110,6897,1498.0
1388.0,109,3167,1497.0
1389.0,116,6862,1505.0
1389.0,112,49,1501.0
1389.0,115,8232,1504.0
1390.0,1365,43,2755.0
1390.0,96,7776,1486.0
1390.0,1364,43,2754.0
1391.0,108,6492,1499.0
1391.0,1364,43,2755.0
1391.0,105,216,1496.0
1391.0,109,199,1500.0
1392.0,107,562,1499.0
1557.0,84,1406,1641.0
1558.0,84,3155,1642.0
1559.0,104,386,1663.0
5647.0,39,8764,5686.0
5708.0,427,49,6135.0
5709.0,427,146,6136.0
5709.0,604,43,6313.0
7315.0,965,42,8280.0
7617.0,216,43,7833.0
1497.0,128,49,1625.0
1498.0,129,9868,1627.0
1503.0,128,4982,1631.0
1503.0,120,1640,1623.0
1504.0,126,3749,1630.0
1505.0,117,6213,1622.0
1506.0,121,6897,1627.0
1506.0,125,3167,1631.0
1507.0,115,6862,1622.0
1507.0,115,49,1622.0
1507.0,114,8232,1621.0
1507.0,1209,43,2716.0
1508.0,117,7776,1625.0
1508.0,1208,43,2716.0
1509.0,116,6492,1625.0
1509.0,1209,43,2718.0
1509.0,121,216,1630.0
1509.0,115,199,1624.0
1510.0,117,562,1627.0
1700.0,63,1406,1763.0
1701.0,1018,3155,2719.0
1701.0,1014,386,2715.0
5445.0,46,49,5491.0
5446.0,45,146,5491.0
5446.0,251,43,5697.0
6353.0,955,42,7308.0
7203.0,379,42,7582.0
1509.0,117,49,1626.0
1509.0,116,9868,1625.0
1532.0,92,4982,1624.0
1533.0,76,1640,1609.0
1533.0,95,3749,1628.0
1534.0,93,6213,1627.0
1534.0,92,6897,1626.0
1534.0,94,3167,1628.0
1535.0,89,6862,1624.0
1535.0,87,49,1622.0
1535.0,94,6762,1629.0
1536.0,1266,43,2802.0
1536.0,1265,6677,2801.0
1536.0,1265,43,2801.0
1537.0,83,6492,1620.0
1537.0,1265,43,2802.0
1537.0,90,216,1627.0
1537.0,90,199,1627.0
1538.0,83,562,1621.0
1664.0,98,1406,1762.0
1665.0,120,3155,1785.0
1665.0,98,386,1763.0
5138.0,31,8764,5169.0
5605.0,37,49,5642.0
5605.0,35,146,5640.0
5606.0,206,43,5812.0
6798.0,957,42,7755.0
7164.0,492,43,7656.0
1531.0,99,49,1630.0
1531.0,102,9868,1633.0
1536.0,102,4982,1638.0
1537.0,102,1640,1639.0
1537.0,97,3749,1634.0
1538.0,93,6213,1631.0
1538.0,94,6897,1632.0
1539.0,91,3167,1630.0
1539.0,96,6862,1635.0
1539.0,97,49,1636.0
1540.0,98,6762,1638.0
1540.0,1290,43,2830.0
1540.0,92,7776,1632.0
1541.0,1288,43,2829.0
1541.0,97,6492,1638.0
1541.0,1290,43,2831.0
1541.0,91,216,1632.0
1542.0,96,199,1638.0
1542.0,93,562,1635.0
1711.0,110,1406,1821.0
1712.0,1119,3155,2831.0
1713.0,1118,386,2831.0
5972.0,59,49,6031.0
5972.0,61,146,6033.0
5973.0,233,43,6206.0
6925.0,927,42,7852.0
7326.0,526,42,7852.0
1352.0,261,49,1613.0
1354.0,256,4982,1610.0
1355.0,135,1640,1490.0
1355.0,258,3749,1613.0
1356.0,251,6213,1607.0
1356.0,133,6897,1489.0
1357.0,134,3167,1491.0
1357.0,140,6862,1497.0
1357.0,141,49,1498.0
1358.0,250,8232,1608.0
1358.0,1354,43,2712.0
1358.0,138,6634,1496.0
1359.0,1354,43,2713.0
1359.0,247,6492,1606.0
1359.0,1354,43,2713.0
1360.0,250,216,1610.0
1360.0,247,199,1607.0
1360.0,131,562,1491.0
1369.0,239,9868,1608.0
1551.0,129,1406,1680.0
1552.0,127,3155,1679.0
1553.0,127,386,1680.0
5920.0,61,49,5981.0
5920.0,61,146,5981.0
5921.0,226,43,6147.0
6888.0,907,42,7795.0
7230.0,581,42,7811.0
1422.0,110,49,1532.0
1424.0,105,9868,1529.0
1431.0,102,4982,1533.0
1432.0,94,1640,1526.0
1432.0,102,3749,1534.0
1433.0,95,6213,1528.0
1433.0,94,6897,1527.0
1434.0,103,3167,1537.0
1434.0,95,6862,1529.0
1434.0,98,49,1532.0
1435.0,101,8232,1536.0
1435.0,1348,43,2783.0
1436.0,96,6634,1532.0
1436.0,1346,43,2782.0
1436.0,94,4901,1530.0
1436.0,1347,43,2783.0
1437.0,98,216,1535.0
1437.0,97,199,1534.0
1437.0,91,562,1528.0
1610.0,112,1406,1722.0
1611.0,1170,3155,2781.0
1612.0,1170,386,2782.0
6069.0,54,49,6123.0
6069.0,53,146,6122.0
6070.0,238,43,6308.0
7025.0,1049,42,8074.0
7393.0,681,42,8074.0
1558.0,131,49,1689.0
1559.0,123,9868,1682.0
1564.0,117,4982,1681.0
1565.0,122,1640,1687.0
1565.0,116,3749,1681.0
1566.0,118,6213,1684.0
1566.0,124,6897,1690.0
1566.0,113,3167,1679.0
1568.0,112,6862,1680.0
1569.0,119,49,1688.0
1570.0,113,6762,1683.0
1570.0,1399,43,2969.0
1571.0,115,7297,1686.0
1571.0,1332,43,2903.0
1571.0,112,5112,1683.0
1572.0,1332,43,2904.0
1572.0,109,216,1681.0
1572.0,118,199,1690.0
1572.0,114,562,1686.0
1757.0,56,1406,1813.0
1758.0,109,3155,1867.0
1758.0,108,386,1866.0
5812.0,80,49,5892.0
5812.0,80,146,5892.0
5813.0,272,43,6085.0
6802.0,919,42,7721.0
7525.0,467,42,7992.0
1384.0,132,49,1516.0
1385.0,125,4982,1510.0
1385.0,133,1640,1518.0
1385.0,123,3749,1508.0
1386.0,127,6213,1513.0
1387.0,129,6897,1516.0
1387.0,122,3167,1509.0
1387.0,127,6862,1514.0
1387.0,131,49,1518.0
1388.0,128,8232,1516.0
1388.0,1333,43,2721.0
1389.0,130,7776,1519.0
1389.0,1329,43,2718.0
1389.0,128,6492,1517.0
1389.0,1329,43,2718.0
1390.0,123,216,1513.0
1390.0,127,199,1517.0
1390.0,124,562,1514.0
1589.0,113,9868,1702.0
1631.0,70,1406,1701.0
1632.0,1088,3155,2720.0
1633.0,1085,386,2718.0
6176.0,31,49,6207.0
6177.0,31,146,6208.0
6177.0,216,43,6393.0
7076.0,937,42,8013.0
7478.0,536,42,8014.0
1382.0,216,49,1598.0
1561.0,57,9868,1618.0
1568.0,57,4982,1625.0
1569.0,31,1640,1600.0
1570.0,55,3749,1625.0
1570.0,48,6213,1618.0
1571.0,48,6897,1619.0
1571.0,49,3167,1620.0
1572.0,52,6862,1624.0
1572.0,45,49,1617.0
1572.0,27,6762,1599.0
1573.0,1444,43,3017.0
1573.0,49,6677,1622.0
1573.0,1446,43,3019.0
1574.0,43,6492,1617.0
1574.0,1443,43,3017.0
1574.0,45,216,1619.0
1575.0,27,199,1602.0
1575.0,27,562,1602.0
1758.0,57,1406,1815.0
1759.0,1259,3155,3018.0
1759.0,1259,386,3018.0
6330.0,67,49,6397.0
6330.0,68,146,6398.0
6330.0,221,43,6551.0
7269.0,930,42,8199.0
7672.0,540,42,8212.0
1607.0,103,49,1710.0
1608.0,98,4982,1706.0
1608.0,98,1640,1706.0
1609.0,99,3749,1708.0
1609.0,98,6213,1707.0
1610.0,101,6897,1711.0
1610.0,98,3167,1708.0
1611.0,99,6862,1710.0
1611.0,100,49,1711.0
1611.0,94,8232,1705.0
1611.0,1380,43,2991.0
1612.0,102,7021,1714.0
1612.0,1379,43,2991.0
1612.0,92,4901,1704.0
1613.0,1378,43,2991.0
1613.0,94,216,1707.0
1613.0,96,199,1709.0
1613.0,94,562,1707.0
1734.0,41,9868,1775.0
1837.0,55,1406,1892.0
1838.0,1165,3155,3003.0
1839.0,1164,386,3003.0
6489.0,74,49,6563.0
6489.0,73,146,6562.0
6490.0,224,43,6714.0
7445.0,944,42,8389.0
7793.0,575,42,8368.0
1353.0,127,49,1480.0
1354.0,121,9868,1475.0
1359.0,123,4982,1482.0
1359.0,127,1640,1486.0
1359.0,124,3749,1483.0
1361.0,124,6213,1485.0
1361.0,123,6897,1484.0
1362.0,119,3167,1481.0
1362.0,124,6862,1486.0
1363.0,123,49,1486.0
1363.0,120,6762,1483.0
1363.0,1404,43,2767.0
1364.0,114,6677,1478.0
1364.0,1403,43,2767.0
1364.0,116,7272,1480.0
1365.0,1402,43,2767.0
1365.0,113,216,1478.0
1366.0,116,199,1482.0
1366.0,117,562,1483.0
1556.0,55,1406,1611.0
1556.0,1213,3155,2769.0
1557.0,1211,386,2768.0
5923.0,78,49,6001.0
5923.0,78,146,6001.0
5924.0,234,43,6158.0
6888.0,927,42,7815.0
7315.0,494,42,7809.0
1182.0,230,49,1412.0
1367.0,71,4982,1438.0
1367.0,50,1640,1417.0
1367.0,48,3749,1415.0
1368.0,48,6213,1416.0
1369.0,51,6897,1420.0
1369.0,68,3167,1437.0
1370.0,64,6862,1434.0
1370.0,66,49,1436.0
1370.0,42,7599,1412.0
1371.0,1461,43,2832.0
1371.0,48,7203,1419.0
1371.0,1462,43,2833.0
1372.0,61,7272,1433.0
1372.0,1462,43,2834.0
1372.0,58,216,1430.0
1373.0,38,199,1411.0
1373.0,36,562,1409.0
1378.0,52,9868,1430.0
1580.0,62,1406,1642.0
1581.0,1185,3155,2766.0
1581.0,1185,386,2766.0
6154.0,48,49,6202.0
6154.0,48,146,6202.0
6155.0,221,43,6376.0
7102.0,925,42,8027.0
7453.0,557,42,8010.0
1296.0,51,49,1347.0
1297.0,57,4982,1354.0
1298.0,58,1640,1356.0
1298.0,49,3749,1347.0
1299.0,55,6213,1354.0
1300.0,52,6897,1352.0
1300.0,55,3167,1355.0
1300.0,52,6862,1352.0
1301.0,57,49,1358.0
1301.0,55,7599,1356.0
1301.0,1401,43,2702.0
1302.0,49,7297,1351.0
1302.0,1401,43,2703.0
1302.0,57,7272,1359.0
1302.0,1388,43,2690.0
1303.0,54,216,1357.0
1303.0,50,199,1353.0
1303.0,50,562,1353.0
1504.0,1187,9868,2691.0
1547.0,1155,1406,2702.0
1548.0,1194,3155,2742.0
1549.0,1193,386,2742.0
6396.0,76,49,6472.0
6396.0,76,146,6472.0
6397.0,271,43,6668.0
7298.0,934,42,8232.0
7301.0,919,42,8220.0
1444.0,136,49,1580.0
1445.0,130,4982,1575.0
1445.0,1266,5601,2711.0
1446.0,136,3749,1582.0
1446.0,134,6213,1580.0
1447.0,132,6897,1579.0
1447.0,127,3167,1574.0
1447.0,126,6862,1573.0
1448.0,133,49,1581.0
1448.0,134,6388,1582.0
1448.0,1263,43,2711.0
1449.0,127,6677,1576.0
1449.0,1264,43,2713.0
1449.0,130,5112,1579.0
1450.0,1263,43,2713.0
1450.0,131,216,1581.0
1450.0,134,199,1584.0
1450.0,133,562,1583.0
1544.0,42,9868,1586.0
1643.0,80,1406,1723.0
1644.0,1070,3155,2714.0
1644.0,79,386,1723.0
5927.0,55,49,5982.0
5928.0,53,146,5981.0
5928.0,221,43,6149.0
6911.0,912,42,7823.0
7232.0,616,42,7848.0
1344.0,55,49,1399.0
1345.0,42,4982,1387.0
1345.0,60,1640,1405.0
1346.0,54,3749,1400.0
1346.0,53,6213,1399.0
1347.0,40,6897,1387.0
1347.0,41,3167,1388.0
1347.0,54,6862,1401.0
1348.0,40,49,1388.0
1348.0,48,7229,1396.0
1348.0,1358,43,2706.0
1349.0,55,6677,1404.0
1349.0,1355,43,2704.0
1349.0,52,7272,1401.0
1350.0,1356,43,2706.0
1350.0,39,216,1389.0
1350.0,55,199,1405.0
1350.0,43,562,1393.0
1554.0,1151,9868,2705.0
1594.0,1112,1406,2706.0
1595.0,1112,3155,2707.0
1595.0,1113,386,2708.0
6076.0,62,49,6138.0
6076.0,61,146,6137.0
6077.0,215,43,6292.0
6981.0,949,42,7930.0
7433.0,496,42,7929.0
1540.0,58,49,1598.0
1541.0,59,4982,1600.0
1541.0,1385,5601,2926.0
1541.0,53,3749,1594.0
1542.0,57,6213,1599.0
1543.0,49,6897,1592.0
1543.0,61,3167,1604.0
1543.0,48,6862,1591.0
1544.0,49,49,1593.0
1544.0,50,7229,1594.0
1544.0,1382,43,2926.0
1545.0,53,7021,1598.0
1545.0,1382,43,2927.0
1545.0,57,5112,1602.0
1546.0,1382,43,2928.0
1546.0,54,216,1600.0
1546.0,52,199,1598.0
1546.0,57,562,1603.0
1748.0,109,9868,1857.0
1789.0,69,1406,1858.0
1789.0,82,3155,1871.0
1790.0,80,386,1870.0
6676.0,61,49,6737.0
6676.0,62,146,6738.0
6677.0,243,43,6920.0
7568.0,923,42,8491.0
7571.0,934,42,8505.0
1273.0,195,49,1468.0
1285.0,212,9868,1497.0
1474.0,26,4982,1500.0
1475.0,446,5601,1921.0
1476.0,22,3749,1498.0
1478.0,20,6213,1498.0
1478.0,57,6897,1535.0
1479.0,20,3167,1499.0
1480.0,56,6862,1536.0
1481.0,54,49,1535.0
1483.0,51,7229,1534.0
1483.0,3326,43,4809.0
1484.0,47,7297,1531.0
1484.0,3326,43,4810.0
1485.0,52,4901,1537.0
1485.0,3326,43,4811.0
1489.0,48,216,1537.0
1489.0,47,199,1536.0
1490.0,13,562,1503.0
1871.0,51,1406,1922.0
1872.0,48,3155,1920.0
1872.0,119,386,1991.0
6208.0,82,49,6290.0
6208.0,67,146,6275.0
6208.0,274,43,6482.0
7178.0,905,42,8083.0
10457.0,391,42,10848.0
1469.0,111,49,1580.0
1469.0,119,9868,1588.0
1474.0,106,4982,1580.0
1475.0,1227,5601,2702.0
1475.0,302,3749,1777.0
1476.0,300,6213,1776.0
1477.0,102,6897,1579.0
1477.0,100,3167,1577.0
1477.0,97,6862,1574.0
1478.0,100,49,1578.0
1478.0,109,7229,1587.0
1478.0,1227,43,2705.0
1479.0,98,7021,1577.0
1479.0,1226,43,2705.0
1479.0,298,4901,1777.0
1480.0,1220,43,2700.0
1481.0,93,216,1574.0
1481.0,97,199,1578.0
1481.0,295,562,1776.0
1646.0,1057,1406,2703.0
1646.0,1053,3155,2699.0
1647.0,1057,386,2704.0
6126.0,68,49,6194.0
6126.0,66,146,6192.0
6126.0,249,43,6375.0
7046.0,954,42,8000.0
7496.0,495,42,7991.0
1370.0,32,49,1402.0
1372.0,37,4982,1409.0
1372.0,1359,5601,2731.0
1372.0,29,3749,1401.0
1373.0,35,6213,1408.0
1374.0,26,6897,1400.0
1374.0,36,3167,1410.0
1374.0,35,6862,1409.0
1375.0,32,49,1407.0
1375.0,33,7229,1408.0
1375.0,1357,43,2732.0
1376.0,25,6483,1401.0
1376.0,1357,43,2733.0
1376.0,29,7272,1405.0
1376.0,1357,43,2733.0
1377.0,21,216,1398.0
1377.0,26,199,1403.0
1377.0,21,562,1398.0
1551.0,112,9868,1663.0
1595.0,69,1406,1664.0
1596.0,1139,3155,2735.0
1597.0,1137,386,2734.0
6507.0,20,49,6527.0
6507.0,53,146,6560.0
6508.0,228,43,6736.0
7406.0,953,42,8359.0
7409.0,947,42,8356.0
1502.0,35,49,1537.0
1504.0,30,4982,1534.0
1504.0,1405,5601,2909.0
1505.0,36,3749,1541.0
1506.0,36,6213,1542.0
1506.0,30,6897,1536.0
1506.0,36,3167,1542.0
1507.0,41,6862,1548.0
1507.0,25,49,1532.0
1508.0,39,7229,1547.0
1508.0,1402,43,2910.0
1508.0,36,7203,1544.0
1509.0,1388,43,2897.0
1509.0,31,5354,1540.0
1509.0,1399,43,2908.0
1510.0,23,216,1533.0
1510.0,26,199,1536.0
1510.0,34,562,1544.0
1698.0,110,9868,1808.0
1740.0,69,1406,1809.0
1740.0,1170,3155,2910.0
1741.0,1183,386,2924.0
6137.0,27,8764,6164.0
6834.0,33,49,6867.0
6834.0,32,146,6866.0
6834.0,220,43,7054.0
1505.0,259,49,1764.0
1506.0,252,4982,1758.0
1507.0,1087,5601,2594.0
1507.0,249,3749,1756.0
1508.0,253,6213,1761.0
1508.0,251,6897,1759.0
1508.0,248,3167,1756.0
1509.0,246,6862,1755.0
1509.0,254,49,1763.0
1509.0,250,8232,1759.0
1510.0,4150,43,5660.0
1510.0,254,7776,1764.0
1510.0,4148,43,5658.0
1511.0,248,6492,1759.0
1511.0,4149,43,5660.0
1511.0,251,216,1762.0
1511.0,250,199,1761.0
1512.0,245,562,1757.0
1653.0,176,9868,1829.0
1693.0,135,1406,1828.0
1694.0,137,3155,1831.0
1694.0,136,386,1830.0
6697.0,40,49,6737.0
6698.0,39,146,6737.0
6698.0,213,43,6911.0
7725.0,939,42,8664.0
7727.0,939,42,8666.0
1347.0,31,49,1378.0
1348.0,35,4982,1383.0
1349.0,1483,5601,2832.0
1349.0,34,3749,1383.0
1350.0,24,6213,1374.0
1351.0,34,6897,1385.0
1351.0,20,3167,1371.0
1351.0,33,6862,1384.0
1351.0,25,49,1376.0
1352.0,30,6762,1382.0
1352.0,1476,43,2828.0
1353.0,27,6483,1380.0
1353.0,1477,43,2830.0
1353.0,21,6492,1374.0
1353.0,1475,43,2828.0
1354.0,25,216,1379.0
1354.0,27,199,1381.0
1354.0,29,562,1383.0
1561.0,1270,9868,2831.0
1600.0,1227,1406,2827.0
1601.0,1279,3155,2880.0
1602.0,1279,386,2881.0
7131.0,84,49,7215.0
7131.0,84,146,7215.0
7132.0,232,43,7364.0
8125.0,935,42,9060.0
8128.0,963,42,9091.0
1323.0,218,49,1541.0
1503.0,60,9868,1563.0
1529.0,36,4982,1565.0
1529.0,13,5601,1542.0
1530.0,35,3749,1565.0
1531.0,34,6213,1565.0
1531.0,27,6897,1558.0
1531.0,11,3167,1542.0
1532.0,13,6862,1545.0
1532.0,31,49,1563.0
1533.0,29,8232,1562.0
1533.0,1643,43,3176.0
1533.0,27,7021,1560.0
1534.0,1641,43,3175.0
1534.0,30,4901,1564.0
1534.0,1642,43,3176.0
1535.0,9,216,1544.0
1535.0,9,199,1544.0
1535.0,27,562,1562.0
1686.0,57,1406,1743.0
1687.0,1489,3155,3176.0
1688.0,1487,386,3175.0
7395.0,73,49,7468.0
7395.0,74,146,7469.0
7396.0,231,43,7627.0
8417.0,940,42,9357.0
8419.0,937,42,9356.0
11852.0,285,42,12137.0
