650	10
700	18
750	40
800	30
850	67
900	149
950	195
1000	243
1050	212
1100	254
1150	155
1200	181
1250	198
1300	209
1350	188
1400	65
1450	60
1500	110
1550	118
1600	73
1650	112
1700	134
1750	117
1800	117
1850	130
1900	77
1950	143
2000	106
2050	93
2100	39
2150	49
2200	27
2250	27
2300	8
2350	12
2400	13
2450	11
2500	19
2550	28
2600	20
2650	24
2700	18
2750	11
2800	18
2850	13
2900	13
2950	19
3000	24
3050	28
3100	17
3150	17
3200	3
3250	8
3300	10
3350	3
3400	8
3450	13
3500	8
3550	3
3600	17
3650	21
3700	12
3750	36
3800	35
3850	52
3900	34
3950	36
4000	37
4050	45
4100	39
4150	36
4200	18
4250	33
4300	15
4350	31
4400	13
4450	16
4500	30
4550	37
4600	22
4650	30
4700	25
4750	14
4800	23
4850	21
4900	17
4950	23
5000	6
5050	19
5100	7
5150	7
5200	10
5250	3
5300	6
5350	12
5400	2
5450	5
5500	2
5550	3
5600	6
5650	3
5700	6
5750	2
5800	4
5850	6
5900	3
5950	8
6000	5
6050	2
6100	10
6150	6
6200	9
6250	4
6300	7
6350	5
6400	10
6450	5
6500	9
6550	6
6600	3
6650	13
6700	3
6750	3
6800	7
6850	7
6900	7
6950	3
7000	9
7050	0
7100	6
7150	9
7200	7
7250	5
7300	1
7350	5
7400	4
7450	6
7500	5
7550	0
7600	5
7650	6
7700	4
7750	8
7800	1
7850	5
7900	4
7950	2
8000	1
8050	1
8100	2
8150	4
8200	0
8250	5
8300	0
8350	1
8400	1
8450	0
8500	1
8550	0
8600	1
8650	0
8700	1
8750	4
8800	0
8850	0
8900	3
8950	4
9000	0
9050	0
9100	2
9150	0
9200	0
9250	2
9300	1
9350	0
9400	0
9450	0
9500	0
9550	0
9600	0
9650	0
9700	0
9750	0
9800	1
9850	0
9900	0
9950	0
10000	0
10050	0
10100	3
10150	0
10200	0
10250	0
10300	1
10350	0
10400	0
10450	1
10500	0
10550	0
10600	1
10650	0
10700	1
10750	0
10800	0
10850	0
10900	0
10950	1
11000	0
11050	1
11100	0
11150	0
11200	0
11250	0
11300	1
11350	0
11400	1
11450	0
11500	0
11550	0
11600	0
11650	0
11700	1
