0	4
20	129
40	254
60	467
80	726
100	346
120	441
140	439
160	365
180	277
200	113
220	85
240	52
260	109
280	77
300	46
320	18
340	3
360	5
380	8
400	4
420	3
440	9
460	14
480	7
500	11
520	6
540	3
560	26
580	12
600	24
620	21
640	27
660	18
680	10
700	23
720	6
740	8
760	15
780	19
800	6
820	5
840	9
860	5
880	17
900	10
920	2
940	8
960	9
980	3
1000	12
1020	22
1040	15
1060	10
1080	34
1100	28
1120	20
1140	8
1160	9
1180	20
1200	17
1220	18
1240	12
1260	4
1280	4
1300	14
1320	2
1340	4
1360	8
1380	5
1400	4
1420	7
1440	5
1460	0
1480	7
1500	4
1520	3
1540	4
1560	5
1580	10
1600	13
1620	5
1640	13
1660	3
1680	6
1700	6
1720	3
1740	1
1760	10
1780	3
1800	1
1820	2
1840	1
1860	7
1880	5
1900	1
1920	3
1940	6
1960	7
1980	4
2000	4
2020	1
2040	0
2060	3
2080	2
2100	0
2120	0
2140	4
2160	3
2180	0
2200	2
2220	1
2240	2
2260	2
2280	4
2300	3
2320	4
2340	9
2360	0
2380	1
2400	7
2420	5
2440	3
2460	9
2480	8
2500	0
2520	8
2540	2
2560	2
2580	3
2600	2
2620	3
2640	3
2660	5
2680	10
2700	7
2720	5
2740	7
2760	13
2780	2
2800	14
2820	25
2840	14
2860	11
2880	22
2900	17
2920	3
2940	14
2960	11
2980	10
3000	17
3020	13
3040	8
3060	19
3080	19
3100	14
3120	11
3140	6
3160	17
3180	8
3200	13
3220	10
3240	5
3260	4
3280	8
3300	6
3320	9
3340	6
3360	7
3380	4
3400	9
3420	7
3440	7
3460	3
3480	1
3500	6
3520	0
3540	2
3560	0
3580	0
3600	0
3620	0
3640	0
3660	0
3680	0
3700	0
3720	0
3740	0
3760	0
3780	0
3800	0
3820	1
3840	3
3860	2
3880	0
3900	2
3920	5
3940	0
3960	0
3980	0
4000	0
4020	5
