400	93
500	275
600	166
700	47
800	35
900	36
1000	117
1100	361
1200	322
1300	63
1400	353
1500	143
1600	185
1700	193
1800	182
1900	183
2000	145
2100	86
2200	177
2300	162
2400	92
2500	335
2600	143
2700	117
2800	91
2900	81
3000	168
3100	73
3200	13
3300	153
3400	79
3500	160
3600	69
3700	26
3800	48
3900	102
4000	46
4100	50
4200	9
4300	48
4400	2
4500	18
4600	14
4700	11
4800	10
4900	6
5000	11
5100	12
5200	26
5300	34
5400	51
5500	14
5600	2
5700	4
5800	5
5900	25
6000	24
6100	3
6200	1
6300	1
6400	4
6500	5
6600	0
6700	4
6800	1
6900	0
7000	0
7100	2
7200	1
7300	1
7400	1
7500	1
7600	4
7700	0
7800	1
7900	0
8000	0
8100	1
8200	4
8300	0
8400	0
8500	1
8600	1
8700	0
8800	6
8900	0
9000	0
9100	0
9200	1
9300	0
9400	1
9500	0
9600	0
9700	4
9800	0
9900	0
10000	1
10100	2
10200	3
10300	0
10400	0
10500	2
10600	0
10700	0
10800	0
10900	1
11000	3
11100	0
11200	0
11300	0
11400	2
11500	1
11600	2
11700	0
11800	0
11900	0
12000	0
12100	0
12200	0
12300	1
12400	0
12500	0
12600	0
12700	1
12800	0
12900	0
13000	0
13100	0
13200	0
13300	0
13400	0
13500	0
13600	0
13700	0
13800	0
13900	0
14000	1
14100	0
14200	0
14300	0
14400	0
14500	0
14600	0
14700	0
14800	0
14900	1
15000	0
15100	0
15200	0
15300	0
15400	0
15500	0
15600	0
15700	0
15800	0
15900	1
16000	0
16100	0
16200	0
16300	0
16400	0
16500	0
16600	0
16700	0
16800	0
16900	0
17000	0
17100	0
17200	0
17300	0
17400	0
17500	0
17600	0
17700	0
17800	0
17900	0
18000	0
18100	0
18200	0
18300	0
18400	0
18500	0
18600	0
18700	0
18800	0
18900	0
19000	0
19100	0
19200	0
19300	0
19400	0
19500	1
