starttime,duration,size,total
492.0,120,3801,2132
499.0,112,1834,2124
703.0,51,151,2063
714.0,39,43,2051
721.0,30,76,2042
896.0,44,0,2056
623.0,46,3801,2058
630.0,38,1834,2050
761.0,47,151,2059
772.0,37,43,2049
779.0,28,76,2040
850.0,188,0,2200
597.0,103,3801,2115
605.0,95,1834,2107
847.0,74,151,2086
854.0,68,43,2080
870.0,51,76,2063
920.0,167,0,2179
539.0,143,3801,2155
546.0,137,1834,2149
789.0,58,151,2070
800.0,47,43,2059
808.0,40,76,2052
1064.0,85,0,2097
631.0,280,3801,2292
638.0,277,1834,2289
1011.0,154,151,2166
1025.0,47,43,2059
1033.0,39,76,2051
1247.0,47,0,2059
630.0,57,3801,2069
637.0,43,1834,2055
771.0,49,151,2061
781.0,39,43,2051
788.0,31,76,2043
861.0,403,0,2415
612.0,122,3801,2134
619.0,123,1834,2135
893.0,368,151,2380
900.0,363,43,2375
915.0,349,76,2361
1292.0,138,0,2150
587.0,97,3801,2109
594.0,90,1834,2102
789.0,54,151,2066
803.0,43,43,2055
811.0,35,76,2047
892.0,492,0,2504
647.0,68,3801,2080
655.0,50,1834,2062
814.0,56,151,2068
826.0,45,43,2057
833.0,39,76,2051
1363.0,89,0,2101
573.0,138,3801,2150
579.0,135,1834,2147
1221.0,64,151,2076
1228.0,56,43,2068
1244.0,39,76,2051
1388.0,126,0,2138
631.0,62,3801,2074
638.0,53,1834,2065
788.0,49,151,2061
801.0,37,43,2049
808.0,30,76,2042
1380.0,214,0,2226
682.0,138,3801,2150
688.0,127,1834,2139
984.0,51,151,2063
991.0,44,43,2056
1006.0,30,76,2042
1603.0,206,0,2218
560.0,124,3801,2136
570.0,115,1834,2127
821.0,52,151,2064
833.0,38,43,2050
841.0,31,76,2043
1557.0,125,0,2137
657.0,62,3801,2074
664.0,52,1834,2064
816.0,53,151,2065
828.0,40,43,2052
835.0,34,76,2046
1487.0,266,0,2278
587.0,143,3801,2155
593.0,136,1834,2148
889.0,52,151,2064
896.0,41,43,2053
911.0,30,76,2042
1534.0,229,0,2241
594.0,141,3801,2153
601.0,138,1834,2150
870.0,579,151,2591
876.0,573,43,2585
890.0,560,76,2572
944.0,633,0,2645
603.0,137,3801,2149
610.0,134,1834,2146
885.0,71,151,2083
892.0,62,43,2074
908.0,47,76,2059
969.0,799,0,2811
604.0,137,3801,2149
611.0,130,1834,2142
907.0,53,151,2065
914.0,51,43,2063
929.0,30,76,2042
1627.0,281,0,2293
605.0,89,3801,2101
612.0,86,1834,2098
902.0,49,151,2061
908.0,42,43,2054
922.0,28,76,2040
1624.0,257,0,2269
606.0,136,3801,2148
612.0,129,1834,2141
873.0,69,151,2081
884.0,59,43,2071
891.0,51,76,2063
1796.0,82,0,2094
623.0,141,3801,2153
630.0,131,1834,2143
921.0,47,151,2059
927.0,37,43,2049
940.0,28,76,2040
1682.0,262,0,2274
620.0,102,3801,2114
627.0,94,1834,2106
938.0,52,151,2064
945.0,46,43,2058
961.0,26,76,2038
1846.0,277,0,2289
627.0,148,3801,2160
633.0,141,1834,2153
906.0,66,151,2078
916.0,56,43,2068
923.0,50,76,2062
2156.0,70,0,2082
648.0,89,3801,2101
654.0,86,1834,2098
979.0,1054,151,3066
985.0,1046,43,3058
1000,1031,76,3043
2060.0,220,0,2232
625.0,159,3801,2171
631.0,151,1834,2163
944.0,47,151,2059
950.0,42,43,2054
964.0,27,76,2039
1021.0,1002,0,3014
638.0,94,3801,2106
644.0,84,1834,2096
949.0,866,151,2878
956.0,860,43,2872
972.0,843,76,2855
1877.0,205,0,2217
656.0,154,3801,2166
663.0,148,1834,2160
942.0,80,151,2092
955.0,66,43,2078
962.0,58,76,2070
2191.0,70,0,2082
650.0,98,3801,2110
657.0,83,1834,2095
981.0,51,151,2063
987.0,46,43,2058
1002.0,30,76,2042
1067.0,1305,0,3317
621.0,94,3801,2106
628.0,84,1834,2096
945.0,1096,151,3108
951.0,1090,43,3102
965.0,23,76,2035
2106.0,252,0,2264
613.0,159,3801,2171
620.0,154,1834,2166
909.0,68,151,2080
920.0,57,43,2069
927.0,49,76,2061
2373.0,69,0,2081
606.0,89,3801,2101
613.0,86,1834,2098
925.0,49,151,2061
931.0,43,43,2055
945.0,30,76,2042
2067.0,295,0,2307
622.0,156,3801,2168
628.0,151,1834,2163
934.0,76,151,2088
940.0,71,43,2083
954.0,57,76,2069
1008.0,1127,0,3139
630.0,92,3801,2104
637.0,85,1834,2097
960.0,1186,151,3198
966.0,1180,43,3192
980.0,1167,76,3179
2214.0,246,0,2258
620.0,92,3801,2104
626.0,89,1834,2101
947.0,48,151,2060
953.0,37,43,2049
966.0,29,76,2041
2100.0,297,0,2309
636.0,88,3801,2100
643.0,91,1834,2103
967.0,1204,151,3216
973.0,1200,43,3212
987.0,1188,76,3200
2213.0,239,0,2251
633.0,99,3801,2111
640.0,83,1834,2095
974.0,1263,151,3275
980.0,1256,43,3268
995.0,1240,76,3252
2278.0,248,0,2260
628.0,97,3801,2109
634.0,90,1834,2102
963.0,55,151,2067
969.0,50,43,2062
983.0,35,76,2047
2169.0,313,0,2325
655.0,93,3801,2105
661.0,83,1834,2095
1004.0,61,151,2073
1010.0,53,43,2065
1025.0,39,76,2051
2299.0,321,0,2333
654.0,97,3801,2109
661.0,86,1834,2098
996.0,55,151,2067
1002.0,50,43,2062
1016.0,35,76,2047
2347.0,358,0,2370
619.0,89,3801,2101
626.0,82,1834,2094
968.0,55,151,2067
974.0,49,43,2061
989.0,25,76,2037
2258.0,323,0,2335
648.0,174,3801,2186
655.0,161,1834,2173
974.0,49,151,2061
984.0,40,43,2052
991.0,32,76,2044
2598.0,84,0,2096
640.0,101,3801,2113
649.0,90,1834,2102
970.0,1256,151,3268
976.0,1247,43,3259
990.0,1237,76,3249
1054.0,1387,0,3399
623.0,102,3801,2114
630.0,88,1834,2100
1019.0,55,151,2067
1025.0,47,43,2059
1039.0,34,76,2046
2385.0,286,0,2298
636.0,174,3801,2186
642.0,167,1834,2179
962.0,84,151,2096
968.0,79,43,2091
981.0,64,76,2076
1044.0,1324,0,3336
665.0,103,3801,2115
671.0,91,1834,2103
1026.0,55,151,2067
1032.0,41,43,2053
1046.0,35,76,2047
1125.0,1479,0,3491
677.0,178,3801,2190
683.0,173,1834,2185
1025.0,50,151,2062
1035.0,41,43,2053
1042.0,33,76,2045
3033.0,78,0,2090
702.0,92,3801,2104
709.0,90,1834,2102
1072.0,51,151,2063
1079.0,44,43,2056
1093.0,30,76,2042
2896.0,379,0,2391
712.0,91,3801,2103
719.0,88,1834,2100
1106.0,50,151,2062
1112.0,44,43,2056
1126.0,29,76,2041
3019.0,393,0,2405
703.0,105,3801,2117
710.0,96,1834,2108
1089.0,57,151,2069
1095.0,53,43,2065
1111.0,36,76,2048
3073.0,391,0,2403
723.0,89,3801,2101
730.0,82,1834,2094
1121.0,48,151,2060
1128.0,43,43,2055
1141.0,29,76,2041
3221.0,398,0,2410
726.0,101,3801,2113
732.0,95,1834,2107
1095.0,91,151,2103
1101.0,85,43,2097
1115.0,72,76,2084
1184.0,1951,0,3963
719.0,91,3801,2103
725.0,85,1834,2097
1100.0,53,151,2065
1106.0,47,43,2059
1120.0,34,76,2046
1201.0,1992,0,4004
708.0,184,3801,2196
714.0,178,1834,2190
1060.0,50,151,2062
1071.0,38,43,2050
1078.0,32,76,2044
3277.0,77,0,2089
719.0,94,3801,2106
726.0,95,1834,2107
1114.0,49,151,2061
1121.0,38,43,2050
1134.0,29,76,2041
3049.0,386,0,2398
709.0,98,3801,2110
716.0,88,1834,2100
1098.0,51,151,2063
1104.0,37,43,2049
1118.0,30,76,2042
1193.0,1932,0,3944
744.0,218,3801,2230
750.0,212,1834,2224
1104.0,82,151,2094
1117.0,68,43,2080
1125.0,61,76,2073
3702.0,81,0,2093
730.0,98,3801,2110
737.0,92,1834,2104
1114.0,49,151,2061
1120.0,42,43,2054
1134.0,28,76,2040
1197.0,2057,0,4069
742.0,94,3801,2106
748.0,89,1834,2101
1145.0,2248,151,4260
1151.0,2240,43,4252
1165.0,2229,76,4241
3517.0,361,0,2373
643.0,130,3801,2142
653.0,124,1834,2136
935.0,77,151,2089
941.0,72,43,2084
955.0,57,76,2069
1015.0,1852,0,3864
724.0,205,3801,2217
730.0,199,1834,2211
1100.0,48,151,2060
1111.0,39,43,2051
1118.0,31,76,2043
3512.0,86,0,2098
739.0,95,3801,2107
746.0,89,1834,2101
1130.0,57,151,2069
1137.0,51,43,2063
1150.0,37,76,2049
1237.0,1970,0,3982
745.0,216,3854,2228
752.0,98,1834,2110
1112.0,108,151,2120
1118.0,102,43,2114
1134.0,86,76,2098
1218.0,2074,0,4086
751.0,206,3854,2218
757.0,201,1834,2213
1131.0,49,151,2061
1137.0,44,43,2056
1151.0,29,76,2041
1220.0,2723,0,4735
765.0,100,3854,2112
772.0,88,1834,2100
1168.0,60,151,2072
1174.0,54,43,2066
1189.0,38,76,2050
1286.0,2314,0,4326
785.0,249,3854,2261
791.0,242,1834,2254
3956.0,708,151,2720
3962.0,682,43,2694
3977.0,726,76,2738
4047.0,687,0,2699
742.0,94,3854,2106
749.0,88,1834,2100
1150.0,49,151,2061
1156.0,43,43,2055
1170.0,28,76,2040
3372.0,437,0,2449
761.0,212,3854,2224
768.0,206,1834,2218
1150.0,85,151,2097
1156.0,78,43,2090
1170.0,64,76,2076
1233.0,2173,0,4185
837.0,111,3854,2123
844.0,108,1834,2120
3639.0,65,151,2077
3646.0,60,43,2072
3662.0,42,76,2054
4042.0,63,0,2075
769.0,97,3854,2109
776.0,95,1834,2107
1177.0,54,151,2066
1183.0,48,43,2060
1197.0,34,76,2046
1282.0,2312,0,4324
955.0,352,3854,2364
961.0,345,1834,2357
1444.0,51,151,2063
1455.0,40,43,2052
1462.0,33,76,2045
4398.0,78,0,2090
654.0,107,3854,2119
663.0,101,1834,2113
1188.0,53,151,2065
1194.0,47,43,2059
1210.0,30,76,2042
1277.0,2105,0,4117
804.0,119,3854,2131
810.0,112,1834,2124
1275.0,55,151,2067
1281.0,47,43,2059
1297.0,27,76,2039
3727.0,456,0,2468
810.0,114,3854,2126
817.0,106,1834,2118
4034.0,57,151,2069
4040.0,51,43,2063
4054.0,37,76,2049
4128.0,76,0,2088
761.0,212,3854,2224
767.0,187,1834,2199
1075.0,58,151,2070
1085.0,48,43,2060
1092.0,41,76,2053
4106.0,50,0,2062
884.0,127,3854,2139
891.0,117,1834,2129
1391.0,48,151,2060
1397.0,41,43,2053
1411.0,27,76,2039
1810.0,2557,0,4569
851.0,111,3854,2123
858.0,112,1834,2124
1313.0,53,151,2065
1318.0,49,43,2061
1332.0,37,76,2049
3749.0,462,0,2474
783.0,120,3854,2132
789.0,114,1834,2126
1269.0,45,151,2057
1275.0,40,43,2052
1289.0,30,76,2042
1362.0,448,0,2460
837.0,119,3854,2131
844.0,116,1834,2128
1294.0,54,151,2066
1300.0,47,43,2059
1314.0,34,76,2046
1402.0,2532,0,4544
927.0,112,3854,2124
934.0,106,1834,2118
1370.0,55,151,2067
1375.0,48,43,2060
1389.0,36,76,2048
1461.0,2260,0,4272
958.0,116,3854,2128
965.0,112,1834,2124
1426.0,49,151,2061
1431.0,41,43,2053
1445.0,28,76,2040
4035.0,540,0,2552
833.0,121,3854,2133
839.0,115,1834,2127
1353.0,2558,151,4570
1359.0,2554,43,4566
1373.0,2543,76,4555
4398.0,96,0,2108
1038.0,125,3854,2137
1045.0,122,1834,2134
1531.0,60,151,2072
1536.0,56,43,2068
1550.0,43,76,2055
1641.0,2963,0,4975
640.0,640,3854,2652
650.0,639,1834,2651
1443.0,82,151,2094
1448.0,78,43,2090
1462.0,63,76,2075
1539.0,2481,0,4493
918.0,173,3854,2185
924.0,179,1834,2191
1522.0,67,151,2079
1528.0,63,43,2075
1541.0,49,76,2061
1631.0,2845,0,4857
754.0,131,3854,2143
761.0,113,1834,2125
1048.0,44,151,2056
1054.0,37,43,2049
1068.0,62,76,2074
1129.0,2586,0,4598
975.0,121,3854,2133
982.0,111,1834,2123
1448.0,47,151,2059
1453.0,37,43,2049
1467.0,28,76,2040
1536.0,2667,0,4679
948.0,124,3854,2136
955.0,124,1834,2136
1410.0,77,151,2089
1416.0,71,43,2083
1430.0,58,76,2070
1508.0,3007,0,5019
844.0,129,3854,2141
850.0,118,1834,2130
1321.0,49,151,2061
1326.0,45,43,2057
1340.0,31,76,2043
1427.0,480,0,2492
763.0,132,3854,2144
769.0,129,1834,2141
1294.0,52,151,2064
1300.0,46,43,2058
1315.0,32,76,2044
1754.0,2838,0,4850
706.0,334,3854,2346
712.0,332,1834,2344
1216.0,57,151,2069
1221.0,56,43,2068
1236.0,35,76,2047
1741.0,2969,0,4981
1062.0,115,3854,2127
1069.0,112,1834,2124
1558.0,58,151,2070
1564.0,53,43,2065
1578.0,41,76,2053
4843.0,490,0,2502
