1200	2
1250	3
1300	2
1350	26
1400	34
1450	54
1500	76
1550	73
1600	77
1650	37
1700	44
1750	36
1800	37
1850	34
1900	35
1950	38
2000	24
2050	15
2100	13
2150	34
2200	26
2250	33
2300	12
2350	19
2400	13
2450	13
2500	5
2550	16
2600	6
2650	6
2700	4
2750	6
2800	8
2850	6
2900	8
2950	14
3000	7
3050	8
3100	6
3150	6
3200	3
3250	2
3300	1
3350	10
3400	5
3450	13
3500	3
3550	4
3600	3
3650	5
3700	3
3750	1
3800	1
3850	7
3900	2
3950	8
4000	4
4050	0
4100	3
4150	9
4200	7
4250	8
4300	2
4350	4
4400	3
4450	0
4500	3
4550	3
4600	3
4650	11
4700	0
4750	4
4800	0
4850	5
4900	4
4950	2
5000	0
5050	1
5100	4
5150	2
5200	2
5250	2
5300	2
5350	0
5400	0
5450	1
5500	0
5550	0
5600	1
5650	0
5700	0
5750	0
5800	0
5850	0
5900	0
5950	0
6000	0
6050	0
6100	0
6150	0
6200	0
6250	0
6300	0
6350	0
6400	0
6450	0
6500	0
6550	0
6600	0
6650	0
6700	0
6750	0
6800	0
6850	0
6900	0
6950	0
7000	0
7050	0
7100	0
7150	0
7200	0
7250	0
7300	0
7350	0
7400	0
7450	0
7500	0
7550	0
7600	0
7650	0
7700	0
7750	0
7800	0
7850	0
7900	0
7950	0
8000	1
8050	0
8100	0
8150	3
8200	1
8250	0
8300	0
8350	0
8400	0
8450	0
8500	0
8550	0
8600	0
8650	0
8700	0
8750	0
8800	0
8850	0
8900	0
8950	0
9000	0
9050	0
9100	0
9150	0
9200	0
9250	0
9300	0
9350	0
9400	0
9450	0
9500	0
9550	0
9600	0
9650	0
9700	0
9750	0
9800	0
9850	0
9900	0
9950	0
10000	0
10050	0
10100	0
10150	0
10200	0
10250	0
10300	0
10350	0
10400	0
10450	0
10500	0
10550	0
10600	0
10650	0
10700	0
10750	0
10800	0
10850	0
10900	0
10950	0
11000	0
11050	0
11100	0
11150	0
11200	0
11250	0
11300	0
11350	0
11400	0
11450	0
11500	0
11550	0
11600	0
11650	0
11700	0
11750	0
11800	0
11850	0
11900	0
11950	0
12000	0
12050	0
12100	0
12150	0
12200	0
12250	0
12300	0
12350	0
12400	0
12450	0
12500	0
12550	0
12600	0
12650	0
12700	0
12750	0
12800	0
12850	0
12900	0
12950	0
13000	0
13050	0
13100	0
13150	0
13200	0
13250	0
13300	0
13350	0
13400	0
13450	0
13500	0
13550	0
13600	0
13650	0
13700	0
13750	0
13800	0
13850	0
13900	0
13950	1
