20	77
40	131
60	41
80	76
100	37
120	33
140	15
160	10
180	4
200	13
220	2
240	6
260	5
280	4
300	1
320	4
340	4
360	4
380	4
400	1
420	1
440	2
460	2
480	2
500	0
520	1
540	1
560	2
580	0
600	0
620	3
640	0
660	0
680	2
700	1
720	1
740	0
760	0
780	1
800	0
820	0
840	2
860	1
880	0
900	0
920	0
940	0
960	0
980	0
1000	1
1020	1
1040	2
1060	0
1080	2
1100	0
1120	1
1140	0
1160	2
1180	3
1200	1
1220	2
1240	3
1260	1
1280	0
1300	1
1320	1
1340	0
1360	0
1380	1
1400	0
1420	0
1440	0
1460	1
1480	0
1500	0
1520	0
1540	0
1560	0
1580	0
1600	0
1620	0
1640	0
1660	0
1680	0
1700	0
1720	0
1740	0
1760	0
1780	0
1800	0
1820	0
1840	1
1860	0
1880	0
1900	0
1920	1
1940	1
1960	1
1980	1
2000	0
2020	0
2040	1
2060	1
2080	0
2100	1
2120	0
2140	0
2160	1
2180	0
2200	0
2220	2
2240	2
2260	0
2280	0
2300	2
2320	0
2340	0
2360	0
2380	0
2400	0
2420	0
2440	0
2460	0
2480	1
2500	0
2520	1
2540	4
2560	0
2580	1
2600	0
2620	0
2640	0
2660	1
2680	0
2700	0
2720	1
2740	0
2760	0
2780	0
2800	0
2820	1
2840	1
2860	0
2880	0
2900	0
2920	0
2940	0
2960	2
2980	0
3000	1
