500	24
550	60
600	38
650	63
700	41
750	24
800	26
850	75
900	120
950	246
1000	270
1050	291
1100	234
1150	125
1200	45
1250	23
1300	34
1350	20
1400	30
1450	14
1500	38
1550	38
1600	48
1650	45
1700	48
1750	52
1800	34
1850	41
1900	52
1950	14
2000	34
2050	32
2100	34
2150	30
2200	26
2250	13
2300	19
2350	25
2400	32
2450	24
2500	40
2550	21
2600	23
2650	22
2700	27
2750	17
2800	13
2850	8
2900	13
2950	23
3000	9
3050	17
3100	15
3150	7
3200	15
3250	13
3300	14
3350	25
3400	13
3450	22
3500	23
3550	32
3600	6
3650	6
3700	14
3750	14
3800	33
3850	13
3900	16
3950	11
4000	10
4050	7
4100	8
4150	18
4200	5
4250	25
4300	2
4350	14
4400	16
4450	3
4500	26
4550	13
4600	17
4650	8
4700	17
4750	11
4800	22
4850	31
4900	12
4950	6
5000	7
5050	8
5100	5
5150	2
5200	12
5250	3
5300	4
5350	1
5400	7
5450	7
5500	8
5550	4
5600	4
5650	1
5700	3
5750	12
5800	23
5850	2
5900	3
5950	16
6000	7
6050	12
6100	13
6150	10
6200	7
6250	19
6300	9
6350	19
6400	7
6450	7
6500	3
6550	10
6600	3
6650	5
6700	14
6750	20
6800	0
6850	8
6900	17
6950	13
7000	4
7050	13
7100	18
7150	22
7200	13
7250	24
7300	9
7350	11
7400	7
7450	4
7500	0
7550	19
7600	18
7650	11
7700	8
7750	1
7800	10
7850	7
7900	4
7950	7
8000	6
8050	10
8100	16
8150	4
8200	21
8250	16
8300	9
8350	2
8400	8
8450	11
8500	8
8550	11
8600	10
8650	15
8700	7
8750	7
8800	9
8850	15
8900	4
8950	4
9000	5
9050	9
9100	13
9150	3
9200	2
9250	10
9300	5
9350	2
9400	0
9450	4
9500	0
9550	1
9600	8
9650	8
9700	2
9750	6
9800	6
9850	5
9900	5
9950	0
10000	2
10050	2
10100	0
10150	3
10200	8
10250	5
10300	6
10350	1
10400	1
10450	1
10500	0
10550	1
10600	0
10650	1
10700	0
10750	1
10800	0
10850	0
10900	0
10950	2
