500	1
550	0
600	2
650	59
700	19
750	45
800	199
850	343
900	210
950	133
1000	181
1050	141
1100	204
1150	133
1200	148
1250	109
1300	114
1350	74
1400	53
1450	42
1500	48
1550	46
1600	34
1650	35
1700	25
1750	9
1800	32
1850	12
1900	22
1950	23
2000	19
2050	16
2100	7
2150	8
2200	14
2250	16
2300	6
2350	5
2400	5
2450	24
2500	0
2550	9
2600	13
2650	8
2700	11
2750	0
2800	5
2850	2
2900	20
2950	3
3000	3
3050	8
3100	2
3150	3
3200	3
3250	10
3300	3
3350	3
3400	8
3450	3
3500	0
3550	0
3600	1
3650	2
3700	0
3750	0
3800	0
3850	0
3900	0
3950	0
4000	0
4050	0
4100	0
4150	0
4200	0
4250	0
4300	0
4350	0
4400	0
4450	0
4500	0
4550	0
4600	1
4650	2
4700	0
4750	0
4800	0
4850	0
4900	2
4950	0
5000	0
5050	0
5100	0
5150	0
5200	0
5250	1
5300	0
5350	0
5400	0
5450	0
5500	0
5550	0
5600	0
5650	0
5700	0
5750	0
5800	0
5850	0
5900	0
5950	0
6000	0
6050	0
6100	0
6150	0
6200	0
6250	0
6300	1
6350	1
6400	1
