650	10
700	24
750	23
800	27
850	56
900	88
950	103
1000	81
1050	77
1100	40
1150	21
1200	10
1250	9
1300	3
1350	4
1400	4
1450	8
1500	6
1550	6
1600	7
1650	7
1700	7
1750	8
1800	4
1850	7
1900	4
1950	4
2000	3
2050	9
2100	7
2150	8
2200	4
2250	5
2300	9
2350	14
2400	1
2450	11
2500	7
2550	6
2600	1
2650	10
2700	2
2750	4
2800	2
2850	7
2900	9
2950	6
3000	4
3050	5
3100	13
3150	2
3200	3
3250	4
3300	6
3350	4
3400	3
3450	2
3500	5
3550	6
3600	9
3650	1
3700	5
3750	1
3800	2
3850	0
3900	6
3950	1
4000	6
4050	2
4100	2
4150	7
4200	4
4250	6
4300	0
4350	1
4400	6
4450	3
4500	2
4550	6
4600	5
4650	5
4700	9
4750	4
4800	1
4850	5
4900	3
4950	4
5000	2
5050	3
5100	8
5150	1
5200	3
5250	2
5300	6
5350	3
5400	0
5450	1
5500	4
5550	1
5600	0
5650	1
5700	4
5750	2
5800	2
5850	4
5900	3
5950	2
6000	2
6050	4
6100	2
6150	0
6200	1
6250	3
6300	3
6350	8
6400	5
6450	7
6500	1
6550	3
6600	2
6650	5
6700	2
6750	2
6800	8
6850	5
6900	5
6950	0
7000	1
7050	5
7100	2
7150	5
7200	1
7250	3
7300	3
7350	1
7400	0
7450	3
7500	6
7550	3
7600	0
7650	1
7700	6
7750	0
7800	0
7850	1
7900	3
7950	1
8000	2
8050	0
8100	0
8150	1
8200	0
8250	2
8300	0
8350	1
8400	1
8450	0
8500	1
8550	1
8600	0
8650	1
8700	1
8750	1
8800	0
8850	0
8900	2
8950	1
