0	104
20	187
40	55
60	132
80	76
100	88
120	92
140	64
160	56
180	41
200	39
220	44
240	33
260	17
280	12
300	12
320	17
340	9
360	10
380	4
400	6
420	12
440	9
460	9
480	8
500	8
520	14
540	13
560	13
580	3
600	7
620	9
640	4
660	10
680	5
700	2
720	4
740	5
760	4
780	7
800	8
820	5
840	6
860	7
880	7
900	4
920	4
940	4
960	4
980	3
1000	4
1020	5
1040	4
1060	5
1080	3
1100	6
1120	4
1140	3
1160	9
1180	7
1200	9
1220	4
1240	8
1260	2
1280	13
1300	10
1320	13
1340	9
1360	6
1380	4
1400	11
1420	8
1440	5
1460	6
1480	7
1500	9
1520	8
1540	9
1560	13
1580	8
1600	12
1620	7
1640	3
1660	5
1680	2
1700	3
1720	5
1740	6
1760	3
1780	0
1800	1
1820	3
1840	1
1860	2
1880	4
1900	3
1920	4
1940	0
1960	4
1980	1
2000	5
2020	1
2040	2
2060	1
2080	4
2100	0
2120	5
2140	2
2160	1
2180	2
2200	0
2220	2
2240	0
2260	2
2280	2
2300	2
2320	2
2340	0
2360	1
2380	2
2400	0
2420	0
2440	1
2460	2
2480	3
2500	0
2520	0
2540	0
2560	0
2580	1
2600	0
2620	1
2640	0
2660	1
2680	0
2700	2
2720	1
2740	1
2760	0
2780	2
2800	2
2820	1
2840	1
2860	2
2880	1
2900	0
2920	0
2940	0
2960	0
2980	1
3000	0
3020	0
3040	1
3060	3
3080	2
3100	0
3120	0
3140	0
3160	0
3180	1
3200	1
3220	0
3240	1
3260	1
3280	2
3300	0
3320	0
3340	0
3360	0
3380	0
3400	0
3420	0
3440	0
3460	0
3480	0
3500	0
3520	0
3540	0
3560	0
3580	0
3600	1
3620	0
3640	1
3660	0
3680	0
3700	0
3720	0
3740	0
3760	2
3780	0
3800	1
3820	1
3840	0
3860	0
3880	0
3900	0
3920	0
3940	0
3960	0
3980	0
4000	0
4020	0
4040	0
4060	0
4080	0
4100	0
4120	0
4140	0
4160	0
4180	0
4200	0
4220	0
4240	0
4260	0
4280	0
4300	0
4320	0
4340	0
4360	0
4380	0
4400	0
4420	0
4440	0
4460	0
4480	0
4500	2
