0	83
20	88
40	119
60	108
80	102
100	57
120	42
140	28
160	52
180	34
200	10
220	28
240	25
260	20
280	13
300	3
320	5
340	16
360	7
380	7
400	9
420	7
440	5
460	0
480	4
500	7
520	4
540	4
560	2
580	9
600	8
620	7
640	9
660	10
680	10
700	10
720	3
740	7
760	7
780	5
800	8
820	2
840	5
860	5
880	5
900	4
920	3
940	2
960	3
980	5
1000	1
1020	0
1040	1
1060	3
1080	2
1100	3
1120	3
1140	1
1160	5
1180	6
1200	5
1220	2
1240	1
1260	2
1280	2
1300	0
1320	2
1340	0
1360	0
1380	2
1400	3
1420	1
1440	0
1460	0
1480	3
1500	1
1520	0
1540	1
1560	3
1580	1
1600	1
1620	2
1640	0
1660	2
1680	0
1700	0
1720	1
1740	2
1760	4
1780	2
1800	1
1820	1
1840	0
1860	2
1880	0
1900	1
1920	0
1940	0
1960	0
1980	2
2000	0
2020	1
2040	0
2060	1
2080	2
2100	0
2120	0
2140	0
2160	0
2180	1
2200	0
2220	1
2240	0
2260	1
2280	2
2300	0
2320	0
2340	0
2360	1
2380	1
2400	1
2420	0
2440	0
2460	1
2480	0
2500	0
2520	0
2540	0
2560	0
2580	1
2600	1
2620	1
2640	0
2660	0
2680	0
2700	0
2720	1
2740	0
2760	0
2780	0
2800	1
2820	1
2840	0
2860	1
2880	0
2900	0
2920	0
2940	1
2960	0
2980	0
3000	0
3020	1
3040	0
3060	1
3080	0
3100	0
3120	0
3140	0
3160	0
3180	0
3200	0
3220	0
3240	0
3260	0
3280	0
3300	0
3320	0
3340	0
3360	0
3380	0
3400	0
3420	0
3440	0
3460	0
3480	0
3500	0
3520	0
3540	0
3560	0
3580	0
3600	0
3620	0
3640	0
3660	0
3680	0
3700	0
3720	0
3740	0
3760	0
3780	0
3800	0
3820	0
3840	0
3860	0
3880	0
3900	0
3920	0
3940	0
3960	0
3980	0
4000	0
4020	0
4040	1
4060	0
4080	0
4100	0
4120	0
4140	0
4160	0
4180	0
4200	0
4220	0
4240	0
4260	0
4280	0
4300	0
4320	0
4340	0
4360	0
4380	0
4400	0
4420	1
