0	97
20	80
40	54
60	43
80	23
100	24
120	27
140	25
160	24
180	33
200	17
220	17
240	23
260	20
280	3
300	4
320	1
340	2
360	2
380	2
400	3
420	1
440	0
460	2
480	0
500	0
520	3
540	1
560	5
580	1
600	3
620	3
640	1
660	1
680	0
700	0
720	0
740	0
760	1
780	0
800	0
820	0
840	2
860	0
880	1
900	2
920	1
940	0
960	0
980	1
1000	1
1020	0
1040	2
1060	2
1080	2
1100	2
1120	0
1140	0
1160	2
1180	0
1200	0
1220	0
1240	1
1260	0
1280	0
1300	0
1320	0
1340	2
1360	1
1380	0
1400	0
1420	0
1440	0
1460	0
1480	0
1500	0
1520	0
1540	0
1560	0
1580	1
1600	0
1620	0
1640	0
1660	0
1680	0
1700	0
1720	0
1740	0
1760	0
1780	0
1800	1
1820	0
1840	0
1860	0
1880	0
1900	0
1920	1
1940	0
1960	0
1980	0
2000	0
2020	0
2040	1
2060	0
2080	1
2100	0
2120	1
2140	0
2160	1
2180	1
2200	1
2220	0
2240	1
2260	1
2280	1
2300	0
2320	1
2340	0
2360	0
2380	1
2400	0
2420	0
2440	2
2460	1
2480	1
2500	0
2520	1
2540	1
2560	1
2580	0
2600	1
2620	0
2640	2
2660	0
2680	1
2700	0
2720	2
2740	1
2760	0
2780	0
2800	1
2820	0
2840	0
2860	0
2880	0
2900	1
2920	0
2940	1
2960	1
2980	1
3000	0
3020	0
3040	0
3060	1
3080	0
3100	0
3120	0
3140	0
3160	0
3180	0
3200	0
3220	0
3240	0
3260	0
3280	0
3300	0
3320	0
3340	0
3360	0
3380	0
3400	0
3420	0
3440	1
3460	0
3480	0
3500	0
3520	0
3540	0
3560	0
3580	1
