200	223
300	544
400	517
500	225
600	124
700	148
800	193
900	175
1000	114
1100	111
1200	84
1300	74
1400	74
1500	85
1600	70
1700	56
1800	39
1900	34
2000	33
2100	28
2200	33
2300	20
2400	20
2500	37
2600	13
2700	38
2800	24
2900	34
3000	52
3100	45
3200	42
3300	42
3400	41
3500	59
3600	43
3700	29
3800	51
3900	46
4000	52
4100	37
4200	59
4300	41
4400	35
4500	63
4600	50
4700	57
4800	37
4900	40
5000	37
5100	38
5200	20
5300	26
5400	27
5500	21
5600	25
5700	13
5800	29
5900	20
6000	19
6100	41
6200	39
6300	41
6400	23
6500	26
6600	31
6700	21
6800	31
6900	21
7000	20
7100	15
7200	23
7300	8
7400	16
7500	11
7600	10
7700	17
7800	8
7900	8
8000	4
8100	7
8200	6
8300	7
8400	3
8500	5
8600	2
8700	10
8800	1
8900	5
9000	2
9100	4
9200	5
9300	6
9400	4
9500	3
9600	0
9700	5
9800	3
9900	2
10000	4
10100	6
10200	3
10300	5
10400	4
10500	0
10600	7
10700	3
10800	4
10900	2
11000	2
11100	2
11200	2
11300	6
11400	4
11500	2
11600	2
11700	3
11800	3
11900	0
12000	1
12100	0
12200	1
12300	3
12400	2
12500	1
12600	0
12700	1
12800	0
12900	0
13000	0
13100	0
13200	0
13300	0
13400	0
13500	0
13600	2
13700	1
13800	0
13900	0
14000	0
14100	0
14200	0
14300	1
