starttime,duration,size,total
948.0,573,141621,1521.0
950.0,611,143470,1561.0
1130.0,354,17954,1484.0
1948.0,608,5548,2556.0
1951.0,103,24802,2054.0
2837.0,463,15952,3300.0
4437.0,138,6697,4575.0
4581.0,31,8107,4612.0
1197.0,82,141621,1279.0
1198.0,81,143470,1279.0
1543.0,45,17954,1588.0
2220.0,257,15896,2477.0
2525.0,32,6697,2557.0
2563.0,3,8107,2566.0
1095.0,76,141621,1171.0
1097.0,119,143470,1216.0
1367.0,57,17954,1424.0
2085.0,252,15902,2337.0
2386.0,24,6697,2410.0
2415.0,7,8107,2422.0
1208.0,129,141621,1337.0
1210.0,148,143470,1358.0
1433.0,76,17954,1509.0
1542.0,47,5548,1589.0
1546.0,44,24802,1590.0
2596.0,248,15962,2844.0
2896.0,34,6697,2930.0
2933.0,2,8107,2935.0
875.0,153,141621,1028.0
876.0,86,143470,962.0
1104.0,68,17954,1172.0
1231.0,225,5548,1456.0
1234.0,222,24802,1456.0
2044.0,370,15988,2414.0
2464.0,29,6697,2493.0
2497.0,2,8107,2499.0
896.0,203,141621,1099.0
965.0,77,143470,1042.0
1134.0,60,17954,1194.0
1232.0,41,5548,1273.0
1235.0,38,24802,1273.0
2090.0,242,15912,2332.0
2383.0,29,6697,2412.0
2418.0,7,8107,2425.0
1237.0,158,141621,1395.0
1239.0,95,143470,1334.0
1474.0,83,17954,1557.0
1593.0,27,5548,1620.0
1596.0,24,24802,1620.0
2260.0,407,15888,2667.0
2717.0,36,6697,2753.0
2757.0,2,8107,2759.0
1067.0,160,141621,1227.0
1149.0,15,143470,1164.0
1305.0,65,17954,1370.0
1414.0,36,5548,1450.0
1417.0,32,24802,1449.0
2483.0,261,15976,2744.0
2784.0,15,6697,2799.0
2812.0,11,8107,2823.0
1128.0,96,141621,1224.0
1130.0,94,143470,1224.0
1378.0,76,17954,1454.0
2541.0,236,16105,2777.0
3328.0,33,6697,3361.0
3364.0,2,8107,3366.0
1272.0,132,141621,1404.0
1273.0,161,143470,1434.0
1579.0,46,17954,1625.0
2613.0,254,15906,2867.0
2916.0,29,6697,2945.0
2949.0,2,8107,2951.0
1176.0,167,141621,1343.0
1177.0,104,143470,1281.0
1434.0,99,17954,1533.0
2778.0,258,15892,3036.0
3086.0,64,6697,3150.0
3153.0,3,8107,3156.0
1229.0,130,141621,1359.0
1230.0,171,143470,1401.0
1476.0,22,17954,1498.0
2599.0,279,15938,2878.0
2928.0,30,6697,2958.0
2961.0,3,8107,2964.0
1100.0,128,141621,1228.0
1101.0,137,143470,1238.0
1395.0,48,17954,1443.0
1473.0,40,5548,1513.0
1476.0,36,24802,1512.0
2466.0,246,15976,2712.0
2763.0,30,6697,2793.0
2798.0,2,8107,2800.0
1226.0,111,141621,1337.0
1320.0,82,143470,1402.0
1477.0,24,17954,1501.0
1607.0,47,5548,1654.0
1611.0,43,24802,1654.0
2544.0,236,15930,2780.0
2830.0,41,6697,2871.0
2873.0,3,8107,2876.0
1149.0,111,141621,1260.0
1150.0,109,143470,1259.0
1480.0,46,17954,1526.0
2574.0,259,15944,2833.0
2883.0,33,6697,2916.0
2919.0,3,8107,2922.0
1111.0,115,141621,1226.0
1112.0,174,143470,1286.0
1360.0,29,17954,1389.0
2667.0,480,15974,3147.0
3197.0,143,6697,3340.0
3366.0,23,8107,3389.0
1162.0,115,141621,1277.0
1164.0,179,143470,1343.0
1481.0,54,17954,1535.0
2559.0,267,15872,2826.0
2877.0,31,6697,2908.0
2914.0,3,8107,2917.0
1179.0,101,141621,1280.0
1180.0,170,143470,1350.0
1529.0,51,17954,1580.0
2613.0,268,15870,2881.0
2930.0,41,6697,2971.0
2974.0,4,8107,2978.0
1413.0,151,141621,1564.0
1414.0,120,143470,1534.0
1668.0,37,17954,1705.0
2827.0,393,15942,3220.0
3270.0,31,6697,3301.0
3306.0,3,8107,3309.0
1080.0,180,141621,1260.0
1081.0,111,143470,1192.0
1335.0,28,17954,1363.0
2501.0,279,15896,2780.0
2830.0,34,6697,2864.0
2868.0,3,8107,2871.0
1132.0,119,141621,1251.0
1133.0,181,143470,1314.0
1481.0,48,17954,1529.0
2623.0,253,16006,2876.0
2925.0,38,6697,2963.0
2966.0,2,8107,2968.0
1187.0,119,141621,1306.0
1188.0,116,143470,1304.0
1446.0,31,17954,1477.0
2833.0,264,15910,3097.0
3147.0,34,6697,3181.0
3186.0,3,8107,3189.0
1167.0,119,141621,1286.0
1168.0,194,143470,1362.0
1387.0,61,17954,1448.0
1576.0,41,5548,1617.0
1579.0,39,24802,1618.0
2576.0,524,15940,3100.0
3266.0,56,6697,3322.0
3324.0,2,8107,3326.0
924.0,126,141621,1050.0
925.0,191,143470,1116.0
1196.0,36,17954,1232.0
2360.0,526,15950,2886.0
3066.0,56,6697,3122.0
3124.0,3,8107,3127.0
1114.0,196,141621,1310.0
1115.0,138,143470,1253.0
1385.0,54,17954,1439.0
3147.0,369,15930,3516.0
4174.0,38,6697,4212.0
4217.0,3,8107,4220.0
1116.0,159,141621,1275.0
1234.0,103,143470,1337.0
1376.0,48,17954,1424.0
3188.0,242,15928,3430.0
3479.0,48,6697,3527.0
3529.0,4,8107,3533.0
1217.0,256,141621,1473.0
1334.0,67,143470,1401.0
1413.0,160,17954,1573.0
3057.0,359,15882,3416.0
3465.0,36,6697,3501.0
3505.0,3,8107,3508.0
1177.0,122,141621,1299.0
1178.0,120,143470,1298.0
1472.0,114,17954,1586.0
2687.0,528,15892,3215.0
3376.0,54,6697,3430.0
3433.0,3,8107,3436.0
1103.0,187,141621,1290.0
1105.0,119,143470,1224.0
1365.0,25,17954,1390.0
2688.0,568,16004,3256.0
3411.0,21,6697,3432.0
3436.0,5,8107,3441.0
1132.0,187,141621,1319.0
1133.0,120,143470,1253.0
1403.0,29,17954,1432.0
3373.0,339,15978,3712.0
3763.0,52,6697,3815.0
3818.0,3,8107,3821.0
1097.0,142,141621,1239.0
1098.0,140,143470,1238.0
1336.0,123,17954,1459.0
1530.0,923,5548,2453.0
1534.0,920,24802,2454.0
3011.0,268,15982,3279.0
3329.0,36,6697,3365.0
3369.0,4,8107,3373.0
1292.0,127,141621,1419.0
1294.0,128,143470,1422.0
1562.0,26,17954,1588.0
2865.0,579,15894,3444.0
3598.0,47,6697,3645.0
3649.0,19,8107,3668.0
1147.0,141,141621,1288.0
1148.0,140,143470,1288.0
1433.0,8,17954,1441.0
2803.0,610,15994,3413.0
3567.0,61,6697,3628.0
3631.0,2,8107,3633.0
870.0,191,141621,1061.0
871.0,125,143470,996.0
1138.0,27,17954,1165.0
2392.0,548,15882,2940.0
3734.0,21,6697,3755.0
3834.0,8,8107,3842.0
1122.0,126,141621,1248.0
1123.0,128,143470,1251.0
1351.0,121,17954,1472.0
1543.0,44,5548,1587.0
1546.0,41,24802,1587.0
2600.0,580,15892,3180.0
3339.0,63,6697,3402.0
3407.0,4,8107,3411.0
1224.0,151,141621,1375.0
1225.0,149,143470,1374.0
1531.0,119,17954,1650.0
2946.0,624,16057,3570.0
3743.0,47,6697,3790.0
3795.0,4,8107,3799.0
1214.0,135,141621,1349.0
1216.0,204,143470,1420.0
1499.0,24,17954,1523.0
2802.0,585,15998,3387.0
3541.0,56,6697,3597.0
3602.0,3,8107,3605.0
1149.0,142,141621,1291.0
1150.0,139,143470,1289.0
1431.0,26,17954,1457.0
2830.0,621,15830,3451.0
3633.0,57,6697,3690.0
3694.0,3,8107,3697.0
1091.0,138,141621,1229.0
1092.0,995,143506,2087.0
1326.0,28,17954,1354.0
2183.0,27,5548,2210.0
2186.0,24,24802,2210.0
2465.0,1347,15962,3812.0
4298.0,67,6697,4365.0
4370.0,11,8107,4381.0
1118.0,133,141621,1251.0
1119.0,128,143470,1247.0
1390.0,29,17954,1419.0
3452.0,410,15876,3862.0
3915.0,50,6697,3965.0
3970.0,3,8107,3973.0
1159.0,153,141621,1312.0
1160.0,218,143470,1378.0
1458.0,37,17954,1495.0
2930.0,654,16061,3584.0
3729.0,62,6697,3791.0
3794.0,13,8107,3807.0
1133.0,148,141621,1281.0
1134.0,147,143470,1281.0
1380.0,66,17954,1446.0
2964.0,676,15904,3640.0
3780.0,75,6697,3855.0
3858.0,4,8107,3862.0
1291.0,187,141621,1478.0
1292.0,156,143470,1448.0
1585.0,31,17954,1616.0
3046.0,637,15888,3683.0
3868.0,60,6697,3928.0
3932.0,3,8107,3935.0
1144.0,187,141621,1331.0
1145.0,206,143470,1351.0
1499.0,53,17954,1552.0
1595.0,44,5548,1639.0
1598.0,52,24802,1650.0
2814.0,764,15982,3578.0
4580.0,37,6697,4617.0
4621.0,3,8107,4624.0
1137.0,159,141621,1296.0
1138.0,224,143470,1362.0
1444.0,33,17954,1477.0
2318.0,1594,15998,3912.0
4366.0,31,6697,4397.0
4429.0,7,8107,4436.0
1062.0,151,141621,1213.0
1063.0,213,143506,1276.0
1356.0,24,17954,1380.0
3965.0,415,15916,4380.0
4399.0,42,6697,4441.0
4445.0,8,8107,4453.0
1265.0,152,141621,1417.0
1266.0,150,143470,1416.0
1563.0,27,17954,1590.0
4348.0,259,16104,4607.0
4625.0,38,6697,4663.0
4669.0,7,8107,4676.0
1208.0,259,141621,1467.0
1210.0,170,143470,1380.0
1381.0,289,17954,1670.0
2546.0,2046,16037,4592.0
4990.0,53,6697,5043.0
5045.0,12,8107,5057.0
1152.0,1355,141621,2507.0
1154.0,1378,143470,2532.0
2546.0,55,17954,2601.0
2781.0,38,5548,2819.0
2784.0,46,24802,2830.0
4810.0,1044,15972,5854.0
5986.0,62,6697,6048.0
6056.0,7,8107,6063.0
1298.0,231,141621,1529.0
1299.0,169,143470,1468.0
1612.0,32,17954,1644.0
2688.0,2124,16110,4812.0
5243.0,40,6697,5283.0
5297.0,8,8107,5305.0
1105.0,230,141621,1335.0
1106.0,251,143470,1357.0
1264.0,94,17954,1358.0
2628.0,2082,15963,4710.0
5172.0,47,6697,5219.0
5248.0,5,8107,5253.0
1174.0,91,141621,1265.0
1176.0,260,143470,1436.0
1398.0,141,17954,1539.0
2614.0,2217,16081,4831.0
5271.0,70,6697,5341.0
5344.0,4,8107,5348.0
1141.0,198,141621,1339.0
1142.0,162,143470,1304.0
1405.0,72,17954,1477.0
2412.0,1820,16027,4232.0
4613.0,36,6697,4649.0
4663.0,6,8107,4669.0
1416.0,200,141621,1616.0
1417.0,200,143470,1617.0
1690.0,128,17954,1818.0
1934.0,26,5548,1960.0
1937.0,23,24802,1960.0
2908.0,1935,16027,4843.0
5302.0,63,6697,5365.0
5369.0,16,8107,5385.0
1323.0,853,141621,2176.0
1324.0,849,143470,2173.0
2174.0,73,17954,2247.0
2378.0,68,5548,2446.0
2382.0,54,24802,2436.0
4508.0,1081,16033,5589.0
5726.0,33,6697,5759.0
5763.0,34,8107,5797.0
1319.0,224,141621,1543.0
1321.0,174,143470,1495.0
1496.0,179,17954,1675.0
2743.0,2243,16101,4986.0
5437.0,41,6697,5478.0
5491.0,7,8107,5498.0
1081.0,233,141621,1314.0
1083.0,182,143470,1265.0
1270.0,320,17954,1590.0
4838.0,381,15940,5219.0
5272.0,44,6697,5316.0
5330.0,6,8107,5336.0
1130.0,185,141621,1315.0
1131.0,184,143470,1315.0
1313.0,174,17954,1487.0
2634.0,2389,16103,5023.0
5433.0,62,6697,5495.0
5502.0,9,8107,5511.0
1155.0,182,141621,1337.0
1157.0,181,143470,1338.0
1421.0,89,17954,1510.0
2607.0,2469,16121,5076.0
5498.0,77,6697,5575.0
5587.0,8,8107,5595.0
1219.0,233,141621,1452.0
1220.0,168,143470,1388.0
1537.0,31,17954,1568.0
2657.0,2165,16011,4822.0
5162.0,56,6697,5218.0
5223.0,5,8107,5228.0
1258.0,180,141621,1438.0
1260.0,173,143506,1433.0
1434.0,182,17954,1616.0
4846.0,289,16121,5135.0
5182.0,37,6697,5219.0
5235.0,6,8107,5241.0
1176.0,241,141621,1417.0
1177.0,189,143470,1366.0
1368.0,182,17954,1550.0
2616.0,2339,16039,4955.0
5420.0,42,6697,5462.0
5491.0,18,8107,5509.0
1124.0,214,141621,1338.0
1125.0,263,143470,1388.0
1383.0,95,17954,1478.0
2590.0,2482,16094,5072.0
5578.0,26,6697,5604.0
5632.0,5,8107,5637.0
1127.0,259,141621,1386.0
1128.0,204,143470,1332.0
1313.0,165,17954,1478.0
2675.0,2533,16101,5208.0
5659.0,66,6697,5725.0
5731.0,8,8107,5739.0
1122.0,186,141621,1308.0
1123.0,184,143470,1307.0
1379.0,85,17954,1464.0
2683.0,2576,15995,5259.0
5715.0,25,6697,5740.0
5768.0,7,8107,5775.0
1324.0,172,141621,1496.0
1326.0,172,143470,1498.0
1592.0,72,17954,1664.0
2774.0,2279,16023,5053.0
5429.0,75,6697,5504.0
5517.0,9,8107,5526.0
1219.0,228,141621,1447.0
1220.0,228,143470,1448.0
1456.0,121,17954,1577.0
2692.0,2456,16053,5148.0
5632.0,919,6697,6551.0
6559.0,6,8107,6565.0
1403.0,191,141621,1594.0
1404.0,263,143470,1667.0
1591.0,171,17954,1762.0
2931.0,2556,16089,5487.0
5977.0,68,6697,6045.0
6053.0,7,8107,6060.0
1155.0,199,141621,1354.0
1156.0,267,143470,1423.0
1490.0,21,17954,1511.0
2695.0,309,16001,3004.0
2726.0,32,5548,2758.0
2731.0,91,24802,2822.0
7036.0,23,6697,7059.0
7183.0,57,8107,7240.0
1139.0,189,141621,1328.0
1141.0,273,143470,1414.0
1482.0,19,17954,1501.0
2754.0,305,16035,3059.0
2782.0,80,5548,2862.0
2787.0,89,24802,2876.0
5707.0,428,6697,6135.0
6195.0,24,8107,6219.0
1266.0,196,141621,1462.0
1267.0,265,143470,1532.0
1460.0,169,17954,1629.0
2717.0,2293,16037,5010.0
5444.0,46,6697,5490.0
5505.0,7,8107,5512.0
1279.0,191,141621,1470.0
1280.0,175,143470,1455.0
1453.0,13,17954,1466.0
2798.0,2200,15959,4998.0
2830.0,90,5548,2920.0
2834.0,75,24802,2909.0
5604.0,38,6697,5642.0
5745.0,37,8107,5782.0
1289.0,202,141621,1491.0
1290.0,204,143470,1494.0
1489.0,147,17954,1636.0
2829.0,2614,16059,5443.0
5971.0,60,6697,6031.0
6047.0,9,8107,6056.0
1110.0,207,141621,1317.0
1111.0,283,143470,1394.0
1315.0,183,17954,1498.0
2714.0,2650,16005,5364.0
5918.0,63,6697,5981.0
5985.0,9,8107,5994.0
1180.0,197,141621,1377.0
1181.0,197,143470,1378.0
1379.0,149,17954,1528.0
2782.0,2742,16067,5524.0
6068.0,54,6697,6122.0
6148.0,13,8107,6161.0
1336.0,184,141621,1520.0
1337.0,257,143470,1594.0
1691.0,116,17954,1807.0
2902.0,2459,16034,5361.0
5810.0,85,6697,5895.0
5901.0,4,8107,5905.0
1174.0,247,141621,1421.0
1175.0,199,143470,1374.0
1432.0,87,17954,1519.0
1696.0,7,5548,1703.0
1699.0,1020,24802,2719.0
2719.0,2740,16104,5459.0
6175.0,32,6697,6207.0
6239.0,13,8107,6252.0
1316.0,98,141621,1414.0
1317.0,280,143470,1597.0
1575.0,25,17954,1600.0
3019.0,2817,16045,5836.0
6329.0,69,6697,6398.0
6403.0,8,8107,6411.0
1357.0,218,141621,1575.0
1358.0,216,143470,1574.0
1573.0,139,17954,1712.0
2990.0,2908,16023,5898.0
6487.0,75,6697,6562.0
6566.0,8,8107,6574.0
1114.0,203,141621,1317.0
1115.0,273,143470,1388.0
1315.0,169,17954,1484.0
2768.0,2694,16035,5462.0
5922.0,80,6697,6002.0
6007.0,8,8107,6015.0
1114.0,100,141621,1214.0
1115.0,249,143470,1364.0
1373.0,56,17954,1429.0
2831.0,2728,16045,5559.0
6153.0,49,6697,6202.0
6219.0,8,8107,6227.0
1079.0,251,141621,1330.0
1080.0,251,143470,1331.0
1288.0,67,17954,1355.0
1609.0,1095,5548,2704.0
1612.0,1076,24802,2688.0
2689.0,2954,16031,5643.0
6395.0,78,6697,6473.0
6478.0,7,8107,6485.0
1194.0,199,141621,1393.0
1196.0,214,143470,1410.0
1392.0,14,17954,1406.0
2712.0,2641,15959,5353.0
5926.0,55,6697,5981.0
5994.0,10,8107,6004.0
1124.0,250,141621,1374.0
1125.0,229,143470,1354.0
1478.0,178,17954,1656.0
2904.0,3078,16075,5982.0
6074.0,64,6697,6138.0
6144.0,8,8107,6152.0
1297.0,272,141621,1569.0
1298.0,237,143470,1535.0
1572.0,97,17954,1669.0
1852.0,7,5548,1859.0
1855.0,16,24802,1871.0
2928.0,2971,16087,5899.0
6675.0,63,6697,6738.0
6749.0,8,8107,6757.0
1175.0,62,141621,1237.0
1177.0,104,143470,1281.0
1491.0,8,17954,1499.0
4810.0,1251,15943,6061.0
6206.0,68,6697,6274.0
6282.0,7,8107,6289.0
1220.0,209,141621,1429.0
1221.0,211,143470,1432.0
1430.0,149,17954,1579.0
5464.0,574,16013,6038.0
6125.0,68,6697,6193.0
6199.0,8,8107,6207.0
1121.0,222,141621,1343.0
1122.0,215,143470,1337.0
1339.0,62,17954,1401.0
1659.0,1072,5548,2731.0
1662.0,1058,24802,2720.0
2732.0,2989,15943,5721.0
6505.0,21,6697,6526.0
6559.0,8,8107,6567.0
1246.0,232,141621,1478.0
1247.0,268,143470,1515.0
1511.0,38,17954,1549.0
1802.0,1107,5548,2909.0
1806.0,1103,24802,2909.0
2897.0,270,16025,3167.0
6833.0,34,6697,6867.0
6970.0,53,8107,7023.0
1253.0,227,141621,1480.0
1254.0,262,143470,1516.0
1464.0,124,17954,1588.0
1750.0,16,5548,1766.0
1753.0,24,24802,1777.0
5659.0,897,16049,6556.0
6696.0,42,6697,6738.0
6752.0,13,8107,6765.0
1095.0,263,141621,1358.0
1096.0,262,143470,1358.0
1339.0,118,17954,1457.0
1663.0,1166,5548,2829.0
1666.0,1164,24802,2830.0
2827.0,3443,16015,6270.0
7130.0,85,6697,7215.0
7258.0,10,8107,7268.0
1223.0,63,141621,1286.0
1225.0,303,143470,1528.0
1536.0,7,17954,1543.0
3177.0,3594,15935,6771.0
7393.0,75,6697,7468.0
7508.0,13,8107,7521.0
