460	1
480	5
500	3
520	1
540	5
560	5
580	7
600	8
620	14
640	17
660	18
680	20
700	11
720	7
740	18
760	7
780	3
800	4
820	5
840	1
860	5
880	2
900	3
920	5
940	2
960	1
980	4
1000	3
1020	2
1040	1
1060	3
1080	1
1100	2
1120	4
1140	1
1160	1
1180	0
1200	2
1220	0
1240	2
1260	0
1280	2
1300	3
1320	1
1340	0
1360	0
1380	1
1400	1
1420	1
1440	2
1460	1
1480	2
1500	0
1520	0
1540	0
1560	1
1580	1
1600	0
1620	1
1640	0
1660	0
1680	2
1700	1
1720	1
1740	0
1760	1
1780	1
1800	1
1820	1
1840	1
1860	1
1880	1
1900	0
1920	0
1940	1
1960	1
1980	1
2000	2
2020	0
2040	1
2060	1
2080	0
2100	1
2120	1
2140	1
2160	0
2180	1
2200	0
2220	0
2240	3
2260	1
2280	1
2300	1
2320	1
2340	0
2360	1
2380	1
2400	2
2420	1
2440	0
2460	0
2480	1
2500	1
2520	2
2540	1
2560	1
2580	1
2600	1
2620	0
2640	1
2660	1
2680	2
2700	1
2720	0
2740	1
2760	0
2780	2
2800	2
2820	0
2840	0
2860	2
2880	1
2900	1
2920	0
2940	0
2960	4
2980	1
3000	2
3020	0
3040	0
3060	1
3080	0
3100	0
3120	1
3140	0
3160	1
3180	0
3200	2
3220	0
3240	1
3260	2
3280	0
3300	0
3320	1
3340	0
3360	1
3380	1
3400	1
3420	0
3440	0
3460	1
3480	1
3500	1
3520	0
3540	3
3560	1
3580	0
3600	1
3620	1
3640	0
3660	2
3680	0
3700	1
3720	1
3740	0
3760	0
3780	1
3800	1
3820	1
3840	1
3860	1
3880	2
3900	3
3920	0
3940	0
3960	0
3980	0
4000	1
4020	1
4040	2
4060	0
4080	0
4100	0
4120	2
4140	1
4160	0
4180	0
4200	1
4220	0
4240	1
4260	2
4280	0
4300	0
4320	1
4340	4
4360	0
4380	0
4400	0
4420	2
4440	3
4460	0
4480	0
4500	3
4520	0
4540	2
4560	1
4580	0
4600	0
4620	3
4640	3
4660	2
4680	0
4700	1
4720	1
4740	0
4760	0
4780	2
4800	0
4820	0
4840	0
4860	2
4880	0
4900	0
4920	0
4940	1
4960	0
4980	2
5000	1
5020	0
5040	1
5060	0
5080	1
5100	2
