0	644
2000	184
4000	184
6000	92
8000	0
10000	0
12000	92
14000	0
16000	0
18000	0
20000	0
22000	0
24000	0
26000	0
28000	92
30000	0
32000	0
34000	0
36000	92
38000	0
40000	0
42000	0
44000	0
46000	0
48000	0
50000	92
52000	0
54000	0
56000	0
58000	0
60000	0
62000	0
64000	0
66000	0
68000	0
70000	0
72000	0
74000	0
76000	0
78000	0
80000	0
82000	0
84000	0
86000	0
88000	0
90000	0
92000	0
94000	0
96000	0
98000	0
1e+05	0
102000	92
104000	0
106000	0
108000	0
110000	0
112000	0
114000	0
116000	0
118000	0
120000	0
122000	0
124000	0
126000	0
128000	0
130000	0
132000	0
134000	0
136000	0
138000	0
140000	0
142000	0
144000	0
146000	0
148000	0
150000	0
152000	0
154000	0
156000	0
158000	0
160000	0
162000	0
164000	0
166000	0
168000	0
170000	0
172000	0
174000	0
176000	0
178000	0
180000	0
182000	0
184000	0
186000	0
188000	0
190000	0
192000	0
194000	0
196000	0
198000	0
2e+05	0
202000	0
204000	0
206000	0
208000	0
210000	0
212000	0
214000	0
216000	0
218000	0
220000	0
222000	0
224000	0
226000	0
228000	0
230000	0
232000	0
234000	0
236000	0
238000	0
240000	0
242000	0
244000	0
246000	0
248000	0
250000	0
252000	0
254000	0
256000	0
258000	0
260000	0
262000	0
264000	0
266000	78
268000	0
270000	0
272000	0
274000	0
276000	0
278000	0
280000	0
282000	0
284000	0
286000	0
288000	0
290000	0
292000	0
294000	0
296000	0
298000	0
3e+05	0
302000	0
304000	0
306000	0
308000	0
310000	0
312000	0
314000	0
316000	0
318000	0
320000	0
322000	0
324000	0
326000	0
328000	0
330000	0
332000	0
334000	0
336000	0
338000	0
340000	0
342000	0
344000	0
346000	0
348000	0
350000	0
352000	0
354000	0
356000	0
358000	0
360000	0
362000	0
364000	0
366000	0
368000	0
370000	0
372000	0
374000	0
376000	0
378000	0
380000	0
382000	0
384000	0
386000	0
388000	0
390000	0
392000	0
394000	0
396000	0
398000	0
4e+05	0
402000	0
404000	0
406000	0
408000	0
410000	0
412000	0
414000	0
416000	0
418000	0
420000	0
422000	0
424000	0
426000	0
428000	0
430000	0
432000	0
434000	0
436000	0
438000	0
440000	0
442000	0
444000	0
446000	0
448000	0
450000	0
452000	0
454000	0
456000	0
458000	0
460000	0
462000	0
464000	0
466000	0
468000	0
470000	0
472000	0
474000	0
476000	0
478000	0
480000	0
482000	14
