10	37
20	46
30	7
40	47
50	174
60	132
70	67
80	25
90	33
100	35
110	53
120	34
130	22
140	25
150	35
160	33
170	38
180	51
190	23
200	14
210	10
220	13
230	13
240	12
250	11
260	6
270	13
280	7
290	5
300	7
310	2
320	7
330	5
340	10
350	2
360	8
370	5
380	6
390	6
400	16
410	13
420	18
430	10
440	8
450	10
460	14
470	11
480	7
490	5
500	5
510	5
520	8
530	6
540	6
550	4
560	3
570	1
580	0
590	3
600	0
610	3
620	3
630	3
640	3
650	1
660	3
670	6
680	2
690	1
700	2
710	2
720	3
730	0
740	0
750	1
760	2
770	1
780	0
790	0
800	1
810	0
820	0
830	0
840	1
850	1
860	0
870	0
880	0
890	0
900	0
910	0
920	0
930	0
940	0
950	1
960	0
970	1
980	1
990	3
1000	0
1010	0
1020	0
1030	1
1040	0
1050	0
1060	0
1070	0
1080	0
1090	0
1100	1
1110	0
1120	0
1130	0
1140	0
1150	0
1160	0
1170	0
1180	0
1190	0
1200	0
1210	0
1220	0
1230	0
1240	0
1250	0
1260	1
1270	0
1280	0
1290	0
1300	0
1310	0
1320	0
1330	0
1340	0
1350	0
1360	0
1370	0
1380	0
1390	0
1400	0
1410	0
1420	0
1430	0
1440	0
1450	0
1460	0
1470	0
1480	0
1490	0
1500	0
1510	0
1520	0
1530	0
1540	0
1550	0
1560	0
1570	0
1580	1
1590	0
1600	0
1610	0
1620	0
1630	0
1640	0
1650	0
1660	0
1670	0
1680	0
1690	0
1700	0
1710	0
1720	0
1730	0
1740	0
1750	0
1760	0
1770	0
1780	0
1790	0
1800	0
1810	1
1820	0
1830	0
1840	0
1850	0
1860	0
1870	0
1880	0
1890	0
1900	0
1910	0
1920	0
1930	0
1940	0
1950	0
1960	0
1970	0
1980	0
1990	0
2000	1
2010	0
2020	0
2030	0
2040	0
2050	0
2060	0
2070	0
2080	0
2090	0
2100	0
2110	0
2120	0
2130	0
2140	0
2150	0
2160	0
2170	0
2180	0
2190	0
2200	0
2210	0
2220	0
2230	0
2240	1
2250	1
2260	3
