starttime,duration,size,total
1862.0,385,230252,2247.0
1863.0,407,54872,2270.0
3173.0,105,95,3278.0
3175.0,102,84835,3277.0
562.0,183,230252,745.0
563.0,106,54872,669.0
1017.0,163,95,1180.0
1019.0,7,84835,1026.0
514.0,75,230252,589.0
514.0,98,54872,612.0
675.0,215,95,890.0
676.0,10,84835,686.0
554.0,62,230252,616.0
554.0,92,54872,646.0
1143.0,162,95,1305.0
1145.0,148,84835,1293.0
658.0,129,230252,787.0
659.0,153,54872,812.0
1336.0,351,95,1687.0
1337.0,71,84835,1408.0
473.0,162,230252,635.0
473.0,93,54872,566.0
1251.0,231,163,1482.0
1253.0,131,84835,1384.0
444.0,186,230252,630.0
446.0,103,54872,549.0
1277.0,162,95,1439.0
1278.0,50,84835,1328.0
507.0,173,230252,680.0
508.0,63,54872,571.0
1248.0,197,163,1445.0
1250.0,9,84835,1259.0
518.0,80,230252,598.0
518.0,116,54872,634.0
704.0,429,163,1133.0
706.0,428,84835,1134.0
579.0,52,230252,631.0
580.0,92,54872,672.0
1437.0,145,95,1582.0
1438.0,42,84835,1480.0
557.0,86,230252,643.0
558.0,131,54872,689.0
758.0,553,163,1311.0
759.0,552,84835,1311.0
819.0,125,230252,944.0
820.0,141,54872,961.0
1718.0,360,163,2078.0
1720.0,240,84835,1960.0
459.0,49,230252,508.0
460.0,48,54872,508.0
1536.0,203,163,1739.0
1538.0,100,84835,1638.0
426.0,245,230252,671.0
426.0,160,54872,586.0
1632.0,164,95,1796.0
1634.0,50,84835,1684.0
516.0,148,230252,664.0
517.0,172,54872,689.0
1456.0,360,95,1816.0
1458.0,253,84835,1711.0
461.0,186,230252,647.0
593.0,102,54872,695.0
1820.0,147,163,1967.0
1822.0,51,84835,1873.0
467.0,176,230252,643.0
468.0,145,54872,613.0
1732.0,150,163,1882.0
1734.0,38,84835,1772.0
432.0,213,230252,645.0
433.0,213,54872,646.0
861.0,973,95,1834.0
863.0,705,84835,1568.0
499.0,256,230252,755.0
500.0,225,54872,725.0
1949.0,152,163,2101.0
1952.0,37,84835,1989.0
453.0,155,230252,608.0
454.0,180,54872,634.0
758.0,741,95,1499.0
759.0,73,84835,832.0
531.0,65,230252,596.0
532.0,247,54872,779.0
1909.0,147,95,2056.0
1911.0,106,84835,2017.0
436.0,45,230252,481.0
437.0,304,54872,741.0
2147.0,104,95,2251.0
2149.0,43,84835,2192.0
464.0,209,230252,673.0
465.0,175,54872,640.0
813.0,1040,163,1853.0
815.0,16,84835,831.0
436.0,145,230252,581.0
442.0,163,54872,605.0
2278.0,130,95,2408.0
2281.0,35,84835,2316.0
855.0,188,230252,1043.0
856.0,16,54872,872.0
2759.0,259,95,3018.0
2761.0,41,84835,2802.0
454.0,169,230252,623.0
455.0,11,54872,466.0
809.0,130,95,939.0
811.0,21,84835,832.0
555.0,77,230252,632.0
555.0,147,54872,702.0
2254.0,142,95,2396.0
2257.0,40,84835,2297.0
968.0,160,230252,1128.0
969.0,186,54872,1155.0
2834.0,136,163,2970.0
2836.0,48,84835,2884.0
464.0,17,230252,481.0
465.0,165,54872,630.0
2079.0,461,163,2540.0
2081.0,331,84835,2412.0
467.0,17,230252,484.0
468.0,15,54872,483.0
2164.0,453,95,2617.0
2166.0,354,84835,2520.0
474.0,279,230252,753.0
475.0,220,54872,695.0
2399.0,147,163,2546.0
2401.0,39,84835,2440.0
474.0,45,230252,519.0
475.0,167,54872,642.0
2458.0,138,163,2596.0
2460.0,37,84835,2497.0
518.0,171,230252,689.0
519.0,96,54872,615.0
849.0,1304,95,2153.0
851.0,16,84835,867.0
563.0,205,230252,768.0
564.0,229,54872,793.0
2482.0,159,95,2641.0
2488.0,44,84835,2532.0
584.0,58,230252,642.0
585.0,168,54872,753.0
830.0,1292,95,2122.0
831.0,25,84835,856.0
464.0,228,230252,692.0
465.0,199,54872,664.0
2641.0,143,163,2784.0
2643.0,42,84835,2685.0
473.0,17,230252,490.0
474.0,285,54872,759.0
2525.0,158,163,2683.0
2527.0,47,84835,2574.0
481.0,175,230252,656.0
481.0,102,54872,583.0
2622.0,138,163,2760.0
2624.0,42,84835,2666.0
507.0,208,230252,715.0
508.0,209,54872,717.0
911.0,1420,95,2331.0
912.0,26,84835,938.0
497.0,200,230252,697.0
498.0,167,54872,665.0
2647.0,152,163,2799.0
2648.0,64,84835,2712.0
525.0,17,230252,542.0
526.0,16,54872,542.0
2812.0,149,163,2961.0
2814.0,55,84835,2869.0
500.0,255,230252,755.0
501.0,255,54872,756.0
2876.0,143,163,3019.0
2878.0,42,84835,2920.0
494.0,220,230252,714.0
495.0,222,54872,717.0
2823.0,147,163,2970.0
2825.0,54,84835,2879.0
486.0,155,230252,641.0
487.0,163,54872,650.0
2921.0,145,163,3066.0
2923.0,42,84835,2965.0
521.0,198,230252,719.0
526.0,161,54872,687.0
2583.0,658,163,3241.0
2585.0,552,84835,3137.0
547.0,167,230252,714.0
548.0,135,54872,683.0
3320.0,154,95,3474.0
3321.0,53,84835,3374.0
532.0,44,230252,576.0
532.0,43,54872,575.0
2796.0,612,163,3408.0
2798.0,20,84835,2818.0
556.0,104,230252,660.0
556.0,27,54872,583.0
988.0,1999,163,2987.0
990.0,79,84835,1069.0
525.0,200,230252,725.0
526.0,200,54872,726.0
3736.0,164,95,3900.0
3738.0,47,84835,3785.0
707.0,227,230252,934.0
708.0,159,54872,867.0
1069.0,2142,95,3211.0
1071.0,20,84835,1091.0
1167.0,45,230252,1212.0
1168.0,128,54872,1296.0
4384.0,132,95,4516.0
4386.0,35,84835,4421.0
527.0,46,230252,573.0
528.0,218,54872,746.0
4004.0,131,163,4135.0
4006.0,42,84835,4048.0
545.0,14,230252,559.0
546.0,14,54872,560.0
3420.0,155,95,3575.0
3422.0,62,84835,3484.0
748.0,210,230252,958.0
749.0,232,54872,981.0
3253.0,757,95,4010.0
3255.0,650,84835,3905.0
887.0,35,230252,922.0
888.0,37,54872,925.0
4241.0,114,163,4355.0
4244.0,36,84835,4280.0
630.0,47,230252,677.0
630.0,133,54872,763.0
922.0,2254,95,3176.0
923.0,92,84835,1015.0
576.0,174,230252,750.0
577.0,242,54872,819.0
901.0,2316,95,3217.0
902.0,93,84835,995.0
491.0,255,230252,746.0
492.0,220,54872,712.0
4179.0,176,163,4355.0
4182.0,30,84835,4212.0
506.0,115,230252,621.0
506.0,299,54872,805.0
3002.0,546,163,3548.0
3004.0,543,84835,3547.0
495.0,167,230252,662.0
496.0,137,54872,633.0
3681.0,160,95,3841.0
3682.0,50,84835,3732.0
534.0,214,230252,748.0
535.0,159,54872,694.0
4014.0,117,95,4131.0
4017.0,35,84835,4052.0
625.0,237,230252,862.0
625.0,209,54872,834.0
4096.0,157,95,4253.0
4100.0,54,84835,4154.0
596.0,131,230252,727.0
596.0,98,54872,694.0
1062.0,2451,95,3513.0
1064.0,2334,84835,3398.0
594.0,142,230252,736.0
595.0,292,54872,887.0
1126.0,3388,163,4514.0
1128.0,2537,84835,3665.0
524.0,127,230252,651.0
525.0,96,54872,621.0
4379.0,162,95,4541.0
4382.0,51,84835,4433.0
981.0,38,230252,1019.0
982.0,38,54872,1020.0
4304.0,137,95,4441.0
4306.0,45,84835,4351.0
622.0,48,230252,670.0
622.0,48,54872,670.0
3616.0,724,163,4340.0
3618.0,21,84835,3639.0
599.0,136,230252,735.0
600.0,140,54872,740.0
4295.0,154,163,4449.0
4298.0,54,84835,4352.0
557.0,125,230252,682.0
557.0,126,54872,683.0
1036.0,2577,95,3613.0
1038.0,29,84835,1067.0
656.0,50,230252,706.0
657.0,17,54872,674.0
3793.0,838,95,4631.0
3800.0,844,84835,4644.0
574.0,125,230252,699.0
575.0,125,54872,700.0
1026.0,2312,95,3338.0
1028.0,83,84835,1111.0
860.0,207,230252,1067.0
861.0,176,54872,1037.0
1358.0,3301,95,4659.0
1359.0,887,84835,2246.0
564.0,190,230252,754.0
565.0,190,54872,755.0
4388.0,126,163,4514.0
4390.0,62,84835,4452.0
627.0,35,230252,662.0
628.0,44,54872,672.0
3857.0,798,163,4655.0
3858.0,21,84835,3879.0
533.0,120,230252,653.0
533.0,124,54872,657.0
1149.0,2771,163,3920.0
1151.0,2679,84835,3830.0
596.0,120,230252,716.0
597.0,119,54872,716.0
4553.0,116,163,4669.0
4555.0,24,84835,4579.0
955.0,183,230252,1138.0
956.0,151,54872,1107.0
1352.0,1026,95,2378.0
1354.0,87,84835,1441.0
613.0,135,230252,748.0
613.0,220,54872,833.0
1021.0,2797,163,3818.0
1022.0,2683,84835,3705.0
618.0,298,230252,916.0
619.0,298,54872,917.0
4918.0,142,163,5060.0
4920.0,28,84835,4948.0
618.0,168,230252,786.0
619.0,252,54872,871.0
4569.0,143,95,4712.0
4574.0,57,84835,4631.0
635.0,48,230252,683.0
636.0,129,54872,765.0
4731.0,142,95,4873.0
4733.0,57,84835,4790.0
628.0,49,230252,677.0
628.0,275,54872,903.0
4133.0,982,95,5115.0
4136.0,881,84835,5017.0
514.0,248,230252,762.0
515.0,249,54872,764.0
1010.0,2656,163,3666.0
1012.0,2534,84835,3546.0
481.0,211,230252,692.0
482.0,180,54872,662.0
1123.0,2763,163,3886.0
1125.0,92,84835,1217.0
615.0,52,230252,667.0
615.0,366,54872,981.0
4154.0,948,95,5102.0
4156.0,841,84835,4997.0
523.0,105,230252,628.0
524.0,12,54872,536.0
1030.0,2994,95,4024.0
1032.0,2883,84835,3915.0
542.0,139,230252,681.0
543.0,217,54872,760.0
4733.0,134,163,4867.0
4735.0,47,84835,4782.0
649.0,97,230252,746.0
650.0,97,54872,747.0
4950.0,140,163,5090.0
4954.0,42,84835,4996.0
539.0,159,230252,698.0
540.0,237,54872,777.0
909.0,1095,163,2004.0
911.0,81,84835,992.0
506.0,139,230252,645.0
507.0,153,54872,660.0
1145.0,3124,163,4269.0
1146.0,107,84835,1253.0
609.0,7,230252,616.0
610.0,21,54872,631.0
1262.0,3399,163,4661.0
1264.0,3278,84835,4542.0
602.0,16,230252,618.0
602.0,216,54872,818.0
1101.0,3638,95,4739.0
1103.0,3525,84835,4628.0
