300	115
400	206
500	108
600	45
700	146
800	104
900	74
1000	69
1100	75
1200	42
1300	27
1400	23
1500	22
1600	13
1700	27
1800	21
1900	19
2000	20
2100	18
2200	35
2300	26
2400	23
2500	25
2600	30
2700	27
2800	37
2900	30
3000	22
3100	15
3200	32
3300	40
3400	20
3500	37
3600	20
3700	13
3800	19
3900	15
4000	26
4100	17
4200	26
4300	24
4400	18
4500	17
4600	17
4700	11
4800	10
4900	15
5000	10
5100	16
5200	10
5300	18
5400	14
5500	9
5600	18
5700	11
5800	8
5900	6
6000	5
6100	7
6200	3
6300	6
6400	3
6500	3
6600	0
6700	4
6800	5
6900	4
7000	3
7100	3
7200	2
7300	2
7400	4
7500	4
7600	1
7700	3
7800	3
7900	3
8000	2
8100	2
8200	3
8300	1
8400	1
8500	4
8600	1
8700	3
8800	1
8900	0
9000	1
9100	2
9200	1
9300	1
9400	1
9500	0
9600	2
9700	4
9800	0
9900	2
10000	1
10100	0
10200	1
10300	1
10400	2
10500	0
10600	2
10700	0
10800	0
10900	0
11000	1
11100	1
11200	0
11300	0
11400	0
11500	0
11600	0
11700	0
11800	0
11900	0
12000	0
12100	0
12200	0
12300	1
12400	0
12500	0
12600	0
12700	0
12800	0
12900	0
13000	1
13100	0
13200	0
13300	0
13400	0
13500	0
13600	0
13700	0
13800	0
13900	0
14000	0
14100	0
14200	0
14300	0
14400	0
14500	0
14600	0
14700	0
14800	0
14900	0
15000	0
15100	0
15200	0
15300	0
15400	0
15500	0
15600	0
15700	0
15800	0
15900	0
16000	0
16100	0
16200	0
16300	0
16400	0
16500	0
16600	0
16700	0
16800	0
16900	0
17000	0
17100	0
17200	0
17300	0
17400	0
17500	0
17600	1
