50	73
100	360
150	74
200	59
250	52
300	53
350	53
400	92
450	171
500	32
550	12
600	1
650	0
700	1
750	17
800	41
850	36
900	35
950	16
1000	18
1050	26
1100	14
1150	22
1200	16
1250	9
1300	3
1350	8
1400	5
1450	9
1500	18
1550	9
1600	8
1650	5
1700	14
1750	5
1800	16
1850	17
1900	16
1950	22
2000	21
2050	14
2100	9
2150	17
2200	9
2250	3
2300	7
2350	6
2400	7
2450	3
2500	10
2550	4
2600	3
2650	5
2700	2
2750	4
2800	4
2850	0
2900	4
2950	3
3000	7
3050	9
3100	0
3150	0
3200	1
3250	0
3300	3
3350	0
3400	1
3450	0
3500	5
3550	0
3600	0
3650	2
3700	3
3750	3
3800	0
3850	0
3900	1
3950	0
4000	0
4050	6
4100	0
4150	0
4200	6
4250	2
4300	0
4350	0
4400	0
4450	3
4500	0
4550	1
4600	0
4650	0
4700	3
4750	0
4800	0
4850	0
4900	3
4950	0
5000	0
5050	0
5100	0
5150	3
5200	0
5250	3
5300	0
5350	0
5400	0
5450	0
5500	0
5550	4
5600	0
5650	0
5700	0
5750	2
5800	0
5850	3
5900	0
5950	0
6000	0
6050	0
6100	0
6150	0
6200	0
6250	6
6300	0
6350	0
6400	0
6450	3
