420	7
440	9
460	19
480	17
500	19
520	22
540	16
560	12
580	11
600	12
620	12
640	6
660	2
680	0
700	4
720	0
740	6
760	0
780	0
800	6
820	2
840	5
860	3
880	2
900	6
920	2
940	2
960	2
980	4
1000	4
1020	8
1040	0
1060	4
1080	0
1100	2
1120	4
1140	6
1160	2
1180	0
1200	0
1220	0
1240	4
1260	4
1280	0
1300	0
1320	2
1340	4
1360	0
1380	0
1400	0
1420	2
1440	2
1460	0
1480	0
1500	0
1520	2
1540	0
1560	0
1580	0
1600	0
1620	2
1640	0
1660	0
1680	0
1700	2
1720	2
1740	0
1760	0
1780	0
1800	1
1820	1
1840	0
1860	2
1880	0
1900	2
1920	0
1940	2
1960	0
1980	0
2000	0
2020	0
2040	0
2060	1
2080	1
2100	0
2120	0
2140	2
2160	2
2180	0
2200	0
2220	0
2240	2
2260	1
2280	1
2300	0
2320	0
2340	0
2360	0
2380	1
2400	1
2420	0
2440	2
2460	0
2480	2
2500	0
2520	2
2540	0
2560	0
2580	2
2600	0
2620	2
2640	4
2660	0
2680	0
2700	0
2720	0
2740	1
2760	1
2780	2
2800	2
2820	4
2840	0
2860	2
2880	0
2900	0
2920	2
2940	0
2960	0
2980	0
3000	2
3020	0
3040	0
3060	0
3080	0
3100	0
3120	0
3140	0
3160	2
3180	0
3200	0
3220	0
3240	2
3260	0
3280	0
3300	1
3320	1
3340	0
3360	0
3380	0
3400	1
3420	1
3440	0
3460	0
3480	0
3500	0
3520	0
3540	0
3560	0
3580	0
3600	2
3620	0
3640	0
3660	0
3680	2
3700	0
3720	2
3740	0
3760	0
3780	2
3800	0
3820	0
3840	2
3860	0
3880	0
3900	0
3920	0
3940	0
3960	0
3980	0
4000	4
4020	0
4040	0
4060	0
4080	2
4100	0
4120	2
4140	2
4160	1
4180	1
4200	0
4220	0
4240	2
4260	0
4280	2
4300	2
4320	0
4340	0
4360	1
4380	5
4400	0
4420	0
4440	0
4460	0
4480	0
4500	0
4520	0
4540	2
4560	2
4580	0
4600	0
4620	0
4640	0
4660	0
4680	0
4700	0
4720	4
4740	0
4760	0
4780	0
4800	0
4820	0
4840	0
4860	0
4880	0
4900	2
4920	0
4940	2
