starttime,duration,size,total
606.0,10,416901,2022
679.0,75,54950,2087
907.0,4,44059,2016
655.0,12,416901,2024
739.0,70,54950,2082
1195.0,8,44059,2020
738.0,15,416901,2027
823.0,98,54950,2110
915.0,8,44059,2020
674.0,24,416901,2036
767.0,81,54950,2093
1166.0,31,44059,2043
665.0,250,416901,2262
985.0,152,54950,2164
1270.0,80,44059,2092
663.0,23,416901,2035
748.0,69,54950,2081
1374.0,6,44059,2018
771.0,27,416901,2039
813.0,447,44059,2459
868.0,394,54950,2406
665.0,18,416901,2030
764.0,88,54950,2100
1452.0,12,44059,2024
693.0,22,416901,2034
788.0,82,54950,2094
1484.0,5,44059,2017
724.0,54,416901,2066
775.0,356,44059,2368
1196.0,88,54950,2100
675.0,17,416901,2029
764.0,73,54950,2085
1595.0,32,44059,2044
859.0,30,416901,2042
904.0,131,44059,2143
959.0,77,54950,2089
698.0,28,416901,2040
796.0,76,54950,2088
1619.0,5,44059,2017
704.0,14,416901,2026
792.0,77,54950,2089
1750.0,16,44059,2028
756.0,36,416901,2048
808.0,133,44059,2145
864.0,78,54950,2090
760.0,24,416901,2036
847.0,602,54950,2614
938.0,510,44059,2522
770.0,27,416901,2039
860.0,95,54950,2107
949.0,626,44059,2638
769.0,43,416901,2055
827.0,139,44059,2151
884.0,82,54950,2094
782.0,28,416901,2040
826.0,126,44059,2138
880.0,72,54950,2084
762.0,25,416901,2037
850.0,93,54950,2105
1890.0,5,44059,2017
796.0,32,416901,2044
844.0,124,44059,2136
899.0,69,54950,2081
815.0,27,416901,2039
859.0,131,44059,2143
913.0,79,54950,2091
797.0,23,416901,2035
884.0,89,54950,2101
2239.0,5,44059,2017
855.0,31,416901,2043
902.0,1130,44059,3142
956.0,1076,54950,3088
815.0,34,416901,2046
921.0,71,54950,2083
1014.0,1008,44059,3020
824.0,28,416901,2040
869.0,947,44059,2959
924.0,893,54950,2905
834.0,18,416901,2030
919.0,103,54950,2115
2262.0,12,44059,2024
846.0,47,416901,2059
958.0,74,54950,2086
1060.0,25,44059,2037
815.0,35,416901,2047
868.0,1173,44059,3185
923.0,1117,54950,3129
794.0,27,416901,2039
886.0,90,54950,2102
2454.0,2,44059,2014
800.0,30,416901,2042
848.0,126,44059,2138
902.0,71,54950,2083
811.0,23,416901,2035
911.0,99,54950,2111
1000,11,44059,2023
821.0,42,416901,2054
883.0,1263,44059,3275
938.0,1208,54950,3220
819.0,31,416901,2043
868.0,126,44059,2138
924.0,70,54950,2082
838.0,35,416901,2047
891.0,1281,44059,3293
945.0,1228,54950,3240
840.0,38,416901,2050
896.0,1341,44059,3353
951.0,1288,54950,3300
834.0,32,416901,2044
884.0,134,44059,2146
940.0,76,54950,2088
863.0,44,416901,2056
925.0,139,44059,2151
981.0,81,54950,2093
864.0,34,416901,2046
918.0,135,44059,2147
974.0,78,54950,2090
840.0,32,416901,2044
889.0,133,44059,2145
945.0,77,54950,2089
845.0,32,416901,2044
951.0,71,54950,2083
2683.0,5,44059,2017
852.0,32,416901,2044
948.0,1277,54950,3289
1046.0,1181,44059,3193
863.0,44,416901,2056
926.0,146,44059,2158
985.0,86,54950,2098
839.0,26,416901,2038
939.0,106,54950,2118
1035.0,15,44059,2027
906.0,33,416901,2045
1003.0,78,54950,2090
1116.0,1489,44059,3501
885.0,41,416901,2053
1002.0,73,54950,2085
3111.0,14,44059,2026
929.0,38,416901,2050
994.0,130,44059,2142
1050.0,73,54950,2085
962.0,45,416901,2057
1028.0,128,44059,2140
1083.0,71,54950,2083
944.0,44,416901,2056
1009.0,139,44059,2151
1067.0,81,54950,2093
974.0,47,416901,2059
1043.0,126,44059,2138
1099.0,71,54950,2083
972.0,32,416901,2044
1072.0,115,54950,2127
1175.0,12,44059,2024
973.0,38,416901,2050
1077.0,77,54950,2089
1191.0,2004,44059,4016
918.0,39,416901,2051
1038.0,71,54950,2083
3367.0,2,44059,2014
958.0,56,416901,2068
1035.0,124,44059,2136
1091.0,73,54950,2085
967.0,37,416901,2049
1075.0,74,54950,2086
1182.0,1943,44059,3955
979.0,30,416901,2042
1080.0,107,54950,2119
3798.0,7,44059,2019
974.0,48,416901,2060
1090.0,72,54950,2084
1187.0,2068,44059,4080
988.0,56,416901,2068
1066.0,2326,44059,4338
1122.0,2271,54950,4283
813.0,34,416901,2046
912.0,101,54950,2113
1001.0,12,44059,2024
948.0,51,416901,2063
1078.0,72,54950,2084
3601.0,11,44059,2023
1003.0,37,416901,2049
1107.0,79,54950,2091
1227.0,1981,44059,3993
988.0,33,416901,2045
1088.0,130,54950,2142
1207.0,2084,44059,4096
996.0,29,416901,2041
1108.0,73,54950,2085
1208.0,2222,44059,4234
1038.0,40,416901,2052
1145.0,82,54950,2094
1267.0,2258,44059,4270
1051.0,2395,416901,4407
1168.0,2275,44059,4287
3933.0,769,54950,2781
994.0,50,416901,2062
1067.0,132,44059,2144
1127.0,71,54950,2083
1009.0,36,416901,2048
1127.0,108,54950,2120
1223.0,2183,44059,4195
1112.0,74,416901,2086
1188.0,2338,44059,4350
3616.0,89,54950,2101
1049.0,41,416901,2053
1154.0,76,54950,2088
1269.0,2324,44059,4336
1265.0,61,416901,2073
1422.0,74,54950,2086
4490.0,2,44059,2014
1043.0,44,416901,2056
1165.0,76,54950,2088
1267.0,2115,44059,4127
1120.0,47,416901,2059
1196.0,134,44059,2146
1252.0,77,54950,2089
1151.0,2419,414337,4431
1224.0,2346,44059,4358
4011.0,134,54950,2146
911.0,61,414337,2073
1052.0,2471,54964,4483
4167.0,4,44059,2016
1251.0,38,414337,2050
1368.0,70,54964,2082
1465.0,343,44059,2355
1164.0,47,414337,2059
1234.0,135,44059,2147
1290.0,81,54964,2093
1107.0,48,414337,2060
1246.0,70,54964,2082
1843.0,2566,44059,4578
1166.0,36,414337,2048
1271.0,76,54964,2088
1390.0,2543,44059,4555
1237.0,39,414337,2051
1346.0,77,54964,2089
1451.0,19,44059,2031
1267.0,53,414337,2065
1345.0,129,44059,2141
1403.0,71,54964,2083
1183.0,66,414337,2078
1273.0,2639,44059,4651
1330.0,2582,54964,4594
1402.0,38,414337,2050
1508.0,87,54964,2099
1626.0,370,44059,2382
1306.0,35,414337,2047
1419.0,106,54964,2118
1513.0,2410,44059,4422
1389.0,41,414337,2053
1498.0,91,54964,2103
1620.0,352,44059,2364
893.0,43,414337,2055
1025.0,2690,54964,4702
1118.0,2598,44059,4610
1309.0,46,414337,2058
1424.0,2780,55021,4792
1524.0,2679,44059,4691
1267.0,40,414337,2052
1388.0,100,55021,2112
1509.0,3006,44059,5018
1184.0,46,414337,2058
1298.0,72,55021,2084
1414.0,492,44059,2504
1143.0,38,414337,2050
1271.0,76,55021,2088
1377.0,368,44059,2380
1060.0,41,414337,2053
1192.0,80,55021,2092
1310.0,393,44059,2405
1394.0,59,414337,2071
1480.0,138,44059,2150
1536.0,83,55021,2095
