50	3
100	75
150	38
200	100
250	79
300	84
350	80
400	43
450	117
500	47
550	11
600	9
650	10
700	11
750	22
800	11
850	11
900	14
950	27
1000	33
1050	41
1100	21
1150	14
1200	17
1250	14
1300	8
1350	19
1400	24
1450	20
1500	5
1550	9
1600	24
1650	19
1700	28
1750	17
1800	16
1850	54
1900	35
1950	20
2000	24
2050	42
2100	21
2150	31
2200	17
2250	14
2300	10
2350	8
2400	13
2450	9
2500	10
2550	8
2600	11
2650	11
2700	6
2750	5
2800	6
2850	4
2900	8
2950	3
3000	9
3050	3
3100	6
3150	0
3200	4
3250	4
3300	9
3350	4
3400	5
3450	4
3500	1
3550	0
3600	1
3650	8
3700	4
3750	0
3800	3
3850	0
3900	3
3950	4
4000	0
4050	5
4100	0
4150	1
4200	3
4250	5
4300	0
4350	1
4400	0
4450	0
4500	2
4550	6
4600	6
4650	4
4700	0
4750	0
4800	3
4850	1
4900	0
4950	0
5000	2
5050	4
5100	0
5150	3
5200	3
5250	0
5300	3
5350	0
5400	3
5450	1
5500	0
5550	2
5600	2
5650	4
5700	0
5750	0
5800	0
5850	4
5900	0
5950	3
6000	0
6050	3
6100	0
6150	1
6200	1
6250	7
6300	0
6350	0
6400	0
6450	0
6500	0
6550	5
6600	0
6650	0
6700	0
6750	0
6800	0
6850	3
6900	0
6950	0
7000	0
7050	0
7100	0
7150	0
7200	0
7250	0
7300	0
7350	0
7400	0
7450	0
7500	0
7550	0
7600	0
7650	0
7700	0
7750	0
7800	0
7850	0
7900	0
7950	0
8000	2
