starttime,duration,size,total
883.0,145,181067,2157
992.0,72,1099,2084
993.0,70,4587,2082
994.0,256,2503,2268
1028.0,222,2568,2234
1355.0,226,429,2238
2191.0,221,6584,2233
2201.0,200,2846,2212
2978.0,198,555,2210
3175.0,45,5728,2057
3219.0,437,2401,2449
5010.0,589,2,2601
890.0,249,429,2261
1053.0,76,181067,2088
1088.0,111,1099,2123
1090.0,115,4587,2127
1091.0,113,2503,2125
1128.0,64,2568,2076
1191.0,43,6880,2055
1234.0,275,4458,2287
1684.0,108,6584,2120
1694.0,130,2846,2142
2009.0,199,555,2211
2207.0,191,5728,2203
2397.0,367,2401,2379
4115.0,760,2,2772
752.0,602,429,2614
866.0,6,181067,2018
893.0,54,1099,2066
895.0,52,4587,2064
896.0,61,2503,2073
931.0,15,2568,2027
2195.0,67,6584,2079
2211.0,147,2846,2159
2307.0,210,555,2222
2517.0,4,5728,2016
2520.0,395,2401,2407
4267.0,648,2,2660
728.0,186,429,2198
1010.0,85,181067,2097
1055.0,60,1099,2072
1056.0,54,4587,2066
1057.0,59,2503,2071
1095.0,19,2568,2031
1112.0,165,6880,2177
1277.0,332,4458,2344
2357.0,35,6584,2047
2366.0,26,2846,2038
2551.0,407,555,2419
2958.0,78,5728,2090
3035.0,492,2401,2504
695.0,248,429,2260
842.0,16,181067,2028
882.0,93,1099,2105
883.0,63,4587,2075
884.0,91,2503,2103
922.0,27,2568,2039
948.0,31,6880,2043
978.0,266,4458,2278
1510.0,167,6584,2179
1524.0,183,2846,2195
1799.0,296,549,2308
2094.0,298,5728,2310
2392.0,394,2401,2406
4208.0,871,2,2883
815.0,244,429,2256
966.0,76,181067,2088
1005.0,59,1099,2071
1006.0,57,4587,2069
1007.0,56,2503,2068
1042.0,59,2568,2071
2275.0,96,6584,2108
2288.0,166,2846,2178
2458.0,397,555,2409
2854.0,56,5728,2068
2910.0,356,2401,2368
4723.0,720,2,2732
724.0,221,429,2233
847.0,92,181067,2104
901.0,139,1099,2151
902.0,53,4587,2065
903.0,52,2503,2064
938.0,67,2568,2079
1393.0,47,6584,2059
1404.0,57,2846,2069
2290.0,162,555,2174
2451.0,16,5728,2028
2466.0,665,2401,2677
4484.0,720,2,2732
806.0,251,429,2263
952.0,28,181067,2040
1003.0,84,1099,2096
1004.0,61,4587,2073
1005.0,82,2503,2094
1046.0,39,2568,2051
1494.0,111,6584,2123
1511.0,163,2846,2175
1757.0,420,555,2432
2176.0,36,5728,2048
2211.0,691,2401,2703
4367.0,692,2,2704
808.0,229,429,2241
941.0,76,181067,2088
980.0,114,1099,2126
981.0,115,4587,2127
982.0,56,2503,2068
1016.0,78,2568,2090
2303.0,29,6584,2041
2315.0,58,2846,2070
2679.0,157,555,2169
2835.0,5,5728,2017
2839.0,516,2401,2528
4707.0,635,2,2647
714.0,248,429,2260
863.0,15,181067,2027
903.0,131,1099,2143
904.0,130,4587,2142
905.0,129,2503,2141
947.0,86,2568,2098
1470.0,122,6584,2134
1481.0,700,2846,2712
2394.0,166,555,2178
2558.0,5,5728,2017
2563.0,340,2401,2352
4252.0,778,2,2790
773.0,181,429,2193
1031.0,16,181067,2028
1074.0,353,1099,2365
1075.0,352,4587,2364
1076.0,297,2503,2309
1111.0,315,2568,2327
2376.0,140,6584,2152
2388.0,202,2846,2214
2593.0,162,555,2174
2755.0,5,5728,2017
2759.0,529,2401,2541
698.0,801,429,2813
829.0,87,181067,2099
877.0,53,1099,2065
878.0,51,4587,2063
879.0,50,2503,2062
915.0,28,2568,2040
2452.0,28,6584,2040
2463.0,61,2846,2073
2699.0,175,555,2187
2873.0,5,5728,2017
2877.0,505,2401,2517
4852.0,1209,2,3221
746.0,196,429,2208
908.0,87,181067,2099
960.0,58,1099,2070
961.0,57,4587,2069
962.0,56,2503,2068
995.0,49,2568,2061
1524.0,79,6584,2091
1536.0,98,2846,2110
2305.0,372,555,2384
2676.0,7,5728,2019
2682.0,428,2401,2440
4580.0,842,2,2854
749.0,678,429,2690
991.0,70,181067,2082
1024.0,56,1099,2068
1025.0,55,4587,2067
1026.0,55,2503,2067
1060.0,30,2568,2042
2306.0,62,6584,2074
2318.0,73,2846,2085
2903.0,217,555,2229
3119.0,7,5728,2019
3125.0,533,2401,2545
5132.0,804,2,2816
782.0,239,429,2251
927.0,13,181067,2025
962.0,71,1099,2083
963.0,69,4587,2081
964.0,71,2503,2083
1000,35,2568,2047
1034.0,30,6880,2042
1064.0,283,4458,2295
1784.0,61,6584,2073
1795.0,137,2846,2149
2147.0,572,555,2584
2718.0,442,5728,2454
3159.0,418,2401,2430
4927.0,4426,2,6438
845.0,251,429,2263
994.0,88,181067,2100
1034.0,81,1099,2093
1036.0,408,4587,2420
1037.0,60,2503,2072
1080.0,34,2568,2046
1637.0,681,6584,2693
1649.0,703,2846,2715
2896.0,229,555,2241
3124.0,6,5728,2018
3129.0,862,2401,2874
5341.0,961,2,2973
670.0,225,429,2237
807.0,13,181067,2025
842.0,59,1099,2071
844.0,58,4587,2070
845.0,55,2503,2067
930.0,31,2568,2043
960.0,17,6880,2029
977.0,238,4458,2250
2673.0,381,6584,2393
2689.0,435,2846,2447
3302.0,154,555,2166
3456.0,4,5728,2016
3459.0,583,2401,2595
5499.0,696,2,2708
791.0,251,429,2263
928.0,19,181067,2031
977.0,587,1099,2599
978.0,69,4587,2081
979.0,67,2503,2079
1021.0,87,2568,2099
2502.0,345,6584,2357
2514.0,354,2846,2366
3148.0,154,555,2166
3301.0,5,5728,2017
3305.0,508,2401,2520
5334.0,602,2,2614
746.0,181,429,2193
900.0,114,181067,2126
970.0,68,1099,2080
971.0,63,4587,2075
972.0,65,2503,2077
1014.0,22,2568,2034
1036.0,26,6880,2038
1061.0,264,4458,2276
1932.0,47,6584,2059
1943.0,69,2846,2081
2996.0,623,555,2635
3619.0,13,5728,2025
3631.0,401,2401,2413
5501.0,939,2,2951
796.0,242,429,2254
939.0,17,181067,2029
981.0,59,1099,2071
982.0,56,4587,2068
983.0,58,2503,2070
1024.0,16,2568,2028
1040.0,20,6880,2032
1059.0,282,4458,2294
1776.0,33,6584,2045
1788.0,129,2846,2141
2045.0,819,555,2831
2863.0,7,5728,2019
2869.0,604,2401,2616
5075.0,594,2,2606
713.0,225,429,2237
857.0,67,181067,2079
884.0,60,1099,2072
885.0,57,4587,2069
886.0,56,2503,2068
972.0,86,2568,2098
1650.0,44,6584,2056
1662.0,161,2846,2173
2744.0,458,555,2470
3202.0,13,5728,2025
3214.0,384,2567,2396
5067.0,657,2,2669
759.0,195,429,2207
1007.0,27,181067,2039
1058.0,523,1099,2535
1059.0,521,4587,2533
1060.0,444,2503,2456
1095.0,409,2568,2421
1650.0,119,6584,2131
1662.0,196,2846,2208
2698.0,689,555,2701
3387.0,13,5728,2025
3400.0,347,2567,2359
5102.0,671,2,2683
659.0,1079,429,3091
809.0,35,181067,2047
869.0,54,1099,2066
870.0,110,4587,2122
871.0,51,2503,2063
905.0,74,2568,2086
2926.0,105,6584,2117
2936.0,93,2846,2105
3108.0,162,555,2174
3269.0,6,5728,2018
3274.0,988,2611,3000
5913.0,738,2,2750
784.0,175,429,2187
1030.0,18,181067,2030
1069.0,437,1099,2449
1070.0,549,4587,2561
1071.0,552,2503,2564
1106.0,509,2568,2521
1741.0,1182,6584,3194
1752.0,1227,2846,3239
3739.0,164,555,2176
3902.0,6,5728,2018
3907.0,1107,2567,3119
6390.0,724,2,2736
791.0,1110,429,3122
925.0,20,181067,2032
969.0,69,1099,2081
970.0,67,4587,2079
971.0,67,2503,2079
1006.0,88,2568,2100
3283.0,356,6584,2368
3296.0,431,2846,2443
3821.0,181,555,2193
4001.0,11,5728,2023
4012.0,788,2567,2800
6591.0,751,2,2763
869.0,186,429,2198
1399.0,87,181067,2099
1447.0,107,1099,2119
1448.0,100,4587,2112
1449.0,87,2503,2099
1486.0,123,2568,2135
1727.0,1199,6584,3211
1739.0,1205,2846,3217
3908.0,161,555,2173
4068.0,5,5728,2017
4072.0,1184,2567,3196
6636.0,653,2,2665
842.0,192,429,2204
997.0,27,181067,2039
1057.0,80,1099,2092
1058.0,74,4587,2086
1059.0,74,2503,2086
1096.0,39,2568,2051
1135.0,495,6880,2507
1629.0,373,4458,2385
3129.0,42,6584,2054
3145.0,667,2846,2679
3903.0,229,555,2241
4131.0,67,5728,2079
4198.0,1110,2567,3122
6700.0,841,2,2853
821.0,816,429,2828
1085.0,92,181067,2104
1138.0,111,1099,2123
1140.0,110,4587,2122
1141.0,108,2503,2120
1176.0,72,2568,2084
3034.0,47,6584,2059
3048.0,711,2846,2723
3915.0,340,555,2352
4254.0,6,5728,2018
4259.0,1092,2567,3104
6758.0,818,2,2830
801.0,234,429,2246
913.0,34,181067,2046
974.0,64,1099,2076
975.0,61,4587,2073
976.0,72,2503,2084
1015.0,92,2568,2104
1826.0,34,6584,2046
1837.0,53,2846,2065
2102.0,1276,555,3288
3376.0,15,5728,2027
3391.0,663,2567,2675
5863.0,688,2,2700
731.0,232,429,2244
864.0,78,181067,2090
905.0,73,1099,2085
906.0,71,4587,2083
907.0,70,2503,2082
942.0,35,2568,2047
1888.0,36,6584,2048
1899.0,123,2846,2135
3417.0,585,555,2597
4001.0,7,5728,2019
4007.0,376,2567,2388
5869.0,597,2,2609
787.0,236,429,2248
915.0,22,181067,2034
962.0,138,1099,2150
963.0,136,4587,2148
964.0,136,2503,2148
1006.0,91,2568,2103
1821.0,136,6584,2148
1833.0,1240,2846,3252
3150.0,497,555,2509
3646.0,13,5728,2025
3659.0,400,2567,2412
5581.0,596,2,2608
698.0,247,429,2259
847.0,82,181067,2094
890.0,59,1099,2071
892.0,98,4587,2110
893.0,56,2503,2068
928.0,21,2568,2033
948.0,44,6880,2056
992.0,284,4458,2296
2090.0,44,6584,2056
2102.0,129,2846,2141
2520.0,1206,555,3218
3725.0,19,5728,2031
3743.0,800,2567,2812
6289.0,623,2,2635
789.0,262,429,2274
922.0,108,181067,2120
985.0,127,1099,2139
986.0,712,4587,2724
987.0,711,2503,2723
1029.0,81,2568,2093
3320.0,33,6584,2045
3332.0,59,2846,2071
4188.0,405,555,2417
4593.0,4,5728,2016
4596.0,1172,2567,3184
7157.0,703,2,2715
674.0,179,429,2191
937.0,14,181067,2026
975.0,60,1099,2072
976.0,71,4587,2083
977.0,69,2503,2081
1013.0,22,2568,2034
1034.0,20,6880,2032
1054.0,296,4458,2308
2077.0,48,6584,2060
2088.0,54,2846,2066
2452.0,1124,555,3136
3576.0,19,5728,2031
3594.0,769,2567,2781
6077.0,2420,2,4432
735.0,269,429,2281
875.0,105,181067,2117
934.0,70,1099,2082
936.0,128,4587,2140
937.0,131,2503,2143
979.0,84,2568,2096
1933.0,31,6584,2043
1945.0,103,2846,2115
3523.0,879,555,2891
4401.0,40,5728,2052
4441.0,1014,2567,3026
6832.0,1175,2,3187
846.0,263,429,2275
1001.0,19,181067,2031
1047.0,693,1099,2705
1048.0,691,4587,2703
1049.0,660,2503,2672
1092.0,647,2568,2659
3421.0,50,6584,2062
3433.0,767,2846,2779
4510.0,171,555,2183
4680.0,26,5728,2038
4705.0,1292,2567,3304
7358.0,651,2,2663
740.0,182,429,2194
977.0,87,181067,2099
1026.0,58,1099,2070
1027.0,58,4587,2070
1028.0,56,2503,2068
1063.0,24,2568,2036
1086.0,16,6880,2028
1102.0,285,4458,2297
3946.0,26,6584,2038
3958.0,42,2846,2054
4696.0,1166,555,3178
5862.0,14,5728,2026
5875.0,457,2567,2469
7705.0,608,2,2620
918.0,181,429,2193
1399.0,28,181067,2040
1456.0,93,1099,2105
1457.0,224,4587,2236
1458.0,100,2503,2112
1500.0,120,2568,2132
1737.0,79,6584,2091
1749.0,139,2846,2151
3309.0,1333,555,3345
4641.0,77,5728,2089
4717.0,1067,2567,3079
7171.0,800,2,2812
761.0,243,429,2255
916.0,16,181067,2028
956.0,60,1099,2072
957.0,57,4587,2069
958.0,58,2503,2070
1057.0,97,2568,2109
1861.0,147,6584,2159
1877.0,284,2846,2296
2171.0,1418,555,3430
3589.0,56,5728,2068
3644.0,1417,2567,3429
6485.0,600,2,2612
762.0,236,429,2248
890.0,93,181067,2105
947.0,130,1099,2142
948.0,77,4587,2089
949.0,76,2503,2088
982.0,93,2568,2105
1982.0,110,6584,2122
1993.0,175,2846,2187
3615.0,666,555,2678
4280.0,13,5728,2025
4293.0,346,2567,2358
6220.0,641,2,2653
755.0,245,429,2257
889.0,21,181067,2033
936.0,87,1099,2099
937.0,72,4587,2084
938.0,70,2503,2082
980.0,42,2568,2054
1876.0,47,6584,2059
1889.0,124,2846,2136
2137.0,1491,555,3503
3627.0,8,5728,2020
3635.0,883,2388,2895
6466.0,618,2,2630
831.0,864,429,2876
996.0,40,181067,2052
1060.0,637,1099,2649
1061.0,636,4587,2648
1062.0,717,2503,2729
1106.0,650,2568,2662
3534.0,47,6584,2059
3546.0,41,2846,2053
4575.0,191,552,2203
4764.0,33,5728,2045
4797.0,1498,2388,3510
7661.0,662,2,2674
1015.0,544,429,2556
1174.0,439,181067,2451
1576.0,58,1099,2070
1578.0,52,4587,2064
1578.0,173,2503,2185
1612.0,136,2568,2148
4184.0,66,6584,2078
4197.0,119,2846,2131
4547.0,164,555,2176
4711.0,5,5728,2017
4715.0,848,2388,2860
7588.0,600,2,2612
708.0,174,429,2186
992.0,85,181067,2097
1036.0,83,1099,2095
1037.0,59,4587,2071
1038.0,80,2503,2092
1077.0,69,2568,2081
3624.0,41,6584,2053
3636.0,53,2846,2065
4631.0,214,555,2226
4844.0,25,5728,2037
4868.0,1440,2388,3452
7703.0,674,2,2686
730.0,181,429,2193
879.0,33,181067,2045
886.0,1192,12092,3204
934.0,59,1099,2071
935.0,93,4587,2105
936.0,61,2503,2073
970.0,56,2568,2068
2065.0,30,6584,2042
2076.0,156,2846,2168
2484.0,1548,555,3560
4031.0,5,5728,2017
4036.0,908,2388,2920
6940.0,815,2,2827
861.0,236,429,2248
993.0,84,181067,2096
1039.0,75,1099,2087
1040.0,74,4587,2086
1041.0,73,2503,2085
1077.0,36,2568,2048
2070.0,67,6584,2079
2082.0,183,2846,2195
2426.0,1795,555,3807
4220.0,27,5728,2039
4246.0,1215,2388,3227
7527.0,799,2,2811
786.0,245,429,2257
937.0,79,181067,2091
979.0,79,1099,2091
981.0,55,4587,2067
981.0,53,2503,2065
1072.0,29,2568,2041
1101.0,19,6880,2031
1119.0,273,4458,2285
2377.0,47,6584,2059
2389.0,117,2846,2129
2789.0,1876,555,3888
4665.0,66,5728,2078
4730.0,1159,2388,3171
8028.0,692,2,2704
699.0,171,429,2183
924.0,100,181067,2112
988.0,145,1099,2157
989.0,143,4587,2155
990.0,43,2503,2055
1024.0,108,2568,2120
4586.0,106,6584,2118
4599.0,801,2846,2813
5528.0,160,552,2172
5687.0,20,5728,2032
5706.0,1863,2388,3875
813.0,246,429,2258
947.0,28,181067,2040
1000,66,1099,2078
1001.0,64,4587,2076
1002.0,1188,2503,3200
1042.0,84,2568,2096
4621.0,179,6584,2191
4641.0,946,2846,2958
5911.0,155,555,2167
6065.0,5,5728,2017
6070.0,1759,2388,3771
728.0,182,429,2194
879.0,103,181067,2115
936.0,163,1099,2175
937.0,69,4587,2081
938.0,161,2503,2173
981.0,115,2568,2127
2457.0,34,6584,2046
2467.0,94,2846,2106
4968.0,1080,555,3092
6048.0,13,5728,2025
6060.0,345,2388,2357
8355.0,629,2,2641
992.0,173,429,2185
1182.0,38,181067,2050
1243.0,975,1099,2987
1244.0,921,4587,2933
1245.0,975,2503,2987
1279.0,938,2568,2950
4756.0,50,6584,2062
4768.0,39,2846,2051
6134.0,242,555,2254
6375.0,26,5728,2038
6400.0,1987,2388,3999
751.0,176,429,2188
977.0,28,181067,2040
1026.0,63,1099,2075
1027.0,114,4587,2126
1028.0,62,2503,2074
1062.0,79,2568,2091
2358.0,132,6584,2144
2369.0,150,2846,2162
5026.0,180,555,2192
5204.0,1211,5728,3223
6415.0,360,2388,2372
8692.0,728,2,2740
981.0,575,429,2587
1019.0,10,181067,2022
1053.0,506,1099,2518
1054.0,499,4587,2511
1055.0,502,2503,2514
1111.0,517,2568,2529
3721.0,81,6584,2093
3734.0,1198,2846,3210
5138.0,198,552,2210
5336.0,59,5728,2071
5394.0,1666,2388,3678
8597.0,790,2,2802
737.0,251,2034,2263
858.0,26,181067,2038
917.0,94,1099,2106
918.0,92,4587,2104
919.0,91,2503,2103
956.0,122,2568,2134
2342.0,253,6584,2265
2353.0,337,2846,2349
2916.0,2188,555,4200
5102.0,867,5728,2879
5969.0,357,2388,2369
8251.0,626,2,2638
738.0,234,429,2246
870.0,18,181067,2030
913.0,95,1099,2107
914.0,94,4587,2106
915.0,58,2503,2070
951.0,31,2568,2043
2535.0,43,6584,2055
2546.0,145,2846,2157
4981.0,176,552,2188
5155.0,827,5728,2839
5982.0,1721,66,3733
7702.0,449,361,2461
890.0,196,429,2208
1050.0,101,181067,2113
1114.0,745,1099,2757
1115.0,747,4587,2759
1116.0,742,2503,2754
1151.0,766,2568,2778
4475.0,152,6584,2164
4488.0,1388,2846,3400
6031.0,228,555,2240
6258.0,41,5728,2053
6298.0,2000,2388,4012
995.0,173,429,2185
1250.0,16,181067,2028
1289.0,747,1099,2759
1290.0,48,4587,2060
1291.0,46,2503,2058
1325.0,6,2568,2018
1331.0,702,6880,2714
2032.0,302,4458,2314
4970.0,25,6584,2037
4982.0,43,2846,2055
6909.0,172,555,2184
7080.0,11,5728,2023
7090.0,2073,2388,4085
689.0,183,429,2195
834.0,131,181067,2143
913.0,166,1099,2178
914.0,95,4587,2107
915.0,95,2503,2107
964.0,114,2568,2126
2560.0,34,6584,2046
2572.0,163,2846,2175
5345.0,1127,552,3139
6471.0,36,5728,2048
6507.0,355,2388,2367
896.0,222,429,2234
1025.0,15,181067,2027
1065.0,62,1099,2074
1067.0,64,4587,2076
1068.0,64,2503,2076
1103.0,50,2568,2062
2319.0,28,6584,2040
2330.0,92,2846,2104
2753.0,4044,555,6056
6796.0,55,5728,2067
6850.0,408,2388,2420
748.0,241,429,2253
852.0,24,181067,2036
913.0,146,1099,2158
914.0,77,4587,2089
915.0,76,2503,2088
957.0,101,2568,2113
2458.0,120,6584,2132
2471.0,168,2846,2180
4862.0,216,555,2228
5077.0,834,5728,2846
5910.0,379,2388,2391
8191.0,654,2,2666
1021.0,179,429,2191
1234.0,18,181067,2030
1283.0,662,1099,2674
1284.0,605,4587,2617
1285.0,604,2503,2616
1330.0,614,2568,2626
2166.0,46,6584,2058
2179.0,97,2846,2109
4601.0,1809,552,3821
6409.0,12,5728,2024
6420.0,426,2388,2438
8757.0,1048,2,3060
722.0,178,429,2190
1020.0,95,181067,2107
1072.0,63,1099,2075
1073.0,93,4587,2105
1074.0,91,2503,2103
1114.0,20,2568,2032
1134.0,34,6880,2046
1168.0,1332,4458,3344
5133.0,47,6584,2059
5145.0,45,2846,2057
6576.0,264,555,2276
6839.0,12,5728,2024
6850.0,1636,2396,3648
890.0,273,429,2285
1031.0,17,181067,2029
1076.0,97,1099,2109
1077.0,155,4587,2167
1079.0,87,2503,2099
1125.0,104,2568,2116
1159.0,13,12092,2025
4726.0,167,6584,2179
4738.0,1563,2846,3575
6432.0,213,555,2225
6643.0,61,5728,2073
6704.0,1769,2396,3781
799.0,183,429,2195
952.0,21,181067,2033
1006.0,107,1099,2119
1007.0,103,4587,2115
1008.0,105,2503,2117
1043.0,67,2568,2079
2383.0,49,6584,2061
2393.0,53,2846,2065
2852.0,2462,552,4474
5313.0,6,5728,2018
5318.0,1620,2396,3632
732.0,172,429,2184
1010.0,88,181067,2100
1052.0,79,1099,2091
1053.0,160,4587,2172
1054.0,93,2503,2105
1098.0,115,2568,2127
2260.0,89,6584,2101
2273.0,142,2846,2154
2648.0,2598,555,4610
5245.0,34,5728,2046
5279.0,1837,2396,3849
770.0,175,429,2187
1512.0,99,181067,2111
1570.0,172,1099,2184
1571.0,131,4587,2143
1572.0,130,2503,2142
1610.0,134,2568,2146
1744.0,41,6880,2053
1785.0,279,4458,2291
2134.0,90,6584,2102
2156.0,95,2846,2107
3751.0,2386,555,4398
6136.0,982,5728,2994
7117.0,366,2396,2378
926.0,263,429,2275
1056.0,89,181067,2101
1103.0,145,1099,2157
1105.0,85,4587,2097
1106.0,142,2503,2154
1145.0,102,2568,2114
4656.0,21,6584,2033
4668.0,54,2846,2066
6398.0,297,555,2309
6694.0,56,5728,2068
6749.0,1487,2436,3499
779.0,235,429,2247
884.0,20,181067,2032
962.0,89,1099,2101
963.0,88,4587,2100
964.0,82,2503,2094
1005.0,104,2568,2116
2677.0,89,6584,2101
2691.0,210,2846,2222
3063.0,2640,555,4652
5701.0,1249,5728,3261
6950.0,1775,2396,3787
800.0,261,429,2273
964.0,90,181067,2102
1016.0,93,1099,2105
1018.0,92,4587,2104
1018.0,94,2503,2106
1053.0,112,2568,2124
5368.0,103,6584,2115
5380.0,1170,2846,3182
6688.0,164,552,2176
6851.0,45,5728,2057
6895.0,2283,2396,4295
694.0,186,429,2198
844.0,68,181067,2080
937.0,78,1099,2090
939.0,75,4587,2087
940.0,75,2503,2087
976.0,37,2568,2049
1013.0,38,6880,2050
1051.0,267,4458,2279
5837.0,174,6584,2186
5848.0,1295,2846,3307
7286.0,169,555,2181
7455.0,51,5728,2063
7505.0,2373,2436,4385
948.0,240,429,2252
1069.0,106,181067,2118
1137.0,983,1099,2995
1138.0,983,4587,2995
1139.0,986,2503,2998
1174.0,951,2568,2963
2124.0,21,6880,2033
2144.0,383,4458,2395
4197.0,28,6584,2040
4211.0,60,2846,2072
7460.0,253,555,2265
7712.0,17,5728,2029
7729.0,2280,2436,4292
711.0,174,429,2186
1048.0,86,181067,2098
1096.0,774,1099,2786
1097.0,847,4587,2859
1098.0,771,2503,2783
1133.0,750,2568,2762
1883.0,79,6880,2091
1961.0,312,4458,2324
3554.0,36,6584,2048
3561.0,32,2846,2044
3839.0,2614,555,4626
6453.0,1264,5728,3276
7716.0,361,2436,2373
848.0,174,429,2186
1090.0,14,181067,2026
1146.0,903,1099,2915
1147.0,901,4587,2913
1149.0,900,2503,2912
1187.0,916,2568,2928
5104.0,190,6584,2202
5117.0,179,2846,2191
6925.0,242,555,2254
7167.0,18,5728,2030
7184.0,2094,2396,4106
745.0,172,429,2184
967.0,100,181067,2112
1025.0,110,1099,2122
1027.0,76,4587,2088
1028.0,73,2503,2085
1066.0,69,2568,2081
5538.0,22,6584,2034
5550.0,20,2846,2032
6893.0,235,555,2247
7128.0,47,5728,2059
7174.0,2223,2492,4235
1031.0,222,429,2234
1132.0,107,181067,2119
1195.0,888,1099,2900
1196.0,887,4587,2899
1197.0,885,2503,2897
1239.0,847,2568,2859
2085.0,97,6880,2109
2180.0,332,4458,2344
4163.0,95,6584,2107
4176.0,83,2846,2095
8736.0,187,552,2199
8923.0,6,5728,2018
8928.0,1770,2522,3782
752.0,186,429,2198
900.0,128,181067,2140
984.0,126,1099,2138
986.0,92,4587,2104
987.0,89,2503,2101
1028.0,46,2568,2058
1072.0,40,6880,2052
1112.0,287,4458,2299
3092.0,34,6584,2046
3100.0,21,2846,2033
3534.0,2815,555,4827
6348.0,21,5728,2033
6369.0,1595,2484,3607
959.0,231,429,2243
1081.0,86,181067,2098
1128.0,67,1099,2079
1129.0,64,4587,2076
1130.0,61,2503,2073
1166.0,33,2568,2045
1199.0,11,6880,2023
1209.0,1100,4458,3112
5240.0,101,6584,2113
5254.0,188,2846,2200
7317.0,202,555,2214
7517.0,38,5728,2050
708.0,263,429,2275
833.0,21,181067,2033
890.0,159,1099,2171
891.0,155,4587,2167
892.0,87,2503,2099
931.0,114,2568,2126
2947.0,100,6584,2112
2957.0,2867,2846,4879
6930.0,155,555,2167
7085.0,16,5728,2028
7098.0,342,2534,2354
851.0,272,429,2284
984.0,48,181067,2060
1056.0,87,1099,2099
1057.0,144,4587,2156
1058.0,86,2503,2098
1093.0,107,2568,2119
5749.0,175,6584,2187
5762.0,1382,2846,3394
7273.0,246,555,2258
7519.0,52,5728,2064
7570.0,2282,2493,4294
681.0,235,429,2247
803.0,29,181067,2041
857.0,99,1099,2111
858.0,91,4587,2103
859.0,91,2503,2103
896.0,121,2568,2133
2911.0,115,6584,2127
2923.0,132,2846,2144
7063.0,194,555,2206
7256.0,54,5728,2066
7308.0,1798,2501,3810
1051.0,664,429,2676
1164.0,541,181067,2553
1662.0,151,1099,2163
1664.0,137,4587,2149
1665.0,133,2503,2145
1705.0,91,2568,2103
4935.0,33,6584,2045
4946.0,114,2846,2126
7304.0,192,555,2204
7494.0,59,5728,2071
7552.0,2081,2482,4093
731.0,246,429,2258
849.0,113,181067,2125
913.0,72,1099,2084
915.0,72,4587,2084
916.0,179,2503,2191
961.0,133,2568,2145
2998.0,57,6584,2069
3012.0,138,2846,2150
6381.0,1139,555,3151
7520.0,7,5728,2019
7526.0,348,2502,2360
953.0,202,429,2214
1111.0,121,181067,2133
1182.0,770,1099,2782
1184.0,74,4587,2086
1185.0,71,2503,2083
1231.0,26,2568,2038
1257.0,707,6880,2719
1964.0,403,4458,2415
4402.0,69,6584,2081
4419.0,58,2846,2070
4861.0,3068,555,5080
7929.0,14,5728,2026
7942.0,1515,2502,3527
795.0,269,429,2281
919.0,40,181067,2052
991.0,188,1099,2200
992.0,73,4587,2085
993.0,130,2503,2142
1029.0,93,2568,2105
5749.0,175,6584,2187
5760.0,807,2846,2819
6697.0,163,555,2175
6858.0,16,5728,2028
6874.0,2726,2484,4738
724.0,258,429,2270
862.0,22,181067,2034
908.0,85,1099,2097
910.0,87,4587,2099
911.0,88,2503,2100
951.0,45,2568,2057
987.0,12,12092,2024
996.0,61,6880,2073
1056.0,296,4458,2308
3106.0,52,6584,2064
3118.0,59,2846,2071
3600.0,2833,555,4845
6432.0,24,5728,2036
6455.0,1679,2518,3691
735.0,266,429,2278
851.0,34,181067,2046
926.0,76,1099,2088
927.0,74,4587,2086
928.0,135,2503,2147
964.0,97,2568,2109
6365.0,35,6584,2047
6379.0,111,2846,2123
6669.0,159,555,2171
6827.0,16,5728,2028
6843.0,1901,2482,3913
812.0,179,429,2191
891.0,18,181067,2030
933.0,171,1099,2183
934.0,181,4587,2193
935.0,127,2503,2139
970.0,36,2568,2048
2941.0,93,6584,2105
2954.0,230,2846,2242
6552.0,1409,555,3421
7960.0,60,5728,2072
8019.0,2023,2502,4035
799.0,242,429,2254
920.0,30,181067,2042
981.0,109,1099,2121
983.0,106,4587,2118
984.0,99,2503,2111
1031.0,55,2568,2067
1085.0,42,6880,2054
1127.0,286,4458,2298
3108.0,45,6584,2057
3121.0,59,2846,2071
3524.0,2947,555,4959
6471.0,25,5728,2037
6495.0,1754,2482,3766
867.0,242,429,2254
967.0,84,181067,2096
1011.0,156,1099,2168
1012.0,105,4587,2117
1013.0,152,2503,2164
1050.0,65,2568,2077
1115.0,1571,6880,3583
2685.0,344,4458,2356
4418.0,41,6584,2053
4435.0,76,2846,2088
4868.0,3025,555,5037
7892.0,24,5728,2036
7916.0,1628,2501,3640
772.0,224,429,2236
858.0,117,181067,2129
924.0,75,1099,2087
925.0,74,4587,2086
927.0,72,2503,2084
975.0,77,2568,2089
1051.0,41,6880,2053
1091.0,268,4458,2280
6801.0,80,6584,2092
6815.0,1172,2846,3184
8285.0,164,555,2176
8449.0,56,5728,2068
8504.0,1562,2518,3574
897.0,211,429,2223
1071.0,117,181067,2129
1150.0,90,1099,2102
1152.0,89,4587,2101
1153.0,118,2503,2130
1188.0,82,2568,2094
1235.0,63,12092,2075
6329.0,51,6584,2063
6341.0,41,2846,2053
835.0,269,429,2281
896.0,13,181067,2025
937.0,98,1099,2110
938.0,97,4587,2109
939.0,95,2503,2107
978.0,113,2568,2125
3081.0,138,6584,2150
3098.0,267,2846,2279
7021.0,186,555,2198
7206.0,1771,5728,3783
8976.0,350,2482,2362
