0	37
50	99
100	125
150	80
200	96
250	90
300	46
350	51
400	31
450	30
500	32
550	24
600	14
650	19
700	8
750	4
800	1
850	0
900	1
950	1
1000	0
1050	4
1100	1
1150	3
1200	3
1250	2
1300	2
1350	1
1400	2
1450	1
1500	1
1550	0
1600	1
1650	0
1700	0
1750	0
1800	1
1850	1
1900	0
1950	0
2000	0
2050	0
2100	0
2150	0
2200	1
2250	0
2300	2
2350	2
2400	1
2450	0
2500	1
2550	1
2600	0
2650	0
2700	1
2750	1
2800	1
2850	0
2900	0
2950	1
3000	0
3050	0
3100	0
3150	1
3200	0
3250	0
3300	0
3350	0
3400	0
3450	0
3500	0
3550	0
3600	0
3650	0
3700	0
3750	0
3800	0
3850	1
3900	0
3950	0
4000	0
4050	0
4100	0
4150	0
4200	0
4250	0
4300	0
4350	0
4400	1
4450	0
4500	0
4550	0
4600	0
4650	0
4700	0
4750	0
4800	0
4850	0
4900	0
4950	0
5000	0
5050	0
5100	0
5150	0
5200	0
5250	0
5300	0
5350	0
5400	0
5450	0
5500	0
5550	0
5600	0
5650	0
5700	0
5750	0
5800	0
5850	0
5900	0
5950	0
6000	0
6050	0
6100	0
6150	0
6200	0
6250	0
6300	0
6350	0
6400	0
6450	0
6500	0
6550	0
6600	0
6650	0
6700	0
6750	1
6800	0
6850	0
6900	0
6950	0
7000	0
7050	0
7100	0
7150	0
7200	0
7250	0
7300	0
7350	0
7400	0
7450	0
7500	0
7550	0
7600	0
7650	0
7700	0
7750	0
7800	0
7850	0
7900	0
7950	0
8000	0
8050	0
8100	0
8150	0
8200	0
8250	0
8300	0
8350	0
8400	0
8450	0
8500	0
8550	0
8600	0
8650	0
8700	0
8750	0
8800	1
