starttime,duration,size,total
423.0,2807,91556,4819
424.0,71,52043,2083
424.0,71,242078,2083
425.0,93,8127,2105
601.0,255,611,2267
601.0,254,1178,2266
670.0,2,3768,2014
3248.0,32,36596,2044
3274.0,140,4529,2152
3280.0,32,66158,2044
3303.0,211,341,2223
3513.0,361,248,2373
3874.0,183,347,2195
4057.0,31,47670,2043
4086.0,157,936,2169
4243.0,53,922,2065
4244.0,4,15180,2016
4295.0,121,924,2133
4364.0,838,8792,2850
5409.0,11,6824,2023
296.0,421,91556,2433
296.0,75,52043,2087
297.0,98,242078,2110
298.0,97,8127,2109
299.0,97,611,2109
300.0,96,1178,2108
423.0,139,3768,2151
641.0,6,66158,2018
732.0,4,36596,2016
755.0,174,4529,2186
772.0,193,711,2205
956.0,275,248,2287
1230.0,169,5530,2181
1398.0,50,801,2062
1446.0,90,47670,2102
1536.0,532,936,2544
2067.0,76,922,2088
2143.0,150,924,2162
2232.0,698,8792,2710
2479.0,31,15180,2043
3016.0,17,6824,2029
305.0,492,91556,2504
305.0,108,52043,2120
306.0,109,242078,2121
307.0,81,8127,2093
426.0,258,611,2270
427.0,5,1178,2017
564.0,18,3768,2030
736.0,5,66158,2017
811.0,4,36596,2016
836.0,158,4529,2170
853.0,186,213,2198
1030.0,214,248,2226
1243.0,151,305,2163
1394.0,4,3111,2016
1397.0,395,2122,2407
1770.0,311,1900,2323
1791.0,290,47670,2302
2080.0,157,936,2169
2237.0,100,922,2112
2320.0,6,15180,2018
2336.0,132,924,2144
2415.0,551,8792,2563
3033.0,29,6824,2041
300.0,482,91556,2494
300.0,115,52043,2127
301.0,114,242078,2126
302.0,113,8127,2125
427.0,258,611,2270
428.0,6,1178,2018
567.0,18,3768,2030
728.0,5,66158,2017
796.0,3,36596,2015
819.0,175,4529,2187
836.0,170,351,2182
1006.0,282,248,2294
1288.0,209,347,2221
1497.0,34,47670,2046
1530.0,147,936,2159
1676.0,56,922,2068
1677.0,3,15180,2015
1730.0,124,924,2136
1795.0,492,8792,2504
2767.0,11,6824,2023
296.0,415,91556,2427
296.0,108,52043,2120
297.0,108,242078,2120
298.0,107,8127,2119
299.0,121,611,2133
300.0,119,1178,2131
435.0,2,3768,2014
644.0,6,66158,2018
726.0,3,36596,2015
748.0,179,4529,2191
764.0,213,213,2225
977.0,349,248,2361
1326.0,160,305,2172
1485.0,11,3111,2023
1494.0,312,2122,2324
1786.0,65,1900,2077
1806.0,45,47670,2057
1850.0,430,936,2442
2279.0,79,922,2091
2357.0,225,924,2237
2528.0,490,8632,2502
2597.0,46,15180,2058
3313.0,32,6824,2044
350.0,480,91556,2492
350.0,111,52043,2123
351.0,110,242078,2122
352.0,85,8127,2097
353.0,121,611,2133
354.0,118,1178,2130
473.0,23,3768,2035
697.0,5,66158,2017
845.0,3,36596,2015
867.0,161,4529,2173
884.0,194,213,2206
1069.0,251,248,2263
1320.0,167,305,2179
1487.0,4,3111,2016
1491.0,677,2122,2689
2148.0,64,1900,2076
2167.0,45,47670,2057
2210.0,225,935,2237
2434.0,95,922,2107
2529.0,135,924,2147
2560.0,11,15180,2023
2611.0,747,8633,2759
3521.0,12,6824,2024
298.0,482,91556,2494
299.0,122,52043,2134
299.0,120,242078,2132
301.0,120,8127,2132
433.0,7,611,2019
433.0,2,1178,2014
582.0,18,3768,2030
715.0,2,66158,2014
795.0,5,36596,2017
820.0,164,4529,2176
837.0,176,213,2188
1004.0,285,248,2297
1289.0,162,305,2174
1450.0,4,3111,2016
1453.0,746,2122,2758
2179.0,128,1900,2140
2198.0,103,47670,2115
2300.0,161,936,2173
2460.0,62,921,2074
2472.0,7,15180,2019
2522.0,115,924,2127
2583.0,470,8633,2482
3398.0,20,6824,2032
293.0,412,91556,2424
294.0,93,52043,2105
295.0,94,242078,2106
296.0,93,8127,2105
296.0,293,611,2305
298.0,116,1178,2128
413.0,31,3768,2043
658.0,2,66158,2014
721.0,3,36596,2015
746.0,164,4529,2176
763.0,165,213,2177
927.0,166,248,2178
1092.0,261,305,2273
1353.0,154,3111,2166
1507.0,331,2122,2343
1818.0,57,1900,2069
1838.0,28,47670,2040
1865.0,308,936,2320
2172.0,78,921,2090
2249.0,167,924,2179
2316.0,112,15180,2124
2355.0,629,8633,2641
3341.0,28,6824,2040
300.0,437,91556,2449
301.0,114,52043,2126
302.0,113,242078,2125
303.0,111,8127,2123
303.0,111,611,2123
304.0,86,1178,2098
431.0,18,3768,2030
653.0,6,66158,2018
753.0,5,36596,2017
778.0,161,4529,2173
795.0,175,213,2187
961.0,339,248,2351
1299.0,181,5927,2193
1479.0,23,801,2035
1501.0,46,47670,2058
1546.0,150,936,2162
1694.0,79,922,2091
1697.0,6,15180,2018
1772.0,129,924,2141
1839.0,933,8633,2945
3184.0,156,6824,2168
300.0,1061,91556,3073
300.0,115,52043,2127
301.0,115,242078,2127
302.0,90,8127,2102
417.0,31,611,2043
418.0,30,1178,2042
609.0,18,3768,2030
635.0,5,66158,2017
1376.0,3,36596,2015
1401.0,167,4529,2179
1418.0,181,213,2193
1590.0,184,248,2196
1773.0,314,305,2326
2086.0,42,3111,2054
2128.0,370,2122,2382
2476.0,67,1900,2079
2497.0,46,47670,2058
2542.0,556,936,2568
3097.0,75,922,2087
3171.0,156,924,2168
3271.0,721,8633,2733
3372.0,57,15180,2069
4392.0,35,6824,2047
291.0,545,91556,2557
291.0,132,52043,2144
292.0,95,242078,2107
293.0,131,8127,2143
384.0,280,611,2292
385.0,40,1178,2052
439.0,6,3768,2018
744.0,6,66158,2018
851.0,3,36596,2015
873.0,160,4529,2172
890.0,180,213,2192
1061.0,347,248,2359
1407.0,164,305,2176
1570.0,5,3111,2017
1574.0,1230,2122,3242
2780.0,51,1900,2063
2803.0,47,47670,2059
2849.0,106,936,2118
2954.0,51,922,2063
2956.0,3,15180,2015
3005.0,117,922,2129
3067.0,1327,8633,3339
4426.0,18,6824,2030
289.0,417,91556,2429
290.0,97,52043,2109
290.0,97,242078,2109
292.0,120,8127,2132
412.0,275,611,2287
413.0,32,1178,2044
600.0,22,3768,2034
656.0,7,66158,2019
724.0,3,36596,2015
749.0,298,4529,2310
766.0,179,213,2191
945.0,166,248,2178
1110.0,344,305,2356
1453.0,23,3111,2035
1475.0,430,2122,2442
1884.0,34,1900,2046
1904.0,45,47670,2057
1948.0,494,936,2506
2441.0,87,922,2099
2527.0,209,924,2221
2680.0,685,8633,2697
2743.0,624,15180,2636
3745.0,39,6824,2051
296.0,417,91556,2429
296.0,100,52043,2112
297.0,124,242078,2136
298.0,124,8127,2136
299.0,123,611,2135
300.0,122,1178,2134
423.0,31,3768,2043
648.0,9,66158,2021
729.0,3,36596,2015
754.0,178,4529,2190
771.0,196,213,2208
966.0,165,248,2177
1131.0,354,305,2366
1484.0,15,3111,2027
1499.0,388,2122,2400
1864.0,61,1900,2073
1885.0,39,47670,2051
1924.0,665,936,2677
2589.0,82,922,2094
2670.0,157,924,2169
2772.0,847,8633,2859
2934.0,36,15180,2048
3991.0,41,6824,2053
292.0,417,91556,2429
292.0,104,52043,2116
293.0,105,242078,2117
294.0,102,8127,2114
294.0,103,611,2115
295.0,100,1178,2112
423.0,31,3768,2043
648.0,9,66158,2021
724.0,3,36596,2015
748.0,313,4529,2325
765.0,182,213,2194
947.0,170,248,2182
1116.0,355,305,2367
1471.0,20,3111,2032
1490.0,443,2122,2455
1911.0,47,1900,2059
1932.0,50,47670,2062
1980.0,567,936,2579
2546.0,87,922,2099
2632.0,225,924,2237
2801.0,750,8633,2762
2867.0,685,15180,2697
3928.0,44,6824,2056
299.0,638,91556,2650
300.0,126,52043,2138
300.0,125,242078,2137
301.0,125,8127,2137
427.0,274,611,2286
427.0,33,1178,2045
608.0,22,3768,2034
644.0,2,66158,2014
953.0,3,36596,2015
976.0,281,4529,2293
993.0,282,213,2294
1266.0,170,248,2182
1435.0,169,305,2181
1604.0,180,3111,2192
1783.0,681,2122,2693
2443.0,90,1900,2102
2462.0,98,47670,2110
2559.0,173,936,2185
2732.0,72,922,2084
2803.0,121,922,2133
2841.0,7,15180,2019
2870.0,747,8633,2759
4139.0,49,6824,2061
308.0,409,91556,2421
309.0,130,52043,2142
309.0,130,242078,2142
310.0,127,8127,2139
312.0,130,611,2142
313.0,127,1178,2139
441.0,32,3768,2044
657.0,888,66158,2900
732.0,3,36596,2015
755.0,265,4529,2277
1535.0,195,213,2207
1730.0,338,248,2350
2067.0,163,305,2175
2230.0,88,3111,2100
2318.0,325,2122,2337
2620.0,489,1900,2501
2641.0,488,47670,2500
3128.0,789,935,2801
3917.0,83,922,2095
3999.0,123,924,2135
4037.0,104,15180,2116
4069.0,800,8633,2812
5222.0,30,6824,2042
299.0,511,91556,2523
300.0,132,52043,2144
300.0,131,242078,2143
301.0,130,8127,2142
402.0,60,611,2072
403.0,58,1178,2070
457.0,13,3768,2025
742.0,548,66158,2560
825.0,4,36596,2016
851.0,146,4529,2158
1281.0,194,213,2206
1474.0,166,248,2178
1639.0,161,305,2173
1800.0,4,3111,2016
1804.0,598,2122,2610
2383.0,181,1900,2193
2401.0,161,47670,2173
2561.0,137,936,2149
2698.0,64,922,2076
2756.0,145,15180,2157
2762.0,122,924,2134
2826.0,803,8633,2815
4124.0,51,6824,2063
299.0,406,91556,2418
300.0,135,52043,2147
300.0,132,242078,2144
301.0,134,8127,2146
303.0,324,611,2336
303.0,133,1178,2145
434.0,17,3768,2029
659.0,2,66158,2014
720.0,3,36596,2015
743.0,296,4529,2308
760.0,168,213,2180
927.0,167,248,2179
1094.0,418,305,2430
1511.0,64,3111,2076
1575.0,1345,2122,3357
2895.0,64,1900,2076
2918.0,41,47670,2053
2958.0,547,936,2559
3504.0,52,921,2064
3545.0,27,15180,2039
3555.0,126,924,2138
3627.0,783,8633,2795
4784.0,42,6824,2054
294.0,410,91556,2422
294.0,107,52043,2119
295.0,106,242078,2118
296.0,129,8127,2141
426.0,278,611,2290
427.0,32,1178,2044
615.0,32,3768,2044
648.0,2,66158,2014
719.0,3,36596,2015
745.0,309,4529,2321
762.0,182,213,2194
943.0,168,248,2180
1111.0,415,305,2427
1525.0,73,3111,2085
1597.0,320,2122,2332
1895.0,61,1900,2073
1915.0,36,47670,2048
1951.0,101,936,2113
2051.0,671,922,2683
2053.0,3,15180,2015
2720.0,165,924,2177
2831.0,1003,8633,3015
4313.0,11,6824,2023
293.0,420,91556,2432
294.0,109,52043,2121
294.0,134,242078,2146
295.0,108,8127,2120
296.0,133,611,2145
297.0,134,1178,2146
430.0,33,3768,2045
644.0,28,66158,2040
728.0,3,36596,2015
752.0,290,4529,2302
769.0,170,213,2182
939.0,170,248,2182
1108.0,433,305,2445
1540.0,70,3111,2082
1609.0,406,2122,2418
1992.0,633,1900,2645
2013.0,611,47670,2623
2624.0,148,936,2160
2771.0,72,922,2084
2842.0,143,924,2155
2884.0,9,15180,2021
2928.0,812,8486,2824
4268.0,40,6824,2052
1083.0,440,91556,2452
1084.0,113,52043,2125
1084.0,137,242078,2149
1085.0,112,8127,2124
1222.0,33,611,2045
1223.0,32,1178,2044
1333.0,2,3768,2014
1426.0,6,66158,2018
1539.0,3,36596,2015
1562.0,307,4529,2319
1579.0,284,213,2296
1853.0,178,248,2190
2031.0,174,305,2186
2205.0,6,3111,2018
2210.0,1039,2122,3051
3229.0,94,1900,2106
3248.0,101,47670,2113
3348.0,139,936,2151
3486.0,70,922,2082
3555.0,162,924,2174
3620.0,99,15180,2111
3664.0,927,8486,2939
5252.0,53,6824,2065
297.0,598,91556,2610
298.0,153,52043,2165
298.0,152,242078,2164
299.0,117,8127,2129
300.0,148,611,2160
414.0,35,1172,2047
417.0,61,3768,2073
760.0,6,66158,2018
910.0,3,36596,2015
932.0,169,4529,2181
950.0,188,213,2200
1129.0,415,248,2427
1544.0,198,305,2210
1740.0,15,3111,2027
1754.0,1065,2122,3077
2798.0,148,1900,2160
2819.0,147,47670,2159
2965.0,211,936,2223
3175.0,76,922,2088
3201.0,4,15180,2016
3250.0,119,924,2131
3315.0,1036,8486,3048
4982.0,35,6824,2047
300.0,572,91556,2584
301.0,130,52043,2142
301.0,129,242078,2141
302.0,153,8127,2165
304.0,162,611,2174
304.0,152,1172,2164
428.0,38,3768,2050
700.0,190,66158,2202
888.0,56,36596,2068
911.0,163,4529,2175
928.0,164,213,2176
1092.0,566,248,2578
1657.0,168,305,2180
1825.0,5,3111,2017
1829.0,357,2122,2369
2166.0,33,1900,2045
2186.0,43,47670,2055
2227.0,663,936,2675
2890.0,115,922,2127
3003.0,130,924,2142
3079.0,1280,8433,3292
3256.0,64,15180,2076
5148.0,260,6824,2272
299.0,426,91556,2438
299.0,58,52043,2070
300.0,57,242078,2069
301.0,81,8127,2093
302.0,390,611,2402
303.0,79,1172,2091
461.0,11,3768,2023
692.0,13,66158,2025
758.0,4,36596,2016
783.0,302,4529,2314
803.0,170,213,2182
972.0,169,248,2181
1141.0,584,305,2596
1724.0,10,3111,2022
1734.0,448,2122,2460
2157.0,65,1900,2077
2180.0,40,47670,2052
2220.0,893,936,2905
3112.0,89,922,2101
3200.0,138,924,2150
3282.0,1286,8580,3298
3392.0,75,15180,2087
5155.0,48,6824,2060
291.0,517,91556,2529
291.0,167,52043,2179
292.0,143,242078,2155
293.0,166,8127,2178
404.0,59,611,2071
405.0,58,1172,2070
642.0,19,3768,2031
751.0,6,66158,2018
823.0,5,36596,2017
849.0,158,4529,2170
866.0,196,213,2208
1053.0,432,248,2444
1484.0,165,305,2177
1649.0,6,3111,2018
1654.0,356,2122,2368
1989.0,775,1900,2787
2009.0,752,47670,2764
2759.0,174,936,2186
2932.0,81,922,2093
3012.0,145,924,2157
3075.0,1018,15180,3030
3101.0,992,8404,3004
4650.0,29,6824,2041
316.0,526,91556,2538
316.0,160,52043,2172
317.0,159,242078,2171
318.0,158,8127,2170
435.0,40,611,2052
436.0,41,1172,2053
656.0,466,3768,2478
780.0,6,66158,2018
857.0,5,36596,2017
882.0,164,4529,2176
899.0,196,213,2208
1085.0,453,248,2465
1537.0,173,305,2185
1709.0,5,3111,2017
1714.0,361,2122,2373
2053.0,804,1900,2816
2074.0,871,47670,2883
2943.0,115,936,2127
3057.0,68,922,2080
3124.0,143,922,2155
3212.0,1162,8421,3174
3317.0,36,15180,2048
5074.0,72,6824,2084
294.0,533,91556,2545
294.0,170,52043,2182
295.0,128,242078,2140
296.0,169,8127,2181
420.0,268,611,2280
421.0,43,1172,2055
659.0,18,3768,2030
760.0,6,66158,2018
842.0,5,36596,2017
868.0,168,4529,2180
885.0,187,213,2199
1063.0,530,248,2542
1592.0,199,305,2211
1791.0,5,3111,2017
1796.0,1146,2122,3158
2920.0,108,1900,2120
2940.0,87,47670,2099
3026.0,500,936,2512
3525.0,59,922,2071
3528.0,2,15180,2014
3583.0,123,924,2135
3651.0,2141,8421,4153
5882.0,10,6824,2022
289.0,430,91556,2442
290.0,57,52043,2069
290.0,55,242078,2067
291.0,55,8127,2067
454.0,11,611,2023
454.0,11,1172,2023
684.0,59,3768,2071
685.0,58,66158,2070
741.0,4,36596,2016
768.0,295,4529,2307
785.0,174,213,2186
959.0,172,248,2184
1131.0,985,305,2997
2115.0,66,3111,2078
2181.0,449,2122,2461
2607.0,69,1900,2081
2629.0,43,47670,2055
2670.0,122,936,2134
2791.0,738,921,2750
2794.0,4,15180,2016
3529.0,151,924,2163
3625.0,1292,8421,3304
5414.0,81,6824,2093
292.0,555,91556,2567
293.0,191,52043,2203
293.0,190,242078,2202
294.0,164,8127,2176
424.0,64,611,2076
425.0,63,1172,2075
680.0,23,3768,2035
778.0,637,66158,2649
864.0,6,36596,2018
890.0,143,4529,2155
1406.0,197,213,2209
1602.0,169,248,2181
1771.0,1061,305,3073
2832.0,239,3111,2251
3070.0,691,2122,2703
3739.0,130,1900,2142
3760.0,108,47670,2120
3867.0,181,936,2193
4047.0,49,922,2061
4050.0,5,15180,2017
4095.0,117,924,2129
4157.0,1835,8424,3847
6147.0,27,6824,2039
287.0,404,91556,2416
288.0,58,52043,2070
288.0,57,242078,2069
289.0,56,8127,2068
291.0,161,611,2173
292.0,79,1172,2091
453.0,11,3768,2023
691.0,65,66158,2077
754.0,5,36596,2017
781.0,291,4529,2303
798.0,174,213,2186
971.0,165,248,2177
1136.0,914,305,2926
2050.0,69,3111,2081
2118.0,376,2122,2388
2469.0,57,1900,2069
2493.0,51,47670,2063
2543.0,84,936,2096
2626.0,74,922,2086
2629.0,4,15180,2016
2700.0,117,924,2129
2762.0,2227,8424,4239
5322.0,33,6824,2045
299.0,445,91556,2457
300.0,57,52043,2069
300.0,56,242078,2068
301.0,82,8127,2094
302.0,80,611,2092
303.0,80,1172,2092
467.0,14,3768,2026
726.0,113,66158,2125
765.0,75,36596,2087
790.0,290,4529,2302
829.0,197,213,2209
1026.0,169,248,2181
1194.0,615,305,2627
1808.0,9,3111,2021
1817.0,422,2122,2434
2213.0,50,1900,2062
2237.0,49,47670,2061
2285.0,1034,935,3046
3318.0,73,922,2085
3391.0,138,922,2150
3473.0,1434,8424,3446
3658.0,31,15180,2043
5413.0,35,6824,2047
294.0,434,91556,2446
294.0,81,52043,2093
295.0,82,242078,2094
296.0,56,8127,2068
297.0,80,611,2092
298.0,169,1172,2181
462.0,15,3768,2027
727.0,212,66158,2224
770.0,3,36596,2015
796.0,271,4529,2283
930.0,195,213,2207
1124.0,641,248,2653
1765.0,204,305,2216
1968.0,5,3111,2017
1972.0,459,2122,2471
2405.0,821,1900,2833
2429.0,818,47670,2830
3247.0,142,936,2154
3389.0,77,921,2089
3440.0,18,15180,2030
3465.0,122,924,2134
3532.0,1296,8268,3308
5586.0,24,6824,2036
302.0,539,91556,2551
302.0,149,52043,2161
303.0,150,242078,2162
304.0,132,8127,2144
434.0,17,611,2029
435.0,16,1172,2028
672.0,34,3768,2046
796.0,6,66158,2018
856.0,3,36596,2015
881.0,170,4529,2182
900.0,217,213,2229
1109.0,469,248,2481
1578.0,172,305,2184
1749.0,19,3111,2031
1767.0,1217,2122,3229
2960.0,93,1900,2105
2983.0,93,47670,2105
3075.0,152,936,2164
3227.0,371,922,2383
3330.0,228,15180,2240
3597.0,123,924,2135
3663.0,725,8269,2737
5637.0,20,6824,2032
291.0,438,91556,2450
292.0,56,52043,2068
293.0,57,242078,2069
294.0,80,8127,2092
462.0,12,611,2024
462.0,11,1172,2023
712.0,38,3768,2050
729.0,21,66158,2033
749.0,4,36596,2016
775.0,293,4529,2305
792.0,185,213,2197
976.0,171,248,2183
1147.0,1017,305,3029
2164.0,18,3111,2030
2181.0,459,2122,2471
2616.0,57,1900,2069
2639.0,52,47670,2064
2691.0,148,936,2160
2838.0,802,922,2814
2841.0,4,15180,2016
3639.0,153,924,2165
3737.0,1420,8269,3432
5627.0,73,6824,2085
300.0,439,91556,2451
301.0,94,52043,2106
302.0,93,242078,2105
303.0,92,8127,2104
313.0,411,611,2423
314.0,175,1172,2187
484.0,15,3768,2027
724.0,61,66158,2073
760.0,25,36596,2037
808.0,301,4529,2313
828.0,174,213,2186
1001.0,170,248,2182
1171.0,710,305,2722
1880.0,80,3111,2092
1960.0,430,2122,2442
2366.0,98,1900,2110
2388.0,98,47670,2110
2486.0,842,936,2854
3326.0,77,922,2089
3402.0,141,924,2153
3489.0,1418,8271,3430
3560.0,76,15180,2088
5681.0,675,6824,2687
290.0,482,91556,2494
290.0,144,52043,2156
291.0,141,242078,2153
292.0,142,8127,2154
432.0,36,611,2048
433.0,40,1172,2052
684.0,31,3768,2043
702.0,17,66158,2029
787.0,3,36596,2015
810.0,300,4529,2312
828.0,174,213,2186
1001.0,168,248,2180
1168.0,623,305,2635
1790.0,66,3111,2078
1856.0,466,2122,2478
2300.0,77,1900,2089
2321.0,54,47670,2066
2375.0,829,936,2841
3203.0,97,922,2109
3299.0,144,924,2156
3387.0,1387,8367,3399
3536.0,41,15180,2053
5503.0,667,6824,2679
294.0,485,91556,2497
295.0,176,52043,2188
295.0,172,242078,2184
296.0,172,8127,2184
348.0,133,611,2145
351.0,130,1172,2142
470.0,43,3768,2055
726.0,70,66158,2082
795.0,57,36596,2069
818.0,289,4529,2301
835.0,178,213,2190
1013.0,167,248,2179
1179.0,636,305,2648
1815.0,25,3111,2037
1837.0,591,2122,2603
2405.0,817,1900,2829
2427.0,821,47670,2833
3247.0,121,936,2133
3367.0,145,922,2157
3477.0,52,15180,2064
3511.0,136,924,2148
3591.0,1364,8250,3376
5708.0,696,6824,2708
291.0,555,91556,2567
291.0,178,52043,2190
292.0,177,242078,2189
293.0,175,8127,2187
433.0,65,611,2077
434.0,63,1172,2075
696.0,19,3768,2031
798.0,6,66158,2018
862.0,59,36596,2071
886.0,155,4529,2167
903.0,181,213,2193
1083.0,712,248,2724
1795.0,159,305,2171
1954.0,8,3111,2020
1961.0,374,2122,2386
2310.0,39,1900,2051
2333.0,41,47670,2053
2374.0,1066,936,3078
3439.0,102,922,2114
3540.0,192,924,2204
3632.0,108,15180,2120
3677.0,1472,8249,3484
5919.0,664,6824,2676
295.0,404,91556,2416
296.0,142,52043,2154
296.0,140,242078,2152
297.0,164,8127,2176
462.0,280,611,2292
463.0,12,1172,2024
697.0,44,3768,2056
720.0,737,66158,2749
740.0,4,36596,2016
766.0,278,4529,2290
1447.0,196,213,2208
1643.0,270,248,2282
1912.0,1061,305,3073
2973.0,17,3111,2029
2990.0,524,2122,2536
3489.0,42,1900,2054
3512.0,52,47670,2064
3563.0,126,935,2138
3688.0,741,922,2753
3691.0,4,15180,2016
4429.0,132,924,2144
4504.0,1415,8115,3427
6447.0,37,6824,2049
289.0,414,91556,2426
290.0,143,52043,2155
290.0,144,242078,2156
291.0,146,8127,2158
435.0,293,611,2305
436.0,40,1172,2052
705.0,45,3768,2057
707.0,44,66158,2056
749.0,6,36596,2018
777.0,295,4529,2307
794.0,203,213,2215
997.0,175,248,2187
1171.0,1015,305,3027
2186.0,17,3111,2029
2202.0,499,2122,2511
2676.0,76,1900,2088
2699.0,49,47670,2061
2747.0,661,936,2673
3408.0,101,922,2113
3498.0,23,15180,2035
3508.0,145,924,2157
3598.0,1420,8353,3432
5836.0,45,6824,2057
296.0,560,91556,2572
296.0,157,52043,2169
297.0,145,242078,2157
298.0,156,8127,2168
439.0,15,611,2027
440.0,40,1172,2052
706.0,24,3768,2036
801.0,7,66158,2019
870.0,5,36596,2017
896.0,163,4529,2175
914.0,185,213,2197
1089.0,599,248,2611
1688.0,172,305,2184
1859.0,12,3111,2024
1870.0,1413,2122,3425
3259.0,87,1900,2099
3281.0,94,47670,2106
3374.0,179,936,2191
3552.0,66,922,2078
3618.0,128,924,2140
3658.0,10,15180,2022
3691.0,1465,10037,3477
6076.0,43,6824,2055
289.0,458,91556,2470
290.0,60,52043,2072
290.0,60,242078,2072
291.0,59,8127,2071
293.0,180,611,2192
293.0,180,1172,2192
472.0,13,3768,2025
732.0,60,66158,2072
768.0,25,36596,2037
818.0,292,4529,2304
835.0,185,213,2197
1019.0,174,248,2186
1193.0,865,305,2877
2058.0,17,3111,2029
2074.0,531,2122,2543
2581.0,718,1900,2730
2604.0,694,47670,2706
3297.0,154,936,2166
3450.0,79,922,2091
3454.0,34,15180,2046
3528.0,121,924,2133
3592.0,1401,8367,3413
5869.0,216,6824,2228
304.0,443,91556,2455
304.0,64,52043,2076
305.0,64,242078,2076
306.0,64,8127,2076
307.0,424,611,2436
308.0,87,1172,2099
493.0,11,3768,2023
726.0,67,66158,2079
769.0,24,36596,2036
816.0,301,4529,2313
835.0,203,213,2215
1037.0,171,248,2183
1208.0,810,305,2822
2017.0,20,3111,2032
2036.0,495,2122,2507
2509.0,73,1900,2085
2531.0,47,47670,2059
2577.0,856,936,2868
3432.0,110,922,2122
3541.0,145,924,2157
3631.0,1527,8577,3539
3693.0,138,15180,2150
5897.0,48,6824,2060
1529.0,489,91556,2501
1530.0,187,52043,2199
1530.0,183,242078,2195
1531.0,157,8127,2169
1532.0,182,611,2194
1533.0,184,1172,2196
1715.0,16,3768,2028
1946.0,7,66158,2019
2034.0,3,36596,2015
2393.0,162,4529,2174
2411.0,203,213,2215
2606.0,173,248,2185
2779.0,995,305,3007
3773.0,122,3111,2134
3894.0,1153,2122,3165
5025.0,49,1900,2061
5046.0,58,47670,2070
5103.0,139,936,2151
5241.0,72,922,2084
5296.0,6,15180,2018
5312.0,119,924,2131
5375.0,1597,8576,3609
7952.0,34,6824,2046
293.0,488,91556,2500
293.0,88,52043,2100
294.0,64,242078,2076
295.0,87,8127,2099
296.0,195,611,2207
297.0,86,1172,2098
492.0,288,3768,2300
800.0,44,66158,2056
820.0,25,36596,2037
869.0,293,4529,2305
886.0,184,213,2196
1069.0,194,248,2206
1263.0,997,305,3009
2259.0,16,3111,2028
2274.0,1308,2122,3320
3557.0,105,1900,2117
3581.0,124,47670,2136
3704.0,103,936,2115
3807.0,54,922,2066
3809.0,2,15180,2014
3860.0,119,924,2131
3923.0,1726,8558,3738
6707.0,37,6824,2049
295.0,529,91556,2541
296.0,89,52043,2101
296.0,88,242078,2100
297.0,86,8127,2098
298.0,87,611,2099
300.0,204,1172,2216
500.0,13,3768,2025
809.0,39,66158,2051
847.0,3,36596,2015
875.0,297,4529,2309
892.0,216,213,2228
1107.0,175,248,2187
1282.0,1089,305,3101
2371.0,18,3111,2030
2388.0,535,2122,2547
2898.0,67,1900,2079
2921.0,43,47670,2055
2963.0,1319,936,3331
4282.0,89,922,2101
4370.0,153,924,2165
4434.0,111,15180,2123
4467.0,1932,8374,3944
7111.0,70,6824,2082
292.0,482,91556,2494
293.0,61,52043,2073
293.0,62,242078,2074
294.0,85,8127,2097
494.0,15,611,2027
494.0,15,1172,2027
759.0,44,66158,2056
776.0,27,3768,2039
800.0,6,36596,2018
830.0,296,4529,2308
848.0,209,213,2221
1056.0,176,248,2188
1232.0,1053,305,3065
2285.0,16,3111,2028
2300.0,529,2122,2541
2804.0,68,1900,2080
2828.0,44,47670,2056
2871.0,1098,936,3110
3969.0,70,921,2082
4038.0,137,922,2149
4118.0,2049,8203,4061
4203.0,86,15180,2098
7212.0,40,6824,2052
303.0,468,91556,2480
304.0,207,52043,2219
304.0,206,242078,2218
305.0,206,8127,2218
485.0,37,611,2049
486.0,37,1172,2049
675.0,12,3768,2024
718.0,7,66158,2019
786.0,3,36596,2015
813.0,176,4529,2188
830.0,212,213,2224
1042.0,1048,248,3060
2089.0,181,305,2193
2270.0,4,3111,2016
2273.0,1597,2122,3609
3850.0,203,1900,2215
3870.0,170,47670,2182
4039.0,144,936,2156
4182.0,51,922,2063
4187.0,5,15180,2017
4233.0,120,924,2132
4298.0,2004,8243,4016
7473.0,39,6824,2051
302.0,525,91556,2537
303.0,68,52043,2080
303.0,68,242078,2080
304.0,66,8127,2078
306.0,90,611,2102
307.0,90,1172,2102
518.0,14,3768,2026
812.0,102,66158,2114
852.0,3,36596,2015
879.0,275,4529,2287
904.0,199,213,2211
1102.0,173,248,2185
1275.0,1263,305,3275
2537.0,17,3111,2029
2554.0,1480,2122,3492
4011.0,79,1900,2091
4032.0,57,47670,2069
4089.0,129,936,2141
4217.0,67,922,2079
4273.0,11,15180,2023
4283.0,117,924,2129
4346.0,2051,8202,4063
7590.0,103,6824,2115
294.0,487,91556,2499
295.0,188,52043,2200
295.0,215,242078,2227
296.0,60,8127,2072
484.0,325,611,2337
485.0,279,1172,2291
755.0,72,3768,2084
764.0,64,66158,2076
808.0,18,36596,2030
854.0,295,4529,2307
871.0,199,213,2211
1070.0,174,248,2186
1244.0,1044,305,3056
2288.0,74,3111,2086
2361.0,1617,2122,3629
3955.0,73,1900,2085
3977.0,51,47670,2063
4027.0,205,936,2217
4232.0,88,922,2100
4269.0,15,15180,2027
4319.0,125,924,2137
4387.0,3186,8203,5198
7736.0,32,6824,2044
298.0,480,91556,2492
298.0,213,52043,2225
299.0,212,242078,2224
300.0,210,8127,2222
508.0,286,611,2298
509.0,20,1172,2032
659.0,17,3768,2029
712.0,200,66158,2212
793.0,3,36596,2015
818.0,269,4529,2281
903.0,235,213,2247
1138.0,1026,248,3038
2163.0,179,305,2191
2341.0,14,3111,2026
2354.0,1684,2122,3696
4014.0,39,1900,2051
4036.0,47,47670,2059
4082.0,222,935,2234
4303.0,55,922,2067
4334.0,6,15180,2018
4357.0,118,924,2130
4421.0,2147,8080,4159
7787.0,37,6824,2049
402.0,494,91556,2506
403.0,96,52043,2108
403.0,95,242078,2107
404.0,90,8127,2102
405.0,65,611,2077
407.0,212,1172,2224
496.0,122,3768,2134
880.0,92,66158,2104
923.0,48,36596,2060
997.0,294,4529,2306
1016.0,197,213,2209
1212.0,174,248,2186
1386.0,852,305,2864
2237.0,20,3111,2032
2256.0,533,2122,2545
2763.0,75,1900,2087
2787.0,50,47670,2062
2837.0,1149,936,3161
3985.0,75,922,2087
4059.0,196,924,2208
4155.0,107,15180,2119
4198.0,1902,8283,3914
7109.0,20,6824,2032
301.0,498,91556,2510
302.0,187,52043,2199
302.0,184,242078,2196
303.0,186,8127,2198
487.0,282,611,2294
488.0,281,1172,2293
763.0,57,3768,2069
768.0,51,66158,2063
818.0,4,36596,2016
862.0,308,4529,2320
880.0,211,213,2223
1090.0,173,248,2185
1262.0,1022,305,3034
2284.0,7,3111,2019
2291.0,1547,2122,3559
3814.0,69,1900,2081
3836.0,47,47670,2059
3882.0,162,935,2174
4043.0,113,922,2125
4089.0,55,15180,2067
4155.0,119,924,2131
4218.0,1997,8480,4009
7297.0,89,6824,2101
296.0,469,91556,2481
296.0,67,52043,2079
297.0,92,242078,2104
298.0,90,8127,2102
512.0,280,611,2292
513.0,15,1172,2027
744.0,51,3768,2063
750.0,45,66158,2057
791.0,4,36596,2016
818.0,168,4529,2180
836.0,213,213,2225
1041.0,1069,248,3081
2109.0,165,305,2177
2273.0,7,3111,2019
2279.0,1693,2122,3705
3948.0,49,1900,2061
3970.0,50,47670,2062
4020.0,217,935,2229
4235.0,74,922,2086
4296.0,8,15180,2020
4309.0,126,924,2138
4380.0,2094,8481,4106
7675.0,43,6824,2055
301.0,525,91556,2537
301.0,94,52043,2106
302.0,93,242078,2105
303.0,91,8127,2103
304.0,92,611,2104
305.0,92,1172,2104
528.0,11,3768,2023
826.0,50,66158,2062
873.0,65,36596,2077
898.0,299,4529,2311
915.0,200,213,2212
1115.0,171,248,2183
1286.0,1383,305,3395
2668.0,14,3111,2026
2681.0,1422,2122,3434
4082.0,288,1900,2300
4103.0,266,47670,2278
4369.0,133,936,2145
4501.0,60,922,2072
4504.0,14,15180,2026
4560.0,120,924,2132
4622.0,1042,8481,3054
5855.0,54,6824,2066
382.0,514,91556,2526
383.0,67,52043,2079
384.0,92,242078,2104
385.0,66,8127,2078
476.0,141,611,2153
477.0,139,1172,2151
618.0,10,3768,2022
877.0,78,66158,2090
926.0,30,36596,2042
979.0,296,4529,2308
996.0,204,213,2216
1200.0,172,248,2184
1372.0,1083,305,3095
2454.0,22,3111,2034
2476.0,1762,2122,3774
4216.0,62,1900,2074
4237.0,63,47670,2075
4299.0,184,936,2196
4482.0,116,922,2128
4536.0,10,15180,2022
4597.0,200,924,2212
4740.0,2199,8706,4211
8251.0,143,6824,2155
300.0,516,91556,2528
301.0,71,52043,2083
301.0,72,242078,2084
303.0,69,8127,2081
304.0,496,611,2508
304.0,230,1172,2242
533.0,11,3768,2023
800.0,50,66158,2062
846.0,60,36596,2072
872.0,280,4529,2292
889.0,190,213,2202
1078.0,178,248,2190
1256.0,1511,305,3523
2767.0,19,3111,2031
2784.0,527,2122,2539
3287.0,79,1900,2091
3310.0,50,47670,2062
3360.0,1018,936,3030
4377.0,103,922,2115
4479.0,127,924,2139
4507.0,102,15180,2114
4549.0,2311,8706,4323
8056.0,56,6824,2068
327.0,470,91556,2482
327.0,201,52043,2213
328.0,200,242078,2212
329.0,173,8127,2185
529.0,12,611,2024
530.0,15,1172,2027
682.0,15,3768,2027
745.0,7,66158,2019
812.0,3,36596,2015
837.0,305,4529,2317
856.0,216,213,2228
1071.0,994,248,3006
2064.0,170,305,2182
2234.0,5,3111,2017
2239.0,386,2122,2398
2601.0,1270,1900,3282
2623.0,1244,47670,3256
3866.0,110,936,2122
3976.0,61,921,2073
4037.0,141,924,2153
4122.0,1954,8587,3966
4219.0,41,15180,2053
7122.0,226,6824,2238
309.0,473,91556,2485
309.0,198,52043,2210
313.0,223,242078,2235
314.0,194,8127,2206
509.0,291,611,2303
510.0,37,1172,2049
649.0,97,3768,2109
729.0,2,66158,2014
799.0,4,36596,2016
825.0,298,4529,2310
842.0,216,213,2228
1058.0,1057,248,3069
2114.0,188,305,2200
2301.0,11,3111,2023
2312.0,1543,2122,3555
3832.0,87,1900,2099
3853.0,100,47670,2112
3952.0,148,936,2160
4099.0,79,922,2091
4154.0,14,15180,2026
4178.0,121,924,2133
4241.0,2024,8608,4036
7500.0,94,6824,2106
290.0,544,91556,2556
290.0,95,52043,2107
291.0,95,242078,2107
292.0,93,8127,2105
293.0,94,611,2106
294.0,93,1172,2105
520.0,11,3768,2023
814.0,48,66158,2060
860.0,3,36596,2015
887.0,299,4529,2311
905.0,197,213,2209
1101.0,186,248,2198
1287.0,1103,305,3115
2389.0,17,3111,2029
2405.0,427,2122,2439
2809.0,74,1900,2086
2831.0,51,47670,2063
2881.0,80,936,2092
2961.0,56,922,2068
2964.0,8,15180,2020
3016.0,1696,924,3708
4657.0,2340,8252,4352
7756.0,59,6824,2071
301.0,579,91556,2591
301.0,107,52043,2119
302.0,81,242078,2093
303.0,105,8127,2117
304.0,103,611,2115
304.0,103,1172,2115
542.0,14,3768,2026
860.0,57,66158,2069
913.0,4,36596,2016
941.0,295,4529,2307
958.0,207,213,2219
1164.0,172,248,2184
1336.0,1322,305,3334
2658.0,15,3111,2027
2672.0,481,2122,2493
3130.0,54,1900,2066
3152.0,52,47670,2064
3203.0,131,936,2143
3333.0,1508,922,3520
3339.0,24,15180,2036
4840.0,142,924,2154
4925.0,2486,8233,4498
8235.0,32,6824,2044
303.0,585,91556,2597
304.0,73,52043,2085
304.0,98,242078,2110
307.0,94,8127,2106
308.0,68,611,2080
309.0,93,1172,2105
539.0,14,3768,2026
873.0,49,66158,2061
917.0,6,36596,2018
945.0,292,4529,2304
962.0,204,343,2216
1166.0,173,248,2185
1339.0,1445,2634,3457
2783.0,53,47670,2065
2835.0,412,935,2424
3247.0,102,922,2114
3348.0,145,924,2157
3394.0,106,15180,2118
3436.0,1175,8454,3187
4726.0,11,6824,2023
441.0,441,91556,2453
442.0,105,52043,2117
443.0,105,242078,2117
444.0,102,8127,2114
448.0,101,611,2113
451.0,250,1172,2262
455.0,246,3768,2258
882.0,64,66158,2076
913.0,31,36596,2043
970.0,160,4529,2172
988.0,228,213,2240
1216.0,178,248,2190
1393.0,1285,305,3297
2677.0,28,3111,2040
2704.0,1678,2122,3690
4360.0,70,1900,2082
4381.0,45,47670,2057
4425.0,161,936,2173
4585.0,81,922,2093
4631.0,40,15180,2052
4666.0,127,924,2139
4734.0,2387,8389,4399
8479.0,74,6824,2086
299.0,483,91556,2495
300.0,209,52043,2221
301.0,210,242078,2222
302.0,235,8127,2247
511.0,287,611,2299
512.0,43,1172,2055
549.0,120,3768,2132
717.0,2,66158,2014
797.0,4,36596,2016
824.0,301,4529,2313
841.0,210,213,2222
1051.0,1260,248,3272
2310.0,211,305,2223
2521.0,22,3111,2034
2542.0,333,2122,2345
2851.0,1487,1900,3499
2873.0,1464,47670,3476
4337.0,108,936,2120
4443.0,69,922,2081
4511.0,156,924,2168
4578.0,91,15180,2103
4610.0,2479,8389,4491
8462.0,47,6824,2059
297.0,506,91556,2518
297.0,200,52043,2212
298.0,199,242078,2211
299.0,199,8127,2211
494.0,299,611,2311
495.0,299,1172,2311
796.0,55,3768,2067
847.0,4,36596,2016
875.0,274,4529,2286
1146.0,34,66158,2046
1171.0,985,213,2997
2155.0,167,248,2179
2322.0,152,305,2164
2473.0,11,3111,2023
2483.0,1599,2122,3611
4061.0,100,1900,2112
4081.0,107,47670,2119
4187.0,1340,936,3352
5526.0,67,922,2079
5592.0,133,924,2145
5630.0,184,15180,2196
5668.0,2305,8389,4317
8611.0,30,6824,2042
291.0,459,91556,2471
292.0,234,52043,2246
293.0,69,242078,2081
294.0,232,8127,2244
523.0,378,611,2390
525.0,272,1172,2284
749.0,50,3768,2062
750.0,109,66158,2121
795.0,3,36596,2015
822.0,288,4529,2300
900.0,195,213,2207
1094.0,1154,248,3166
2248.0,182,305,2194
2429.0,52,3111,2064
2481.0,1700,2122,3712
4158.0,58,1900,2070
4179.0,60,47670,2072
4238.0,1227,936,3239
5464.0,124,922,2136
5505.0,38,15180,2050
5587.0,127,924,2139
5658.0,2386,8257,4398
9018.0,57,6824,2069
299.0,520,91556,2532
300.0,102,52043,2114
301.0,101,242078,2113
302.0,101,8127,2113
549.0,13,611,2025
549.0,13,1172,2025
551.0,11,3768,2023
804.0,47,66158,2059
848.0,4,36596,2016
875.0,314,4529,2326
893.0,214,213,2226
1106.0,176,248,2188
1282.0,1476,305,3488
2758.0,20,3111,2032
2776.0,487,2122,2499
3239.0,79,1900,2091
3262.0,52,47670,2064
3313.0,1410,936,3422
4722.0,107,922,2119
4827.0,143,924,2155
4866.0,108,15180,2120
4913.0,2506,8086,4518
8510.0,50,6824,2062
307.0,471,91556,2483
307.0,241,52043,2253
308.0,240,242078,2252
309.0,238,8127,2250
364.0,350,611,2362
367.0,179,1172,2191
558.0,184,3768,2196
742.0,3,66158,2015
794.0,62,36596,2074
819.0,292,4529,2304
837.0,207,213,2219
1044.0,174,248,2186
1218.0,1270,305,3282
2487.0,118,3111,2130
2604.0,1779,2122,3791
4360.0,81,1900,2093
4381.0,59,47670,2071
4440.0,161,936,2173
4600.0,131,922,2143
4656.0,31,15180,2043
4730.0,123,924,2135
4796.0,3737,8035,5749
8708.0,155,6824,2167
295.0,554,91556,2566
296.0,74,52043,2086
297.0,72,242078,2084
298.0,72,8127,2084
299.0,251,611,2263
299.0,250,1172,2262
545.0,15,3768,2027
834.0,50,66158,2062
881.0,56,36596,2068
907.0,297,4529,2309
925.0,205,213,2217
1129.0,177,248,2189
1306.0,1431,305,3443
2737.0,22,3111,2034
2758.0,536,2122,2548
3270.0,71,1900,2083
3292.0,48,47670,2060
3339.0,1264,936,3276
4602.0,108,922,2120
4710.0,133,924,2145
4785.0,2624,8118,4636
4873.0,109,15180,2121
8723.0,54,6824,2066
306.0,527,91556,2539
307.0,104,52043,2116
307.0,102,242078,2114
308.0,102,8127,2114
309.0,238,611,2250
310.0,101,1172,2113
552.0,11,3768,2023
832.0,54,66158,2066
883.0,4,36596,2016
909.0,304,4529,2316
927.0,214,213,2226
1140.0,181,248,2193
1321.0,977,305,2989
2298.0,12,3111,2024
2309.0,477,2122,2489
2764.0,72,1900,2084
2786.0,49,47670,2061
2834.0,404,936,2416
3237.0,81,922,2093
3306.0,16,15180,2028
3318.0,132,924,2144
3382.0,2300,8410,4312
17580.0,22,6824,2034
659.0,420,91556,2432
660.0,54,52043,2066
660.0,53,242078,2065
661.0,52,8127,2064
662.0,265,611,2277
663.0,51,1172,2063
780.0,148,3768,2160
1033.0,8,66158,2020
1095.0,3,36596,2015
1120.0,1085,4529,3097
1138.0,1081,213,3093
2218.0,182,248,2194
2399.0,443,305,2455
2842.0,1189,3111,3201
4029.0,507,2122,2519
4512.0,61,1900,2073
4534.0,57,47670,2069
4590.0,978,936,2990
5567.0,83,922,2095
5636.0,22,15180,2034
5649.0,146,924,2158
5725.0,2535,8410,4547
9626.0,106,6824,2118
307.0,468,91556,2480
307.0,220,52043,2232
308.0,221,242078,2233
309.0,219,8127,2231
555.0,18,611,2030
556.0,19,1172,2031
558.0,16,3768,2028
741.0,2,66158,2014
790.0,3,36596,2015
815.0,177,4529,2189
832.0,219,213,2231
1051.0,1510,248,3522
2560.0,428,305,2440
2988.0,21,3111,2033
3004.0,1843,2122,3855
4824.0,115,1900,2127
4845.0,87,47670,2099
4931.0,156,936,2168
5086.0,82,921,2094
5156.0,18,15180,2030
5168.0,141,924,2153
5237.0,2598,8465,4610
9311.0,57,6824,2069
360.0,550,91556,2562
360.0,102,52043,2114
361.0,101,242078,2113
362.0,100,8127,2112
613.0,24,611,2036
614.0,24,1178,2036
617.0,277,3768,2289
893.0,50,66158,2062
940.0,59,36596,2071
967.0,322,4529,2334
985.0,204,213,2216
1188.0,182,248,2194
1370.0,1702,305,3714
3072.0,21,3111,2033
3092.0,431,2122,2443
3497.0,83,1900,2095
3521.0,54,47670,2066
3574.0,82,936,2094
3656.0,1982,922,3994
5573.0,73,15180,2085
5637.0,157,924,2169
5723.0,1160,8526,3172
9568.0,33,6824,2045
302.0,479,91556,2491
302.0,254,52043,2266
303.0,249,242078,2261
304.0,253,8127,2265
552.0,311,611,2323
553.0,20,1178,2032
556.0,137,3768,2149
714.0,27,66158,2039
796.0,3,36596,2015
821.0,176,4529,2188
849.0,200,213,2212
1048.0,1584,248,3596
2632.0,429,305,2441
3060.0,25,3111,2037
3085.0,1918,2122,3930
4980.0,90,1900,2102
5001.0,105,47670,2117
5105.0,143,936,2155
5247.0,77,922,2089
5313.0,18,15180,2030
5324.0,139,922,2151
5390.0,2716,8526,4728
9648.0,81,6824,2093
301.0,509,91556,2521
301.0,73,52043,2085
302.0,97,242078,2109
303.0,70,8127,2082
544.0,314,611,2326
545.0,19,1178,2031
554.0,255,3768,2267
808.0,128,66158,2140
857.0,81,36596,2093
903.0,263,4529,2275
925.0,214,711,2226
1138.0,182,248,2194
1319.0,1410,5530,3422
2728.0,99,801,2111
2826.0,150,47670,2162
2976.0,369,936,2381
3344.0,1293,922,3305
3403.0,1240,15180,3252
4636.0,168,924,2180
4735.0,1796,8110,3808
9092.0,41,6824,2053
297.0,627,91556,2639
298.0,74,52043,2086
298.0,74,242078,2086
299.0,72,8127,2084
300.0,98,611,2110
301.0,97,1178,2109
551.0,20,3768,2032
924.0,30,66158,2042
952.0,4,36596,2016
979.0,307,4529,2319
996.0,201,213,2213
1197.0,182,248,2194
1378.0,1760,305,3772
3137.0,195,3111,2207
3332.0,1761,2122,3773
5070.0,74,1900,2086
5091.0,52,47670,2064
5142.0,178,936,2190
5320.0,65,922,2077
5336.0,23,15180,2035
5384.0,130,924,2142
5447.0,2642,8445,4654
9646.0,75,6824,2087
306.0,463,91556,2475
306.0,250,52043,2262
307.0,250,242078,2262
308.0,249,8127,2261
558.0,150,611,2162
559.0,155,1178,2167
561.0,147,3768,2159
741.0,7,66158,2019
784.0,60,36596,2072
810.0,305,4529,2317
827.0,204,213,2216
1030.0,178,248,2190
1208.0,1451,5927,3463
2657.0,151,801,2163
2807.0,299,47670,2311
3105.0,119,936,2131
3223.0,1366,922,3378
3272.0,1319,15180,3331
4589.0,164,924,2176
4685.0,1658,8473,3670
9087.0,77,6824,2089
307.0,533,91556,2545
308.0,75,52043,2087
308.0,75,242078,2087
310.0,100,8127,2112
560.0,281,611,2293
560.0,20,1178,2032
563.0,12,3768,2024
841.0,91,66158,2103
866.0,7,36596,2019
895.0,268,4529,2280
922.0,205,213,2217
1126.0,178,248,2190
1304.0,1555,305,3567
2858.0,533,3111,2545
3390.0,774,2122,2786
4143.0,85,1900,2097
4163.0,63,47670,2075
4226.0,150,936,2162
4375.0,88,922,2100
4420.0,34,15180,2046
4462.0,149,924,2161
4544.0,2459,8276,4471
9005.0,974,6824,2986
306.0,550,91556,2562
307.0,96,52043,2108
307.0,71,242078,2083
308.0,94,8127,2106
559.0,13,611,2025
560.0,13,1178,2025
563.0,11,3768,2023
836.0,115,66158,2127
886.0,3,36596,2015
913.0,278,4529,2290
939.0,213,213,2225
1152.0,179,248,2191
1331.0,1482,305,3494
2812.0,19,3111,2031
2830.0,513,2122,2525
3319.0,79,1900,2091
3341.0,56,47670,2068
3396.0,1705,936,3717
5100.0,104,922,2116
5204.0,164,924,2176
5300.0,1581,8276,3593
5436.0,56,15180,2068
9622.0,44,6824,2056
296.0,483,91556,2495
297.0,231,52043,2243
297.0,256,242078,2268
298.0,229,8127,2241
525.0,187,611,2199
526.0,185,1178,2197
565.0,178,3768,2190
743.0,205,66158,2217
794.0,33,36596,2045
820.0,271,4529,2283
937.0,249,213,2261
1185.0,1507,248,3519
2691.0,573,305,2585
3263.0,49,3111,2061
3312.0,1303,2122,3315
4593.0,124,1900,2136
4614.0,102,47670,2114
4715.0,172,936,2184
4886.0,96,922,2108
4926.0,9,15180,2021
4981.0,143,924,2155
5051.0,2865,8276,4877
10029.0,52,6824,2064
313.0,508,91556,2520
313.0,257,52043,2269
314.0,256,242078,2268
315.0,256,8127,2268
572.0,271,611,2283
575.0,17,1178,2029
577.0,15,3768,2027
822.0,24,66158,2036
840.0,7,36596,2019
873.0,326,4529,2338
891.0,234,213,2246
1125.0,174,248,2186
1298.0,1913,305,3925
3211.0,20,3111,2032
3230.0,1732,2122,3744
4940.0,121,1900,2133
4961.0,92,47670,2104
5052.0,160,935,2172
5211.0,109,922,2121
5275.0,16,15180,2028
5319.0,162,924,2174
5405.0,4516,8277,6528
10567.0,54,6824,2066
300.0,621,91556,2633
301.0,100,52043,2112
301.0,75,242078,2087
302.0,98,8127,2110
304.0,99,611,2111
304.0,97,1178,2109
554.0,20,3768,2032
922.0,31,66158,2043
950.0,4,36596,2016
976.0,302,4529,2314
994.0,214,213,2226
1207.0,180,248,2192
1387.0,1605,305,3617
2990.0,14,3111,2026
3004.0,485,2122,2497
3465.0,53,1900,2065
3488.0,53,47670,2065
3540.0,1762,935,3774
5301.0,89,922,2101
5390.0,158,924,2170
5478.0,2784,8429,4796
5616.0,64,15180,2076
9429.0,52,6824,2064
302.0,561,91556,2573
302.0,76,52043,2088
303.0,74,242078,2086
304.0,98,8127,2110
564.0,14,611,2026
565.0,19,1178,2031
567.0,11,3768,2023
863.0,33,66158,2045
891.0,5,36596,2017
920.0,301,4529,2313
937.0,198,213,2210
1135.0,178,248,2190
1312.0,1891,305,3903
3202.0,19,3111,2031
3221.0,580,2122,2592
3777.0,75,1900,2087
3800.0,51,47670,2063
3851.0,123,936,2135
3973.0,2051,922,4063
3976.0,10,15180,2022
6023.0,158,924,2170
6112.0,1175,8429,3187
10031.0,438,6824,2450
310.0,531,91556,2543
311.0,76,52043,2088
311.0,265,242078,2277
312.0,74,8127,2086
379.0,197,611,2209
384.0,193,1178,2205
578.0,267,3768,2279
845.0,23,66158,2035
897.0,69,36596,2081
911.0,290,4529,2302
929.0,196,213,2208
1125.0,178,248,2190
1303.0,1612,305,3624
2914.0,131,3111,2143
3045.0,2080,2122,4092
5102.0,51,1900,2063
5123.0,68,47670,2080
5190.0,167,936,2179
5355.0,120,922,2132
5405.0,61,15180,2073
5475.0,133,924,2145
5540.0,2947,8558,4959
10089.0,115,6824,2127
300.0,590,91556,2602
300.0,98,52043,2110
301.0,72,242078,2084
302.0,96,8127,2108
563.0,311,611,2323
564.0,21,1178,2033
566.0,19,3768,2031
890.0,32,66158,2044
919.0,61,36596,2073
947.0,312,4529,2324
964.0,213,213,2225
1176.0,181,248,2193
1357.0,1772,305,3784
3128.0,18,3111,2030
3145.0,455,2122,2467
3576.0,47,1900,2059
3599.0,54,47670,2066
3652.0,2139,936,4151
5790.0,94,922,2106
5883.0,166,924,2178
5982.0,1420,8396,3432
6125.0,45,15180,2057
10401.0,36,6824,2048
302.0,652,91556,2664
303.0,103,52043,2115
303.0,103,242078,2115
304.0,77,8127,2089
305.0,102,611,2114
306.0,101,1178,2113
571.0,15,3768,2027
981.0,3,36596,2015
1027.0,270,4529,2282
4236.0,41,66158,2053
4266.0,220,213,2232
4486.0,180,248,2192
4666.0,1603,305,3615
6268.0,75,3111,2087
6342.0,390,2122,2402
6707.0,59,1900,2071
6730.0,59,47670,2071
6789.0,75,936,2087
6863.0,55,922,2067
6866.0,9,15180,2021
6916.0,144,924,2156
6982.0,2743,8399,4755
12447.0,616,6824,2628
294.0,471,91556,2483
294.0,246,52043,2258
295.0,245,242078,2257
296.0,244,8127,2256
363.0,172,611,2184
366.0,170,1178,2182
538.0,228,3768,2240
765.0,102,66158,2114
819.0,107,36596,2119
833.0,272,4529,2284
856.0,275,213,2287
1131.0,1644,248,3656
2774.0,433,305,2445
3205.0,29,3111,2041
3233.0,2084,2122,4096
5290.0,111,1900,2123
5316.0,110,47670,2122
5426.0,133,936,2145
5558.0,97,922,2109
5595.0,40,15180,2052
5655.0,143,924,2155
5721.0,3011,8687,5023
10366.0,34,6824,2046
308.0,482,91556,2494
309.0,244,52043,2256
309.0,268,242078,2280
310.0,267,8127,2279
548.0,298,611,2310
549.0,39,1178,2051
722.0,124,3768,2136
746.0,206,66158,2218
806.0,3,36596,2015
833.0,170,4529,2182
941.0,261,213,2273
1201.0,1604,248,3616
2805.0,432,305,2444
3236.0,44,3111,2056
3280.0,2051,2122,4063
5307.0,93,1900,2105
5330.0,100,47670,2112
5428.0,155,936,2167
5583.0,80,922,2092
5653.0,13,15180,2025
5662.0,141,924,2153
5729.0,3011,8584,5023
10525.0,84,6824,2096
392.0,640,91556,2652
393.0,287,52043,2299
394.0,286,242078,2298
395.0,81,8127,2093
467.0,547,611,2559
471.0,207,1178,2219
474.0,201,3768,2213
1015.0,74,66158,2086
1056.0,96,36596,2108
1115.0,296,4529,2308
1134.0,210,213,2222
1344.0,1655,248,3667
2998.0,432,305,2444
3429.0,30,3111,2042
3459.0,2182,2122,4194
5618.0,116,1900,2128
5640.0,112,47670,2124
5751.0,128,936,2140
5879.0,119,922,2131
5937.0,18,15180,2030
5997.0,148,924,2160
6066.0,3229,8605,5241
11001.0,92,6824,2104
303.0,709,91556,2721
303.0,104,52043,2116
304.0,79,242078,2091
305.0,103,8127,2115
306.0,689,611,2701
307.0,102,1178,2114
594.0,16,3768,2028
996.0,107,66158,2119
1044.0,34,36596,2046
1071.0,300,4529,2312
1092.0,428,213,2440
1519.0,1994,248,4006
3513.0,1727,305,3739
5239.0,20,3111,2032
5259.0,438,2122,2450
5672.0,82,1900,2094
5696.0,59,47670,2071
5753.0,79,936,2091
5832.0,1725,922,3737
5837.0,2,15180,2014
7557.0,181,922,2193
7659.0,3534,8605,5546
12234.0,81,6824,2093
