800	3
850	18
900	55
950	63
1000	106
1050	91
1100	73
1150	33
1200	25
1250	11
1300	8
1350	7
1400	8
1450	3
1500	7
1550	12
1600	16
1650	9
1700	13
1750	8
1800	7
1850	12
1900	9
1950	6
2000	11
2050	9
2100	10
2150	7
2200	9
2250	5
2300	6
2350	11
2400	7
2450	7
2500	8
2550	8
2600	1
2650	5
2700	2
2750	5
2800	3
2850	6
2900	8
2950	2
3000	7
3050	5
3100	10
3150	8
3200	4
3250	4
3300	2
3350	9
3400	0
3450	4
3500	1
3550	9
3600	7
3650	5
3700	4
3750	1
3800	3
3850	0
3900	2
3950	3
4000	8
4050	4
4100	1
4150	2
4200	4
4250	8
4300	1
4350	2
4400	2
4450	3
4500	3
4550	2
4600	3
4650	4
4700	6
4750	4
4800	3
4850	3
4900	3
4950	2
5000	3
5050	5
5100	1
5150	3
5200	3
5250	4
5300	6
5350	3
5400	3
5450	3
5500	0
5550	5
5600	0
5650	2
5700	3
5750	3
5800	1
5850	4
5900	5
5950	3
6000	2
6050	4
6100	1
6150	2
6200	0
6250	4
6300	6
6350	5
6400	7
6450	7
6500	2
6550	2
6600	1
6650	2
6700	2
6750	2
6800	4
6850	9
6900	3
6950	0
7000	0
7050	6
7100	7
7150	3
7200	1
7250	3
7300	2
7350	0
7400	1
7450	3
7500	6
7550	5
7600	0
7650	0
7700	4
7750	1
7800	1
7850	3
7900	3
7950	4
8000	3
8050	1
8100	1
8150	2
8200	2
8250	1
8300	3
8350	2
8400	1
8450	3
8500	1
8550	0
8600	0
8650	0
8700	3
8750	0
8800	1
8850	1
8900	2
8950	2
9000	0
9050	0
9100	1
9150	2
9200	0
9250	1
9300	1
9350	3
9400	1
9450	1
9500	1
9550	1
9600	1
9650	0
9700	0
9750	0
9800	1
9850	2
9900	0
9950	0
10000	2
10050	1
10100	0
10150	0
10200	0
10250	0
10300	0
10350	0
10400	0
10450	0
10500	0
10550	0
10600	0
10650	1
