0	1499
2000	645
4000	93
6000	374
8000	186
10000	372
12000	0
14000	186
16000	372
18000	0
20000	0
22000	1
24000	186
26000	93
28000	279
30000	0
32000	93
34000	93
36000	0
38000	0
40000	0
42000	0
44000	0
46000	0
48000	93
50000	0
52000	0
54000	0
56000	0
58000	0
60000	0
62000	0
64000	0
66000	0
68000	93
70000	0
72000	0
74000	0
76000	0
78000	0
80000	0
82000	0
84000	0
86000	0
88000	0
90000	0
92000	0
94000	0
96000	0
98000	93
1e+05	0
102000	0
104000	0
106000	0
108000	0
110000	0
112000	93
114000	0
116000	0
118000	0
120000	0
122000	0
124000	0
126000	0
128000	0
130000	0
132000	93
