starttime,duration,size,total
378.0,469,33591,847.0
380.0,460,754,840.0
381.0,526,253920,907.0
912.0,290,1020,1202.0
919.0,528,1018,1447.0
931.0,524,1018,1455.0
991.0,194,36596,1185.0
1053.0,727,7069,1780.0
1503.0,288,1018,1791.0
404.0,56,33591,460.0
406.0,133,754,539.0
407.0,217,253920,624.0
491.0,217,1018,708.0
499.0,216,1016,715.0
535.0,519,1016,1054.0
595.0,130,36596,725.0
773.0,71,7069,844.0
1678.0,171,1016,1849.0
433.0,105,33591,538.0
434.0,196,754,630.0
435.0,252,253920,687.0
522.0,492,1018,1014.0
529.0,480,1016,1009.0
626.0,393,1016,1019.0
697.0,61,36596,758.0
764.0,275,7069,1039.0
1747.0,318,1016,2065.0
385.0,102,33591,487.0
387.0,129,754,516.0
388.0,215,253920,603.0
471.0,243,1018,714.0
478.0,243,1016,721.0
513.0,461,1016,974.0
573.0,152,36596,725.0
754.0,249,7069,1003.0
1086.0,270,1016,1356.0
374.0,54,33591,428.0
376.0,131,754,507.0
377.0,216,253920,593.0
460.0,252,1022,712.0
467.0,511,1020,978.0
503.0,482,1020,985.0
563.0,156,36596,719.0
758.0,261,7069,1019.0
1676.0,206,1020,1882.0
367.0,54,33591,421.0
368.0,124,754,492.0
369.0,209,253920,578.0
452.0,551,1020,1003.0
459.0,536,1018,995.0
488.0,520,1018,1008.0
549.0,209,36596,758.0
764.0,264,7069,1028.0
1847.0,199,1018,2046.0
379.0,116,33591,495.0
380.0,123,754,503.0
381.0,209,253920,590.0
479.0,539,1022,1018.0
487.0,524,1020,1011.0
500.0,523,1020,1023.0
559.0,165,36596,724.0
759.0,285,7069,1044.0
1813.0,244,1020,2057.0
377.0,104,33591,481.0
378.0,161,754,539.0
379.0,250,253920,629.0
464.0,284,1018,748.0
472.0,271,1016,743.0
534.0,459,1016,993.0
599.0,115,36596,714.0
753.0,267,7069,1020.0
1475.0,413,1016,1888.0
365.0,56,33591,421.0
367.0,220,754,587.0
367.0,112,253920,479.0
453.0,283,1017,736.0
460.0,266,1015,726.0
495.0,531,1015,1026.0
554.0,231,36596,785.0
791.0,258,7069,1049.0
1763.0,216,1015,1979.0
370.0,106,33591,476.0
371.0,220,754,591.0
372.0,115,253920,487.0
459.0,288,1019,747.0
467.0,310,1017,777.0
501.0,504,1017,1005.0
561.0,191,36596,752.0
782.0,256,7069,1038.0
1578.0,315,1017,1893.0
379.0,60,33591,439.0
381.0,130,754,511.0
382.0,216,253920,598.0
471.0,331,1018,802.0
478.0,271,1016,749.0
507.0,531,1016,1038.0
568.0,192,36596,760.0
811.0,257,7069,1068.0
1763.0,426,1016,2189.0
376.0,62,33591,438.0
377.0,132,754,509.0
378.0,218,253920,596.0
468.0,290,1020,758.0
476.0,320,1018,796.0
506.0,560,1018,1066.0
567.0,201,36596,768.0
803.0,56,7069,859.0
1804.0,460,1018,2264.0
374.0,107,33591,481.0
375.0,133,754,508.0
466.0,466,1018,932.0
473.0,452,1016,925.0
494.0,426,253920,920.0
504.0,432,1016,936.0
1008.0,52,36596,1060.0
1069.0,43,7069,1112.0
2026.0,209,1016,2235.0
369.0,63,33591,432.0
429.0,52,754,481.0
430.0,51,253920,481.0
513.0,610,1022,1123.0
521.0,595,1020,1116.0
534.0,576,1020,1110.0
593.0,172,36596,765.0
738.0,1077,7069,1815.0
1151.0,1096,1020,2247.0
383.0,123,33591,506.0
385.0,216,754,601.0
385.0,80,253920,465.0
490.0,543,1018,1033.0
498.0,542,1016,1040.0
512.0,534,1016,1046.0
571.0,183,36596,754.0
785.0,261,7069,1046.0
1813.0,699,1016,2512.0
380.0,75,33591,455.0
443.0,14,754,457.0
444.0,12,253920,456.0
489.0,755,1018,1244.0
497.0,735,1016,1232.0
508.0,731,1016,1239.0
568.0,266,36596,834.0
811.0,30,7069,841.0
1940.0,484,1016,2424.0
368.0,111,33591,479.0
370.0,138,754,508.0
371.0,226,253920,597.0
464.0,322,1022,786.0
472.0,309,1020,781.0
504.0,557,1020,1061.0
566.0,222,36596,788.0
833.0,259,7069,1092.0
1970.0,549,1020,2519.0
364.0,224,33591,588.0
365.0,83,754,448.0
428.0,32,253920,460.0
476.0,626,1018,1102.0
483.0,624,1016,1107.0
495.0,601,1016,1096.0
555.0,243,36596,798.0
828.0,55,7069,883.0
1927.0,748,1016,2675.0
450.0,114,33591,564.0
451.0,227,754,678.0
452.0,122,253920,574.0
548.0,314,1018,862.0
555.0,226,1016,781.0
585.0,481,1016,1066.0
646.0,124,36596,770.0
822.0,245,7069,1067.0
1908.0,788,1016,2696.0
378.0,125,33591,503.0
379.0,132,754,511.0
487.0,390,1018,877.0
495.0,388,1016,883.0
508.0,372,1016,880.0
905.0,145,253920,1050.0
1014.0,80,36596,1094.0
1055.0,16,7069,1071.0
1879.0,395,1016,2274.0
363.0,115,33591,478.0
364.0,267,754,631.0
365.0,169,253920,534.0
461.0,397,1022,858.0
468.0,385,1020,853.0
540.0,307,1020,847.0
600.0,46,36596,646.0
802.0,268,7069,1070.0
1990.0,820,1020,2810.0
365.0,69,33591,434.0
366.0,141,754,507.0
367.0,227,253920,594.0
465.0,385,1018,850.0
473.0,373,1016,846.0
503.0,337,1016,840.0
564.0,96,36596,660.0
857.0,269,7069,1126.0
2150.0,443,1016,2593.0
368.0,131,33591,499.0
369.0,225,754,594.0
370.0,88,253920,458.0
484.0,384,1018,868.0
491.0,371,1016,862.0
505.0,353,1016,858.0
564.0,94,36596,658.0
885.0,336,7069,1221.0
1147.0,1212,1016,2359.0
365.0,121,33591,486.0
367.0,143,754,510.0
368.0,234,253920,602.0
470.0,238,1017,708.0
478.0,226,1015,704.0
507.0,359,1015,866.0
571.0,100,36596,671.0
884.0,241,7069,1125.0
2336.0,555,1015,2891.0
975.0,137,33591,1112.0
976.0,145,754,1121.0
977.0,232,253920,1209.0
1096.0,479,1022,1575.0
1103.0,465,1020,1568.0
1118.0,463,1020,1581.0
1179.0,93,36596,1272.0
1319.0,262,7069,1581.0
3382.0,1173,1020,4555.0
463.0,123,33591,586.0
464.0,282,754,746.0
464.0,122,253920,586.0
569.0,462,1022,1031.0
577.0,448,1020,1025.0
686.0,334,1020,1020.0
781.0,269,36596,1050.0
1065.0,66,7069,1131.0
2341.0,577,1020,2918.0
373.0,122,33591,495.0
375.0,204,754,579.0
375.0,132,253920,507.0
376.0,271,1847,647.0
479.0,331,1018,810.0
487.0,320,1016,807.0
518.0,578,1016,1096.0
841.0,316,36596,1157.0
1120.0,74,7069,1194.0
2279.0,479,1016,2758.0
894.0,124,33591,1018.0
896.0,236,754,1132.0
896.0,133,253920,1029.0
1001.0,236,1022,1237.0
1009.0,499,1020,1508.0
1039.0,460,1020,1499.0
1102.0,96,36596,1198.0
1252.0,239,7069,1491.0
2114.0,1263,1020,3377.0
377.0,81,33591,458.0
378.0,157,754,535.0
379.0,249,253920,628.0
489.0,226,1018,715.0
497.0,213,1016,710.0
531.0,343,1016,874.0
595.0,116,36596,711.0
886.0,305,7069,1191.0
1170.0,184,1016,1354.0
382.0,137,33591,519.0
383.0,233,754,616.0
383.0,94,253920,477.0
501.0,599,1018,1100.0
509.0,602,1016,1111.0
524.0,583,1016,1107.0
586.0,204,36596,790.0
837.0,48,7069,885.0
2464.0,613,1016,3077.0
372.0,125,33591,497.0
447.0,182,754,629.0
449.0,111,253920,560.0
480.0,314,1022,794.0
488.0,303,1020,791.0
569.0,510,1020,1079.0
837.0,256,36596,1093.0
1121.0,85,7069,1206.0
2411.0,506,1020,2917.0
377.0,80,33591,457.0
378.0,237,754,615.0
379.0,136,253920,515.0
488.0,380,1020,868.0
496.0,377,1018,873.0
526.0,361,1018,887.0
586.0,100,36596,686.0
899.0,43,7069,942.0
2515.0,592,1018,3107.0
382.0,126,33591,508.0
383.0,238,754,621.0
384.0,135,253920,519.0
492.0,371,1018,863.0
499.0,368,1016,867.0
531.0,356,1016,887.0
591.0,96,36596,687.0
901.0,53,7069,954.0
2609.0,566,1016,3175.0
374.0,77,33591,451.0
375.0,241,754,616.0
376.0,135,253920,511.0
483.0,238,1018,721.0
491.0,226,1016,717.0
525.0,356,1016,881.0
587.0,136,36596,723.0
892.0,326,7069,1218.0
1146.0,1322,1016,2468.0
381.0,126,33591,507.0
382.0,151,754,533.0
383.0,240,253920,623.0
490.0,215,1020,705.0
498.0,374,1018,872.0
530.0,347,1018,877.0
593.0,100,36596,693.0
900.0,243,7069,1143.0
1174.0,181,1018,1355.0
384.0,142,33591,526.0
385.0,237,754,622.0
385.0,98,253920,483.0
508.0,700,1020,1208.0
516.0,680,1018,1196.0
531.0,671,1018,1202.0
591.0,186,36596,777.0
834.0,50,7069,884.0
2566.0,625,1018,3191.0
374.0,131,33591,505.0
376.0,244,754,620.0
376.0,140,253920,516.0
489.0,212,1021,701.0
496.0,380,1019,876.0
529.0,352,1019,881.0
589.0,101,36596,690.0
935.0,44,7069,979.0
2598.0,597,1019,3195.0
452.0,140,33591,592.0
529.0,158,754,687.0
531.0,62,253920,593.0
576.0,571,1020,1147.0
583.0,502,1018,1085.0
597.0,538,1018,1135.0
657.0,106,36596,763.0
830.0,306,7069,1136.0
1112.0,1531,1018,2643.0
380.0,131,33591,511.0
459.0,186,754,645.0
460.0,114,253920,574.0
495.0,303,1018,798.0
503.0,298,1016,801.0
584.0,524,1016,1108.0
857.0,313,36596,1170.0
1135.0,146,7069,1281.0
3388.0,248,1016,3636.0
380.0,129,33591,509.0
459.0,122,754,581.0
460.0,184,253920,644.0
493.0,311,1022,804.0
501.0,307,1020,808.0
577.0,253,1020,830.0
1065.0,61,36596,1126.0
1140.0,74,7069,1214.0
2562.0,676,1020,3238.0
397.0,83,33591,480.0
399.0,158,754,557.0
399.0,217,253920,616.0
400.0,255,1847,655.0
512.0,295,1018,807.0
520.0,293,1016,813.0
552.0,663,1016,1215.0
619.0,200,36596,819.0
886.0,38,7069,924.0
1191.0,1361,1016,2552.0
383.0,154,33591,537.0
384.0,112,754,496.0
385.0,242,253920,627.0
386.0,111,1847,497.0
512.0,729,1018,1241.0
519.0,708,1016,1227.0
531.0,704,1016,1235.0
595.0,203,36596,798.0
855.0,50,7069,905.0
2674.0,738,1016,3412.0
388.0,133,33591,521.0
390.0,248,754,638.0
390.0,145,253920,535.0
503.0,216,1017,719.0
511.0,217,1015,728.0
544.0,603,1015,1147.0
606.0,123,36596,729.0
919.0,260,7069,1179.0
2727.0,677,1015,3404.0
386.0,85,33591,471.0
387.0,158,754,545.0
388.0,244,253920,632.0
502.0,352,1018,854.0
510.0,223,1016,733.0
541.0,559,1016,1100.0
602.0,131,36596,733.0
872.0,254,7069,1126.0
2735.0,763,1016,3498.0
372.0,99,33591,471.0
374.0,262,754,636.0
374.0,155,253920,529.0
502.0,234,1018,736.0
510.0,231,1016,741.0
544.0,371,1016,915.0
606.0,98,36596,704.0
879.0,46,7069,925.0
1180.0,199,1016,1379.0
368.0,152,33591,520.0
454.0,166,754,620.0
455.0,12,253920,467.0
501.0,446,1022,947.0
509.0,446,1020,955.0
525.0,417,1020,942.0
585.0,371,36596,956.0
896.0,139,7069,1035.0
3079.0,1818,1020,4897.0
382.0,252,33591,634.0
383.0,127,754,510.0
476.0,33,253920,509.0
523.0,681,1018,1204.0
531.0,666,1016,1197.0
542.0,667,1016,1209.0
603.0,265,36596,868.0
836.0,363,7069,1199.0
3010.0,905,1016,3915.0
450.0,14,33591,464.0
451.0,70,754,521.0
452.0,159,253920,611.0
496.0,442,1019,938.0
504.0,422,1017,926.0
517.0,414,1017,931.0
579.0,336,36596,915.0
958.0,88,7069,1046.0
3324.0,1169,1017,4493.0
382.0,103,33591,485.0
383.0,103,754,486.0
383.0,103,253920,486.0
519.0,398,1018,917.0
527.0,396,1016,923.0
539.0,373,1016,912.0
600.0,324,36596,924.0
961.0,44,7069,1005.0
4375.0,242,1016,4617.0
363.0,147,33591,510.0
364.0,172,754,536.0
365.0,261,253920,626.0
492.0,458,1018,950.0
499.0,456,1016,955.0
530.0,415,1016,945.0
595.0,101,36596,696.0
1001.0,270,7069,1271.0
3579.0,964,1016,4543.0
386.0,95,33591,481.0
387.0,171,754,558.0
388.0,264,253920,652.0
512.0,221,1018,733.0
519.0,218,1016,737.0
552.0,369,1016,921.0
617.0,116,36596,733.0
1009.0,231,7069,1240.0
3557.0,1054,1016,4611.0
392.0,98,33591,490.0
393.0,169,754,562.0
394.0,261,253920,655.0
394.0,168,1847,562.0
521.0,365,1018,886.0
528.0,362,1016,890.0
557.0,392,1016,949.0
622.0,101,36596,723.0
921.0,39,7069,960.0
1229.0,170,1016,1399.0
377.0,136,33591,513.0
499.0,476,1018,975.0
508.0,463,1016,971.0
578.0,143,754,721.0
580.0,140,253920,720.0
1007.0,283,1016,1290.0
1066.0,46,36596,1112.0
1152.0,29,7069,1181.0
2061.0,1856,1016,3917.0
365.0,117,33591,482.0
366.0,117,754,483.0
367.0,115,253920,482.0
516.0,419,1018,935.0
524.0,406,1016,930.0
536.0,389,1016,925.0
597.0,117,36596,714.0
890.0,55,7069,945.0
1218.0,199,1016,1417.0
365.0,154,33591,519.0
366.0,179,754,545.0
367.0,268,253920,635.0
502.0,404,1022,906.0
510.0,229,1020,739.0
541.0,371,1020,912.0
603.0,97,36596,700.0
946.0,288,7069,1234.0
3440.0,1096,1020,4536.0
378.0,108,33591,486.0
483.0,66,754,549.0
485.0,64,253920,549.0
581.0,652,1018,1233.0
588.0,692,1016,1280.0
600.0,687,1016,1287.0
817.0,55,36596,872.0
882.0,342,7069,1224.0
2489.0,6778,1016,9267.0
381.0,99,33591,480.0
478.0,66,754,544.0
479.0,65,253920,544.0
577.0,665,1018,1242.0
585.0,639,1016,1224.0
597.0,637,1016,1234.0
832.0,115,36596,947.0
895.0,340,7069,1235.0
2301.0,2337,1016,4638.0
376.0,163,33591,539.0
487.0,128,754,615.0
488.0,186,253920,674.0
523.0,644,1018,1167.0
531.0,263,1016,794.0
611.0,549,1016,1160.0
858.0,314,36596,1172.0
1128.0,43,7069,1171.0
6031.0,1242,1016,7273.0
385.0,107,33591,492.0
387.0,272,754,659.0
388.0,173,253920,561.0
388.0,164,1847,552.0
524.0,358,1018,882.0
532.0,232,1016,764.0
565.0,372,1016,937.0
626.0,104,36596,730.0
909.0,39,7069,948.0
1218.0,197,1016,1415.0
385.0,234,33591,619.0
480.0,139,754,619.0
482.0,193,253920,675.0
692.0,2377,1018,3069.0
700.0,2378,1016,3078.0
712.0,2413,1016,3125.0
773.0,137,36596,910.0
859.0,2215,7069,3074.0
3104.0,790,1016,3894.0
381.0,108,33591,489.0
383.0,181,754,564.0
384.0,271,253920,655.0
384.0,165,1847,549.0
521.0,241,1018,762.0
529.0,367,1016,896.0
560.0,396,1016,956.0
622.0,142,36596,764.0
927.0,40,7069,967.0
3558.0,1153,1016,4711.0
369.0,171,33591,540.0
370.0,133,754,503.0
371.0,271,253920,642.0
516.0,335,1018,851.0
524.0,322,1016,846.0
535.0,321,1016,856.0
612.0,103,36596,715.0
889.0,34,7069,923.0
3629.0,1133,1016,4762.0
370.0,112,33591,482.0
514.0,403,1018,917.0
521.0,402,1016,923.0
551.0,378,754,929.0
553.0,373,253920,926.0
1035.0,275,1016,1310.0
1093.0,38,36596,1131.0
1163.0,54,7069,1217.0
3664.0,1217,1016,4881.0
375.0,117,33591,492.0
376.0,247,754,623.0
377.0,177,253920,554.0
524.0,331,1018,855.0
532.0,327,1016,859.0
563.0,314,1016,877.0
1156.0,81,36596,1237.0
1276.0,63,7069,1339.0
2496.0,2570,1016,5066.0
362.0,55,33591,417.0
363.0,178,754,541.0
364.0,266,253920,630.0
448.0,590,1018,1038.0
457.0,591,1016,1048.0
537.0,506,1016,1043.0
599.0,48,36596,647.0
1088.0,296,7069,1384.0
1478.0,184,1016,1662.0
384.0,149,33591,533.0
385.0,174,754,559.0
386.0,265,253920,651.0
516.0,237,1022,753.0
524.0,347,1020,871.0
555.0,378,1020,933.0
619.0,97,36596,716.0
902.0,41,7069,943.0
2712.0,2323,1020,5035.0
390.0,177,33591,567.0
443.0,87,754,530.0
444.0,212,253920,656.0
543.0,414,1018,957.0
551.0,411,1016,962.0
562.0,405,1016,967.0
625.0,246,36596,871.0
922.0,74,7069,996.0
3827.0,3871,1016,7698.0
396.0,157,33591,553.0
397.0,184,754,581.0
398.0,276,253920,674.0
399.0,183,1847,582.0
536.0,366,1018,902.0
544.0,242,1016,786.0
577.0,383,1016,960.0
641.0,107,36596,748.0
938.0,32,7069,970.0
1257.0,241,1016,1498.0
376.0,118,33591,494.0
492.0,181,754,673.0
493.0,113,253920,606.0
526.0,330,1017,856.0
534.0,326,1015,860.0
612.0,251,1015,863.0
1140.0,52,36596,1192.0
1243.0,67,7069,1310.0
3894.0,1278,1015,5172.0
363.0,170,33591,533.0
365.0,194,754,559.0
366.0,254,253920,620.0
516.0,321,1018,837.0
524.0,317,1016,841.0
556.0,305,1016,861.0
1132.0,69,36596,1201.0
1234.0,65,7069,1299.0
3947.0,1304,1016,5251.0
371.0,116,33591,487.0
372.0,261,754,633.0
373.0,164,253920,537.0
519.0,357,1018,876.0
527.0,344,1016,871.0
542.0,338,1016,880.0
603.0,108,36596,711.0
912.0,36,7069,948.0
1251.0,266,1016,1517.0
430.0,121,33591,551.0
431.0,271,754,702.0
432.0,121,253920,553.0
588.0,466,1017,1054.0
595.0,463,1015,1058.0
610.0,439,1015,1049.0
671.0,210,36596,881.0
926.0,133,7069,1059.0
3933.0,8806,1015,12739.0
365.0,113,33591,478.0
366.0,54,754,420.0
367.0,273,253920,640.0
453.0,293,1022,746.0
461.0,280,1020,741.0
472.0,264,1020,736.0
609.0,44,36596,653.0
1191.0,46,7069,1237.0
1508.0,209,1020,1717.0
424.0,57,33591,481.0
425.0,130,754,555.0
476.0,77,253920,553.0
479.0,74,1847,553.0
585.0,440,1018,1025.0
592.0,427,1016,1019.0
604.0,427,1016,1031.0
665.0,265,36596,930.0
993.0,68,7069,1061.0
1140.0,260,1016,1400.0
383.0,106,33591,489.0
385.0,244,754,629.0
385.0,173,253920,558.0
473.0,572,1018,1045.0
480.0,569,1016,1049.0
567.0,474,1016,1041.0
1324.0,66,36596,1390.0
1419.0,67,7069,1486.0
3008.0,2774,1016,5782.0
369.0,108,33591,477.0
371.0,185,754,556.0
371.0,244,253920,615.0
457.0,559,1018,1016.0
468.0,261,1016,729.0
550.0,463,1016,1013.0
1303.0,75,36596,1378.0
1402.0,64,7069,1466.0
2831.0,2523,1016,5354.0
384.0,168,33591,552.0
385.0,252,754,637.0
386.0,178,253920,564.0
536.0,289,1022,825.0
544.0,285,1020,829.0
576.0,501,1020,1077.0
1120.0,67,36596,1187.0
1222.0,68,7069,1290.0
2543.0,2710,1020,5253.0
357.0,104,33591,461.0
358.0,181,754,539.0
359.0,271,253920,630.0
444.0,288,1018,732.0
452.0,275,1016,727.0
535.0,536,1016,1071.0
599.0,46,36596,645.0
1145.0,46,7069,1191.0
1694.0,1496,1016,3190.0
364.0,56,33591,420.0
365.0,115,754,480.0
366.0,249,253920,615.0
452.0,685,1018,1137.0
460.0,674,1016,1134.0
476.0,654,1016,1130.0
1427.0,104,36596,1531.0
1557.0,89,7069,1646.0
3413.0,221,1016,3634.0
402.0,115,33591,517.0
513.0,160,754,673.0
515.0,159,253920,674.0
515.0,157,1847,672.0
706.0,536,1017,1242.0
715.0,520,1015,1235.0
728.0,500,1015,1228.0
789.0,73,36596,862.0
899.0,39,7069,938.0
2279.0,252,1015,2531.0
398.0,168,33591,566.0
399.0,191,754,590.0
512.0,396,253920,908.0
545.0,377,1018,922.0
557.0,447,1016,1004.0
587.0,540,1016,1127.0
1082.0,114,36596,1196.0
1176.0,84,7069,1260.0
4096.0,1449,1016,5545.0
376.0,106,33591,482.0
378.0,190,754,568.0
378.0,248,253920,626.0
379.0,178,1847,557.0
466.0,295,1022,761.0
474.0,291,1020,765.0
563.0,514,1020,1077.0
1385.0,99,36596,1484.0
1516.0,36,7069,1552.0
3155.0,232,1020,3387.0
411.0,55,33591,466.0
464.0,132,754,596.0
465.0,222,253920,687.0
500.0,280,1018,780.0
507.0,277,1016,784.0
592.0,456,1016,1048.0
656.0,131,36596,787.0
1080.0,33,7069,1113.0
5267.0,246,1016,5513.0
367.0,103,33591,470.0
368.0,244,754,612.0
369.0,176,253920,545.0
454.0,589,1018,1043.0
461.0,573,1016,1034.0
551.0,487,1016,1038.0
1333.0,65,36596,1398.0
1418.0,137,7069,1555.0
3003.0,2842,1016,5845.0
385.0,134,33591,519.0
437.0,201,754,638.0
442.0,194,253920,636.0
552.0,449,1018,1001.0
560.0,447,1016,1007.0
1033.0,4420,1016,5453.0
1093.0,177,36596,1270.0
1194.0,78,7069,1272.0
5479.0,349,1016,5828.0
372.0,275,33591,647.0
425.0,96,754,521.0
426.0,94,253920,520.0
534.0,379,1019,913.0
542.0,367,1017,909.0
553.0,351,1017,904.0
614.0,113,36596,727.0
979.0,284,7069,1263.0
4125.0,1434,1017,5559.0
368.0,109,33591,477.0
370.0,193,754,563.0
370.0,251,253920,621.0
459.0,280,1018,739.0
468.0,606,1016,1074.0
559.0,510,1016,1069.0
1121.0,254,36596,1375.0
1482.0,112,7069,1594.0
3103.0,2978,1016,6081.0
356.0,57,33591,413.0
357.0,133,754,490.0
412.0,79,253920,491.0
521.0,428,1020,949.0
529.0,427,1018,956.0
541.0,412,1018,953.0
1250.0,68,36596,1318.0
1357.0,114,7069,1471.0
3048.0,3151,1018,6199.0
385.0,57,33591,442.0
386.0,190,754,576.0
387.0,246,253920,633.0
475.0,630,1018,1105.0
482.0,615,1016,1097.0
573.0,528,1016,1101.0
1152.0,291,36596,1443.0
1497.0,94,7069,1591.0
1746.0,1633,1016,3379.0
372.0,57,33591,429.0
373.0,196,754,569.0
374.0,254,253920,628.0
461.0,677,1018,1138.0
469.0,675,1016,1144.0
566.0,582,1016,1148.0
1437.0,100,36596,1537.0
1565.0,100,7069,1665.0
3389.0,189,1016,3578.0
368.0,57,33591,425.0
369.0,203,754,572.0
370.0,260,253920,630.0
457.0,294,1022,751.0
464.0,283,1020,747.0
568.0,582,1020,1150.0
1512.0,60,36596,1572.0
1628.0,69,7069,1697.0
3537.0,173,1020,3710.0
