200	209
300	202
400	98
500	67
600	47
700	123
800	134
900	75
1000	47
1100	46
1200	27
1300	25
1400	24
1500	28
1600	13
1700	25
1800	22
1900	17
2000	19
2100	21
2200	34
2300	27
2400	27
2500	22
2600	32
2700	30
2800	36
2900	24
3000	21
3100	14
3200	38
3300	35
3400	21
3500	33
3600	19
3700	8
3800	15
3900	15
4000	26
4100	18
4200	25
4300	20
4400	13
4500	18
4600	12
4700	11
4800	7
4900	9
5000	10
5100	10
5200	13
5300	16
5400	12
5500	12
5600	17
5700	8
5800	9
5900	4
6000	3
6100	3
6200	1
6300	1
6400	1
6500	0
6600	0
6700	4
6800	2
6900	2
7000	0
7100	3
7200	2
7300	0
7400	2
7500	2
7600	2
7700	3
7800	0
7900	1
8000	1
8100	0
8200	2
8300	0
8400	2
8500	1
8600	1
8700	2
8800	0
8900	0
9000	4
9100	0
9200	0
9300	1
9400	1
9500	1
9600	4
9700	0
9800	0
9900	0
10000	3
10100	0
10200	0
10300	1
10400	1
10500	2
10600	0
10700	0
10800	0
10900	0
11000	1
11100	0
11200	0
11300	0
11400	0
11500	0
11600	0
11700	0
11800	0
11900	0
12000	0
12100	0
12200	1
12300	0
12400	1
12500	0
12600	0
12700	0
12800	0
12900	0
13000	0
13100	0
13200	0
13300	0
13400	0
13500	0
13600	0
13700	0
13800	0
13900	0
14000	0
14100	0
14200	0
14300	0
14400	0
14500	0
14600	0
14700	0
14800	0
14900	0
15000	0
15100	0
15200	0
15300	0
15400	0
15500	0
15600	0
15700	0
15800	0
15900	0
16000	0
16100	0
16200	0
16300	0
16400	0
16500	0
16600	0
16700	0
16800	0
16900	0
17000	0
17100	0
17200	0
17300	0
17400	0
17500	1
