0	31
20	53
40	27
60	50
80	21
100	7
120	24
140	2
160	0
180	0
200	0
220	0
240	1
260	0
280	0
300	0
320	0
340	3
360	2
380	2
400	0
420	0
440	1
460	0
480	1
500	1
520	0
540	0
560	0
580	0
600	1
620	1
640	0
660	0
680	0
700	0
720	0
740	0
760	1
780	0
800	0
820	0
840	0
860	0
880	1
900	0
920	0
940	1
960	0
980	0
1000	1
1020	0
1040	0
1060	1
1080	0
1100	1
1120	1
1140	0
1160	1
1180	1
1200	1
1220	1
1240	0
1260	2
1280	2
1300	0
1320	0
1340	1
1360	0
1380	0
1400	0
1420	0
1440	0
1460	0
1480	1
1500	0
1520	0
1540	0
1560	0
1580	0
1600	0
1620	0
1640	0
1660	0
1680	0
1700	0
1720	0
1740	0
1760	0
1780	0
1800	0
1820	0
1840	0
1860	0
1880	0
1900	0
1920	0
1940	1
1960	0
1980	1
2000	1
2020	0
2040	0
2060	1
2080	1
2100	1
2120	0
2140	0
2160	0
2180	1
2200	0
2220	1
2240	1
2260	2
2280	0
2300	0
2320	3
2340	1
2360	0
2380	1
2400	2
2420	0
2440	0
2460	1
2480	0
2500	0
2520	0
2540	1
2560	1
2580	2
2600	0
2620	1
2640	0
2660	1
2680	1
2700	0
2720	0
2740	0
2760	1
2780	0
2800	0
2820	0
2840	0
2860	0
2880	0
2900	0
2920	0
2940	0
2960	0
2980	0
3000	1
