950	7
1000	4
1050	1
1100	0
1150	9
1200	27
1250	44
1300	56
1350	47
1400	21
1450	25
1500	18
1550	12
1600	7
1650	1
1700	0
1750	1
1800	0
1850	1
1900	0
1950	1
2000	0
2050	1
2100	0
2150	4
2200	1
2250	0
2300	0
2350	2
2400	2
2450	2
2500	3
2550	0
2600	0
2650	0
2700	5
2750	2
2800	5
2850	5
2900	5
2950	0
3000	1
3050	2
3100	1
3150	1
3200	1
3250	1
3300	3
3350	2
3400	1
3450	1
3500	3
3550	1
3600	1
3650	0
3700	4
3750	1
3800	1
3850	0
3900	1
3950	0
4000	0
4050	0
4100	0
4150	0
4200	0
4250	0
4300	2
4350	0
4400	0
4450	0
4500	0
4550	0
4600	0
4650	0
4700	0
4750	0
4800	0
4850	0
4900	0
4950	0
5000	0
5050	0
5100	0
5150	1
5200	0
5250	0
5300	0
5350	0
5400	0
5450	0
5500	0
5550	1
5600	0
5650	1
5700	0
5750	0
5800	0
5850	0
5900	0
5950	0
6000	0
6050	0
6100	0
6150	0
6200	0
6250	0
6300	0
6350	0
6400	0
6450	0
6500	0
6550	0
6600	0
6650	0
6700	0
6750	0
6800	1
