600	1
620	0
640	0
660	1
680	4
700	2
720	1
740	2
760	1
780	5
800	5
820	5
840	9
860	10
880	5
900	4
920	5
940	7
960	10
980	7
1000	12
1020	12
1040	7
1060	6
1080	4
1100	2
1120	4
1140	9
1160	5
1180	10
1200	4
1220	4
1240	3
1260	3
1280	2
1300	3
1320	3
1340	5
1360	4
1380	0
1400	0
1420	4
1440	3
1460	4
1480	3
1500	0
1520	1
1540	0
1560	1
1580	2
1600	2
1620	2
1640	0
1660	0
1680	0
1700	1
1720	0
1740	1
1760	1
1780	0
1800	3
1820	0
1840	0
1860	0
1880	1
1900	1
1920	0
1940	0
1960	1
1980	1
2000	0
2020	4
2040	1
2060	0
2080	0
2100	0
2120	0
2140	2
2160	2
2180	0
2200	0
2220	4
2240	1
2260	1
2280	0
2300	0
2320	0
2340	0
2360	0
2380	0
2400	0
2420	0
2440	1
2460	0
2480	0
2500	0
2520	0
2540	0
2560	0
2580	0
2600	1
2620	0
2640	0
2660	0
2680	1
2700	0
2720	0
2740	0
2760	0
2780	0
2800	0
2820	0
2840	0
2860	0
2880	0
2900	0
2920	0
2940	0
2960	0
2980	0
3000	0
3020	0
3040	0
3060	0
3080	0
3100	0
3120	2
3140	0
3160	0
3180	1
3200	1
3220	0
3240	1
3260	0
3280	1
3300	0
3320	0
3340	0
3360	1
3380	3
3400	1
3420	1
3440	2
3460	0
3480	0
3500	0
3520	3
3540	0
3560	2
3580	1
3600	1
3620	0
3640	0
3660	0
3680	0
3700	3
3720	0
3740	0
3760	0
3780	0
3800	1
3820	0
3840	0
3860	0
3880	0
3900	2
3920	2
3940	0
3960	0
3980	0
4000	0
4020	0
4040	0
4060	0
4080	0
4100	0
4120	0
4140	1
4160	1
4180	0
4200	2
4220	0
4240	0
4260	0
4280	0
4300	0
4320	0
4340	0
4360	0
4380	0
4400	1
4420	0
4440	0
4460	0
4480	1
4500	1
4520	0
4540	0
4560	0
4580	0
4600	0
4620	0
4640	0
4660	0
4680	0
4700	1
