220	2
240	20
260	47
280	66
300	35
320	59
340	67
360	74
380	80
400	69
420	51
440	36
460	44
480	45
500	28
520	24
540	6
560	16
580	12
600	4
620	12
640	12
660	3
680	2
700	8
720	14
740	8
760	5
780	9
800	8
820	5
840	8
860	6
880	16
900	7
920	1
940	2
960	0
980	3
1000	4
1020	1
1040	4
1060	3
1080	1
1100	5
1120	1
1140	1
1160	2
1180	2
1200	0
1220	3
1240	1
1260	1
1280	0
1300	3
1320	7
1340	1
1360	3
1380	2
1400	7
1420	1
1440	1
1460	6
1480	3
1500	3
1520	1
1540	4
1560	2
1580	5
1600	2
1620	2
1640	5
1660	4
1680	0
1700	0
1720	0
1740	1
1760	1
1780	1
1800	1
1820	1
1840	2
1860	1
1880	0
1900	0
1920	0
1940	0
1960	0
1980	0
2000	0
2020	0
2040	0
2060	0
2080	0
2100	0
2120	0
2140	0
2160	0
2180	0
2200	0
2220	0
2240	0
2260	0
2280	0
2300	0
2320	0
2340	0
2360	0
2380	0
2400	0
2420	0
2440	0
2460	0
2480	0
2500	0
2520	0
2540	0
2560	0
2580	0
2600	0
2620	0
2640	0
2660	0
2680	0
2700	0
2720	0
2740	0
2760	0
2780	0
2800	0
2820	0
2840	0
2860	0
2880	0
2900	0
2920	0
2940	0
2960	0
2980	0
3000	0
3020	0
3040	0
3060	0
3080	0
3100	0
3120	0
3140	0
3160	0
3180	0
3200	0
3220	0
3240	0
3260	0
3280	0
3300	0
3320	0
3340	0
3360	0
3380	0
3400	0
3420	0
3440	0
3460	0
3480	0
3500	0
3520	0
3540	0
3560	0
3580	0
3600	0
3620	0
3640	0
3660	0
3680	0
3700	0
3720	0
3740	0
3760	0
3780	0
3800	0
3820	0
3840	0
3860	0
3880	0
3900	0
3920	0
3940	1
3960	0
3980	0
4000	0
4020	0
4040	0
4060	1
4080	0
4100	1
4120	0
4140	0
4160	0
4180	0
4200	0
4220	0
4240	0
4260	0
4280	0
4300	0
4320	0
4340	0
4360	1
4380	0
4400	0
4420	0
4440	1
4460	0
4480	0
4500	0
4520	0
4540	0
4560	0
4580	1
4600	0
4620	0
4640	0
4660	0
4680	0
4700	1
4720	0
4740	0
4760	0
4780	0
4800	0
4820	0
4840	0
4860	0
4880	0
4900	0
4920	0
4940	0
4960	0
4980	0
5000	0
5020	0
5040	0
5060	0
5080	0
5100	1
5120	0
5140	0
5160	0
5180	0
5200	0
5220	0
5240	0
5260	0
5280	1
5300	0
5320	0
5340	0
5360	0
5380	0
5400	1
