350	80
400	7
450	2
500	0
550	0
600	0
650	0
700	0
750	0
800	0
850	1
900	0
950	1
1000	0
1050	1
1100	5
1150	4
1200	5
1250	0
1300	0
1350	0
1400	0
1450	4
1500	0
1550	1
1600	0
1650	3
1700	2
1750	3
1800	3
1850	2
1900	2
1950	2
2000	1
2050	1
2100	2
2150	0
2200	0
2250	3
2300	2
2350	0
2400	1
2450	3
2500	2
2550	4
2600	0
2650	1
2700	2
2750	0
2800	1
2850	0
2900	0
2950	2
3000	2
3050	3
3100	1
3150	0
3200	0
3250	0
3300	1
3350	3
3400	2
3450	0
3500	3
3550	1
3600	1
3650	1
3700	0
3750	0
3800	1
3850	1
3900	2
3950	0
4000	0
4050	1
4100	1
4150	0
4200	0
4250	0
4300	0
4350	1
4400	0
4450	0
4500	0
4550	0
4600	0
4650	0
4700	0
4750	0
4800	0
4850	0
4900	0
4950	0
5000	0
5050	0
5100	0
5150	0
5200	0
5250	1
5300	0
5350	0
5400	0
5450	1
5500	0
5550	0
5600	0
5650	0
5700	0
5750	0
5800	0
5850	0
5900	0
5950	0
6000	1
