0	154
50	23
100	6
150	0
200	0
250	0
300	0
350	59
400	31
450	0
500	0
550	0
600	0
650	0
700	0
750	4
800	2
850	6
900	3
950	3
1000	1
1050	10
1100	1
1150	6
1200	4
1250	3
1300	0
1350	11
1400	10
1450	7
1500	0
1550	4
1600	9
1650	6
1700	13
1750	6
1800	3
1850	22
1900	14
1950	5
2000	6
2050	12
2100	6
2150	9
2200	7
2250	5
2300	4
2350	3
2400	6
2450	2
2500	5
2550	4
2600	5
2650	2
2700	2
2750	2
2800	2
2850	3
2900	6
2950	1
3000	3
3050	0
3100	0
3150	0
3200	2
3250	1
3300	2
3350	0
3400	2
3450	0
3500	0
3550	1
3600	0
3650	4
3700	0
3750	0
3800	0
3850	0
3900	2
3950	0
4000	0
4050	3
4100	0
4150	0
4200	0
4250	1
4300	0
4350	0
4400	0
4450	0
4500	0
4550	2
4600	0
4650	0
4700	1
4750	1
4800	1
4850	0
4900	0
4950	1
5000	0
5050	0
5100	1
5150	0
5200	1
5250	0
5300	0
5350	0
5400	0
5450	0
5500	0
5550	2
5600	0
5650	0
5700	0
5750	1
5800	0
5850	0
5900	1
5950	0
6000	0
6050	0
6100	1
