550	1
600	0
650	3
700	9
750	14
800	22
850	14
900	10
950	3
1000	2
1050	2
1100	4
1150	2
1200	7
1250	2
1300	2
1350	7
1400	11
1450	17
1500	11
1550	16
1600	17
1650	13
1700	17
1750	37
1800	22
1850	14
1900	18
1950	14
2000	11
2050	14
2100	9
2150	4
2200	7
2250	5
2300	5
2350	5
2400	8
2450	11
2500	5
2550	5
2600	2
2650	4
2700	2
2750	0
2800	0
2850	1
2900	2
2950	4
3000	2
3050	1
3100	2
3150	1
3200	2
3250	1
3300	1
3350	0
3400	1
3450	1
3500	2
3550	3
3600	0
3650	1
3700	2
3750	0
3800	1
3850	1
3900	1
3950	1
4000	2
4050	0
4100	1
4150	0
4200	2
4250	4
4300	0
4350	1
4400	0
4450	1
4500	0
4550	0
4600	2
4650	0
4700	1
4750	0
4800	0
4850	0
4900	1
4950	0
5000	0
5050	0
5100	0
5150	0
5200	0
5250	1
5300	0
5350	0
5400	0
5450	0
5500	0
5550	0
5600	0
5650	0
5700	0
5750	0
5800	0
5850	0
5900	0
5950	0
6000	0
6050	0
6100	0
6150	0
6200	0
6250	0
6300	0
6350	0
6400	0
6450	0
6500	0
6550	0
6600	0
6650	0
6700	0
6750	0
6800	0
6850	0
6900	0
6950	0
7000	1
7050	0
7100	0
7150	0
7200	0
7250	0
7300	0
7350	0
7400	0
7450	0
7500	0
7550	0
7600	0
7650	0
7700	0
7750	0
7800	0
7850	0
7900	0
7950	0
8000	0
8050	0
8100	0
8150	2
8200	0
8250	0
8300	0
8350	0
8400	0
8450	0
8500	0
8550	0
8600	0
8650	0
8700	0
8750	0
8800	0
8850	0
8900	0
8950	0
9000	0
9050	0
9100	0
9150	0
9200	0
9250	0
9300	0
9350	0
9400	0
9450	0
9500	0
9550	0
9600	0
9650	0
9700	0
9750	0
9800	0
9850	0
9900	0
9950	0
10000	0
10050	0
10100	0
10150	0
10200	0
10250	0
10300	0
10350	0
10400	0
10450	0
10500	0
10550	0
10600	0
10650	0
10700	0
10750	0
10800	0
10850	0
10900	0
10950	1
