370	1
380	0
390	6
400	5
410	5
420	4
430	4
440	5
450	9
460	7
470	4
480	10
490	11
500	5
510	5
520	0
530	0
540	0
550	0
560	1
570	1
580	2
590	0
600	0
610	1
620	2
630	4
640	7
650	2
660	0
670	0
680	8
690	6
700	2
710	5
720	3
730	3
740	3
750	10
760	4
770	4
780	2
790	0
800	0
810	0
820	0
830	1
840	1
850	0
860	1
870	2
880	2
890	2
900	2
910	1
920	1
930	0
940	2
950	6
960	0
970	0
980	0
990	2
1000	2
1010	0
1020	1
1030	0
1040	1
1050	1
1060	1
1070	0
1080	1
1090	0
1100	0
1110	0
1120	0
1130	0
1140	0
1150	0
1160	0
1170	0
1180	0
1190	0
1200	0
1210	0
1220	0
1230	0
1240	0
1250	0
1260	0
1270	0
1280	0
1290	0
1300	0
1310	0
1320	0
1330	0
1340	0
1350	0
1360	0
1370	0
1380	0
1390	0
1400	0
1410	1
1420	0
1430	0
1440	0
1450	0
1460	0
1470	0
1480	0
1490	0
1500	0
1510	0
1520	0
1530	0
1540	0
1550	0
1560	0
1570	0
1580	0
1590	0
1600	0
1610	0
1620	0
1630	0
1640	0
1650	0
1660	0
1670	0
1680	0
1690	0
1700	0
1710	0
1720	0
1730	0
1740	0
1750	1
1760	0
1770	1
