0	96
50	160
100	71
150	8
200	1
250	2
300	1
350	5
400	0
450	3
500	3
550	7
600	7
650	12
700	10
750	13
800	16
850	6
900	6
950	1
1000	0
1050	2
1100	3
1150	0
1200	1
1250	2
1300	3
1350	0
1400	0
1450	0
1500	1
1550	1
1600	1
1650	0
1700	1
1750	0
1800	0
1850	1
1900	0
1950	1
2000	1
2050	1
2100	1
2150	2
2200	0
2250	1
2300	0
2350	1
2400	1
2450	1
2500	1
2550	0
2600	0
2650	0
2700	0
2750	2
2800	0
2850	0
2900	0
2950	0
3000	0
3050	0
3100	0
3150	0
3200	0
3250	0
3300	0
3350	0
3400	0
3450	0
3500	0
3550	0
3600	0
3650	0
3700	0
3750	0
3800	0
3850	0
3900	0
3950	0
4000	0
4050	0
4100	0
4150	0
4200	0
4250	0
4300	0
4350	0
4400	0
4450	0
4500	0
4550	0
4600	0
4650	0
4700	0
4750	0
4800	0
4850	0
4900	0
4950	0
5000	0
5050	0
5100	0
5150	0
5200	0
5250	0
5300	0
5350	0
5400	0
5450	0
5500	0
5550	0
5600	0
5650	0
5700	0
5750	0
5800	0
5850	0
5900	0
5950	2
