20	24
40	39
60	135
80	94
100	36
120	18
140	34
160	23
180	9
200	11
220	2
240	1
260	1
280	2
300	0
320	0
340	1
360	2
380	17
400	7
420	2
440	6
460	15
480	9
500	4
520	5
540	2
560	2
580	1
600	1
620	3
640	2
660	0
680	3
700	0
720	2
740	0
760	0
780	0
800	0
820	0
840	1
860	3
880	0
900	1
920	0
940	0
960	0
980	0
1000	0
1020	0
1040	0
1060	0
1080	0
1100	0
1120	0
1140	1
1160	1
1180	0
1200	0
1220	0
1240	0
1260	0
1280	0
1300	0
1320	0
1340	0
1360	1
1380	1
1400	3
1420	1
1440	0
1460	0
1480	0
1500	0
1520	0
1540	1
1560	1
1580	0
1600	0
1620	0
1640	0
1660	0
1680	0
1700	0
1720	0
1740	0
1760	0
1780	0
1800	0
1820	1
1840	0
1860	1
1880	0
1900	0
1920	0
1940	0
1960	0
1980	0
2000	1
2020	2
2040	0
2060	1
2080	0
2100	2
2120	1
2140	0
2160	0
2180	0
2200	0
2220	0
2240	0
2260	0
2280	1
2300	2
2320	0
2340	0
2360	0
2380	0
2400	0
2420	0
2440	0
2460	0
2480	0
2500	0
2520	0
2540	1
2560	0
2580	0
2600	0
2620	0
2640	0
2660	0
2680	0
2700	0
2720	0
2740	0
2760	1
2780	0
2800	1
2820	1
2840	2
2860	2
2880	1
2900	2
2920	0
2940	0
2960	0
2980	0
3000	0
3020	0
3040	0
3060	0
3080	0
3100	0
3120	0
3140	0
3160	0
3180	1
