160	14
170	165
180	180
190	54
200	52
210	8
220	11
230	24
240	30
250	56
260	40
270	20
280	15
290	19
300	11
310	8
320	3
330	15
340	16
350	10
360	3
370	2
380	4
390	12
400	8
410	11
420	16
430	22
440	13
450	24
460	6
470	6
480	10
490	6
500	2
510	5
520	1
530	7
540	4
550	4
560	2
570	3
580	5
590	3
600	2
610	2
620	1
630	2
640	0
650	1
660	1
670	2
680	0
690	3
700	2
710	1
720	1
730	2
740	0
750	2
760	5
770	1
780	4
790	1
800	1
810	1
820	3
830	3
840	4
850	0
860	1
870	1
880	3
890	0
900	1
910	0
920	1
930	2
940	0
950	0
960	0
970	0
980	1
990	0
1000	2
1010	0
1020	0
1030	3
1040	0
1050	1
1060	0
1070	0
1080	0
1090	0
1100	0
1110	2
1120	0
1130	0
1140	0
1150	0
1160	0
1170	0
1180	0
1190	0
1200	0
1210	0
1220	0
1230	2
1240	0
1250	1
1260	2
1270	2
1280	0
1290	2
1300	0
1310	1
1320	0
1330	0
1340	1
1350	0
1360	1
1370	2
1380	0
1390	0
1400	0
1410	3
1420	2
1430	0
1440	0
1450	0
1460	1
1470	1
1480	0
1490	0
1500	0
1510	0
1520	0
1530	1
1540	0
1550	0
1560	0
1570	2
1580	2
1590	0
1600	1
1610	0
1620	0
1630	0
1640	0
1650	0
1660	1
1670	0
1680	0
1690	0
1700	0
1710	0
1720	0
1730	0
1740	0
1750	0
1760	0
1770	0
1780	2
