550	19
600	59
650	50
700	26
750	10
800	23
850	29
900	16
950	16
1000	11
1050	7
1100	2
1150	3
1200	2
1250	0
1300	0
1350	3
1400	4
1450	5
1500	16
1550	0
1600	5
1650	15
1700	14
1750	11
1800	10
1850	15
1900	10
1950	5
2000	0
2050	19
2100	2
2150	14
2200	5
2250	10
2300	18
2350	26
2400	0
2450	15
2500	10
2550	5
2600	0
2650	10
2700	0
2750	0
2800	0
2850	0
2900	12
2950	8
3000	10
3050	9
3100	15
3150	0
3200	0
3250	5
3300	5
3350	0
3400	5
3450	0
3500	5
3550	4
3600	5
3650	0
3700	5
3750	0
3800	0
3850	0
3900	1
3950	4
4000	0
4050	0
4100	0
4150	9
4200	5
4250	0
4300	0
4350	0
4400	10
4450	5
4500	0
4550	5
4600	5
4650	5
4700	5
4750	5
4800	0
4850	0
4900	5
4950	5
5000	0
5050	0
5100	10
5150	0
5200	1
5250	4
5300	0
5350	5
5400	0
5450	0
5500	5
5550	0
5600	0
5650	0
5700	0
5750	10
5800	5
5850	0
5900	0
5950	0
6000	0
6050	0
6100	0
6150	0
6200	0
6250	0
6300	5
6350	5
6400	0
6450	0
6500	0
6550	0
6600	0
6650	0
6700	0
6750	0
6800	5
