210	2
215	32
220	53
225	34
230	17
235	5
240	5
245	6
250	0
255	0
260	0
265	2
270	0
275	0
280	2
285	2
290	0
295	2
300	0
305	0
310	2
315	0
320	0
325	0
330	1
335	1
340	0
345	0
350	0
355	0
360	0
365	0
370	0
375	0
380	0
385	0
390	0
395	0
400	0
405	1
410	3
415	0
420	2
425	0
430	0
435	0
440	2
445	0
450	0
455	0
460	0
465	0
470	0
475	0
480	0
485	0
490	0
495	0
500	0
505	0
510	0
515	0
520	2
525	0
530	0
535	0
540	0
545	0
550	0
555	1
560	1
565	0
570	0
575	0
580	0
585	0
590	0
595	0
600	0
605	0
610	0
615	2
620	0
625	0
630	0
635	0
640	0
645	0
650	0
655	0
660	0
665	0
670	0
675	0
680	0
685	0
690	0
695	0
700	0
705	0
710	0
715	2
720	0
725	0
730	0
735	0
740	0
745	0
750	0
755	0
760	0
765	0
770	0
775	0
780	0
785	0
790	0
795	0
800	0
805	0
810	0
815	0
820	0
825	0
830	0
835	0
840	0
845	0
850	0
855	0
860	0
865	0
870	0
875	0
880	0
885	0
890	0
895	0
900	0
905	0
910	0
915	0
920	0
925	0
930	0
935	0
940	0
945	0
950	0
955	0
960	0
965	0
970	0
975	0
980	0
985	0
990	0
995	0
1000	0
1005	0
1010	0
1015	0
1020	0
1025	0
1030	0
1035	0
1040	0
1045	0
1050	0
1055	0
1060	0
1065	0
1070	0
1075	0
1080	0
1085	0
1090	0
1095	0
1100	0
1105	0
1110	0
1115	0
1120	0
1125	2
