400	9
450	39
500	26
550	4
600	5
650	5
700	0
750	0
800	0
850	1
900	0
950	1
1000	0
1050	1
1100	0
1150	1
1200	3
1250	2
1300	6
1350	1
1400	0
1450	0
1500	1
1550	1
1600	0
1650	1
1700	3
1750	2
1800	3
1850	2
1900	0
1950	0
2000	2
2050	2
2100	0
2150	1
2200	1
2250	0
2300	1
2350	2
2400	1
2450	0
2500	1
2550	3
2600	2
2650	2
2700	1
2750	3
2800	2
2850	0
2900	1
2950	0
3000	2
3050	1
3100	2
3150	2
3200	1
3250	0
3300	1
3350	0
3400	1
3450	2
3500	1
3550	2
3600	1
3650	2
3700	1
3750	1
3800	1
3850	1
3900	1
3950	1
4000	1
4050	0
4100	0
4150	1
4200	0
4250	1
4300	1
4350	0
4400	0
4450	1
4500	0
4550	0
4600	1
4650	0
4700	0
4750	0
4800	0
4850	1
4900	0
4950	0
5000	0
5050	0
5100	0
5150	0
5200	0
5250	0
5300	1
5350	0
5400	1
5450	0
5500	0
5550	1
5600	0
5650	0
5700	0
5750	0
5800	0
5850	0
5900	0
5950	0
6000	0
6050	1
6100	0
6150	0
6200	0
6250	0
6300	0
6350	0
6400	0
6450	0
6500	0
6550	0
6600	0
6650	0
6700	0
6750	0
6800	0
6850	0
6900	0
6950	0
7000	0
7050	0
7100	0
7150	1
7200	0
7250	0
7300	0
7350	0
7400	0
7450	0
7500	0
7550	0
7600	0
7650	1
7700	0
7750	0
7800	0
7850	0
7900	0
7950	0
8000	0
8050	0
8100	0
8150	0
8200	0
8250	0
8300	0
8350	0
8400	0
8450	0
8500	0
8550	0
8600	0
8650	0
8700	0
8750	0
8800	0
8850	0
8900	0
8950	0
9000	0
9050	0
9100	0
9150	0
9200	1
9250	0
9300	0
9350	0
9400	0
9450	0
9500	0
9550	0
9600	0
9650	0
9700	0
9750	0
9800	0
9850	0
9900	0
9950	0
10000	0
10050	0
10100	0
10150	0
10200	0
10250	0
10300	0
10350	0
10400	0
10450	0
10500	0
10550	0
10600	0
10650	0
10700	0
10750	0
10800	0
10850	0
10900	0
10950	0
11000	0
11050	0
11100	0
11150	0
11200	0
11250	0
11300	0
11350	0
11400	0
11450	0
11500	0
11550	0
11600	0
11650	0
11700	0
11750	0
11800	0
11850	0
11900	0
11950	0
12000	0
12050	0
12100	0
12150	0
12200	0
12250	0
12300	0
12350	0
12400	0
12450	0
12500	0
12550	0
12600	0
12650	0
12700	0
12750	1
