30	28
40	11
50	3
60	2
70	0
80	10
90	18
100	18
110	10
120	5
130	9
140	3
150	7
160	8
170	11
180	8
190	3
200	5
210	4
220	2
230	2
240	2
250	4
260	2
270	11
280	3
290	6
300	3
310	2
320	2
330	3
340	2
350	5
360	3
370	2
380	3
390	8
400	3
410	4
420	7
430	3
440	1
450	3
460	3
470	4
480	1
490	8
500	7
510	1
520	6
530	6
540	6
550	5
560	5
570	6
580	2
590	3
600	4
610	3
620	1
630	2
640	3
650	1
660	3
670	1
680	3
690	2
700	0
710	5
720	1
730	1
740	1
750	1
760	4
770	3
780	1
790	0
800	0
810	1
820	0
830	1
840	1
850	0
860	0
870	1
880	0
890	0
900	0
910	0
920	0
930	0
940	0
950	1
960	0
970	1
980	0
990	0
1000	1
1010	0
1020	0
1030	0
1040	0
1050	0
1060	0
1070	0
1080	0
1090	0
1100	0
1110	0
1120	0
1130	0
1140	0
1150	0
1160	0
1170	0
1180	0
1190	0
1200	0
1210	0
1220	0
1230	0
1240	0
1250	0
1260	0
1270	0
1280	0
1290	0
1300	0
1310	0
1320	0
1330	0
1340	0
1350	0
1360	0
1370	0
1380	0
1390	0
1400	0
1410	0
1420	0
1430	0
1440	0
1450	0
1460	0
1470	0
1480	0
1490	0
1500	0
1510	0
1520	0
1530	0
1540	0
1550	0
1560	0
1570	0
1580	0
1590	0
1600	0
1610	0
1620	0
1630	0
1640	0
1650	0
1660	0
1670	0
1680	0
1690	0
1700	0
1710	0
1720	0
1730	0
1740	0
1750	0
1760	0
1770	0
1780	0
1790	0
1800	0
1810	0
1820	0
1830	0
1840	0
1850	0
1860	0
1870	0
1880	0
1890	0
1900	0
1910	0
1920	0
1930	0
1940	1
