starttime,duration,size,total
421.0,97,188115,2109
422.0,566,0,2578
422.0,274,19154,2286
496.0,35,30236,2047
294.0,100,188115,2112
295.0,439,0,2451
295.0,271,19154,2283
373.0,37,30236,2049
303.0,110,188115,2122
304.0,510,0,2522
304.0,353,19154,2365
390.0,42,30236,2054
298.0,116,188115,2128
299.0,557,0,2569
299.0,352,19154,2364
389.0,43,30236,2055
294.0,110,188115,2122
295.0,492,0,2504
295.0,295,19154,2307
382.0,37,30236,2049
348.0,112,188115,2124
349.0,461,0,2473
349.0,294,19154,2306
439.0,56,30236,2068
296.0,122,188115,2134
297.0,500,0,2512
298.0,344,19154,2356
393.0,46,30236,2058
292.0,120,188115,2132
292.0,494,0,2506
293.0,296,19154,2308
390.0,39,30236,2051
299.0,114,188115,2126
299.0,456,0,2468
300.0,299,19154,2311
391.0,38,30236,2050
298.0,117,188115,2129
299.0,500,0,2512
299.0,308,19154,2320
393.0,38,30236,2050
289.0,134,188115,2146
290.0,530,0,2542
290.0,379,19154,2391
399.0,46,30236,2058
288.0,123,188115,2135
288.0,536,0,2548
289.0,316,19154,2328
389.0,38,30236,2050
294.0,126,188115,2138
295.0,497,0,2509
295.0,332,19154,2344
398.0,38,30236,2050
290.0,131,188115,2143
291.0,507,0,2519
291.0,336,19154,2348
400.0,37,30236,2049
297.0,127,188115,2139
298.0,535,0,2547
299.0,314,19154,2326
402.0,39,30236,2051
306.0,131,188115,2143
307.0,484,0,2496
308.0,328,19154,2340
415.0,40,30236,2052
298.0,158,188115,2170
298.0,529,0,2541
299.0,365,19154,2377
434.0,32,30236,2044
297.0,134,188115,2146
298.0,620,0,2632
299.0,332,19154,2344
410.0,40,30236,2052
292.0,133,188115,2145
293.0,565,0,2577
293.0,327,19154,2339
403.0,38,30236,2050
291.0,136,188115,2148
292.0,522,0,2534
292.0,351,19154,2363
405.0,39,30236,2051
1081.0,139,188115,2151
1082.0,784,0,2796
1083.0,297,19154,2309
1198.0,56,30236,2068
295.0,178,188115,2190
296.0,538,0,2550
296.0,401,19154,2413
451.0,31,30236,2043
298.0,156,188115,2168
299.0,546,0,2558
299.0,406,19154,2418
433.0,37,30236,2049
297.0,84,188115,2096
298.0,547,0,2559
298.0,399,19154,2411
358.0,102,30236,2114
289.0,169,188115,2181
290.0,536,0,2548
290.0,384,19154,2396
436.0,34,30236,2046
314.0,151,188115,2163
315.0,545,0,2557
315.0,398,19154,2410
439.0,61,30236,2073
292.0,171,188115,2183
293.0,552,0,2564
293.0,399,19154,2411
440.0,47,30236,2059
287.0,82,188115,2094
288.0,595,0,2607
288.0,393,19154,2405
348.0,105,30236,2117
290.0,192,188115,2204
291.0,578,0,2590
291.0,394,19154,2406
460.0,33,30236,2045
286.0,84,188115,2096
286.0,614,0,2626
287.0,424,19154,2436
348.0,104,30236,2116
297.0,83,188115,2095
298.0,644,0,2656
299.0,427,19154,2439
359.0,113,30236,2125
292.0,83,188115,2095
293.0,612,0,2624
293.0,455,19154,2467
353.0,113,30236,2125
300.0,180,188115,2192
301.0,558,0,2570
301.0,403,19154,2415
456.0,48,30236,2060
290.0,84,188115,2096
290.0,583,0,2595
291.0,419,19154,2431
351.0,110,30236,2122
297.0,97,188115,2109
298.0,608,0,2620
298.0,425,19154,2437
372.0,116,30236,2128
288.0,170,188115,2182
289.0,572,0,2584
289.0,393,19154,2405
436.0,36,30236,2048
292.0,174,188115,2186
293.0,602,0,2614
293.0,400,19154,2412
444.0,68,30236,2080
289.0,204,188115,2216
290.0,576,0,2588
290.0,430,19154,2442
470.0,32,30236,2044
293.0,167,188115,2179
294.0,583,0,2595
294.0,425,19154,2437
439.0,40,30236,2052
287.0,173,188115,2185
288.0,604,0,2616
289.0,438,19154,2450
439.0,37,30236,2049
294.0,185,188115,2197
295.0,579,0,2591
295.0,434,19154,2446
456.0,49,30236,2061
288.0,87,188115,2099
288.0,622,0,2634
289.0,443,19154,2455
353.0,117,30236,2129
302.0,92,188115,2104
303.0,609,0,2621
303.0,427,19154,2439
371.0,121,30236,2133
1527.0,186,188115,2198
1528.0,508,0,2520
1529.0,351,19154,2363
1691.0,39,30236,2051
291.0,90,188115,2102
292.0,670,0,2682
292.0,507,19154,2519
359.0,132,30236,2144
294.0,90,188115,2102
294.0,669,0,2681
295.0,514,19154,2526
361.0,138,30236,2150
290.0,89,188115,2101
291.0,652,0,2664
291.0,467,19154,2479
357.0,142,30236,2154
301.0,208,188115,2220
302.0,548,0,2560
302.0,371,19154,2383
488.0,39,30236,2051
301.0,94,188115,2106
301.0,689,0,2701
302.0,509,19154,2521
373.0,149,30236,2161
292.0,217,188115,2229
293.0,680,0,2692
294.0,465,19154,2477
487.0,276,30236,2288
296.0,211,188115,2223
297.0,668,0,2680
297.0,367,19154,2379
485.0,41,30236,2053
401.0,94,188115,2106
401.0,695,0,2707
402.0,478,19154,2490
472.0,146,30236,2158
299.0,213,188115,2225
300.0,644,0,2656
300.0,472,19154,2484
491.0,277,30236,2289
294.0,94,188115,2106
295.0,818,0,2830
295.0,454,19154,2466
366.0,152,30236,2164
299.0,94,188115,2106
300.0,717,0,2729
300.0,545,19154,2557
371.0,156,30236,2168
380.0,94,188115,2106
381.0,713,0,2725
382.0,499,19154,2511
452.0,163,30236,2175
299.0,98,188115,2110
299.0,686,0,2698
300.0,499,19154,2511
374.0,158,30236,2170
325.0,203,188115,2215
326.0,569,0,2581
326.0,360,19154,2372
506.0,39,30236,2051
307.0,227,188115,2239
308.0,638,0,2650
308.0,345,19154,2357
512.0,41,30236,2053
288.0,96,188115,2108
289.0,713,0,2725
289.0,529,19154,2541
363.0,157,30236,2169
299.0,107,188115,2119
300.0,774,0,2786
300.0,564,19154,2576
385.0,162,30236,2174
301.0,99,188115,2111
302.0,762,0,2774
302.0,570,19154,2582
379.0,165,30236,2177
438.0,108,188115,2120
439.0,572,0,2584
440.0,260,19154,2272
524.0,172,30236,2184
298.0,239,188115,2251
299.0,647,0,2659
299.0,370,19154,2382
515.0,40,30236,2052
295.0,226,188115,2238
296.0,683,0,2695
296.0,526,19154,2538
499.0,303,30236,2315
290.0,96,188115,2108
290.0,1949,0,3961
291.0,479,19154,2491
363.0,384,30236,2396
298.0,103,188115,2115
298.0,695,0,2707
299.0,504,19154,2516
379.0,169,30236,2181
305.0,239,188115,2251
306.0,596,0,2608
306.0,411,19154,2423
521.0,204,30236,2216
293.0,101,188115,2113
294.0,734,0,2746
295.0,538,19154,2550
371.0,177,30236,2189
304.0,104,188115,2116
305.0,721,0,2733
305.0,547,19154,2559
386.0,164,30236,2176
658.0,54,188115,2066
658.0,502,0,2514
659.0,307,19154,2319
688.0,98,30236,2110
305.0,249,188115,2261
306.0,551,0,2563
306.0,384,19154,2396
530.0,42,30236,2054
358.0,103,188115,2115
359.0,714,0,2726
359.0,277,19154,2289
436.0,185,30236,2197
300.0,251,188115,2263
301.0,835,0,2847
301.0,396,19154,2408
529.0,44,30236,2056
299.0,99,188115,2111
300.0,1001,0,3013
300.0,528,19154,2540
376.0,176,30236,2188
295.0,102,188115,2114
296.0,775,0,2787
296.0,274,19154,2286
374.0,182,30236,2194
304.0,252,188115,2264
305.0,593,0,2605
305.0,414,19154,2426
533.0,179,30236,2191
306.0,103,188115,2115
306.0,953,0,2965
307.0,273,19154,2285
385.0,174,30236,2186
304.0,98,188115,2110
305.0,715,0,2727
305.0,535,19154,2547
380.0,179,30236,2191
294.0,259,188115,2271
295.0,577,0,2589
296.0,426,19154,2438
529.0,187,30236,2199
311.0,98,188115,2110
312.0,767,0,2779
312.0,494,19154,2506
386.0,196,30236,2208
299.0,101,188115,2113
299.0,768,0,2780
300.0,273,19154,2285
378.0,181,30236,2193
300.0,101,188115,2113
301.0,744,0,2756
301.0,282,19154,2294
379.0,184,30236,2196
306.0,268,188115,2280
309.0,767,0,2779
310.0,555,19154,2567
553.0,292,30236,2304
298.0,99,188115,2111
299.0,756,0,2768
299.0,276,19154,2288
375.0,196,30236,2208
300.0,104,188115,2116
301.0,771,0,2783
302.0,274,19154,2286
383.0,186,30236,2198
292.0,272,188115,2284
293.0,632,0,2644
293.0,475,19154,2487
542.0,247,30236,2259
306.0,270,188115,2282
307.0,843,0,2855
307.0,420,19154,2432
554.0,39,30236,2051
390.0,112,188115,2124
391.0,975,0,2987
392.0,286,19154,2298
478.0,207,30236,2219
301.0,106,188115,2118
302.0,879,0,2891
302.0,290,19154,2302
385.0,215,30236,2227
