starttime,duration,size,total
377.0,517,149774,2529
1496.0,304,3128,2316
404.0,103,149774,2115
1669.0,42,3128,2054
432.0,78,149774,2090
1739.0,146,3128,2158
384.0,74,149774,2086
1079.0,77,3128,2089
373.0,101,149774,2113
1668.0,106,3128,2118
366.0,102,149774,2114
1838.0,176,3128,2188
378.0,76,149774,2088
1804.0,239,3128,2251
375.0,76,149774,2088
1467.0,283,3128,2295
364.0,104,149774,2116
1755.0,86,3128,2098
369.0,77,149774,2089
1569.0,94,3128,2106
378.0,108,149774,2120
1754.0,67,3128,2079
375.0,109,149774,2121
1795.0,388,3128,2400
373.0,81,149774,2093
2017.0,48,3128,2060
368.0,256,149774,2268
1142.0,699,3128,2711
382.0,82,149774,2094
1804.0,91,3128,2103
379.0,220,149774,2232
1931.0,123,3128,2135
368.0,84,149774,2096
1961.0,544,3128,2556
363.0,84,149774,2096
1918.0,788,3128,2800
449.0,86,149774,2098
1899.0,763,3128,2775
377.0,85,149774,2097
1869.0,432,3128,2444
362.0,87,149774,2099
1982.0,797,3128,2809
364.0,119,149774,2131
2141.0,463,3128,2475
367.0,90,149774,2102
1139.0,105,3128,2117
365.0,93,149774,2105
2327.0,93,3128,2105
974.0,95,149774,2107
3373.0,79,3128,2091
461.0,95,149774,2107
2333.0,53,3128,2065
372.0,94,149774,2106
2269.0,498,3128,2510
893.0,95,149774,2107
2107.0,102,3128,2114
376.0,131,149774,2143
1162.0,112,3128,2124
381.0,95,149774,2107
2455.0,609,3128,2621
371.0,97,149774,2109
2401.0,525,3128,2537
376.0,128,149774,2140
2506.0,612,3128,2624
381.0,98,149774,2110
2599.0,557,3128,2569
373.0,126,149774,2138
1139.0,101,3128,2113
380.0,97,149774,2109
1166.0,136,3128,2148
382.0,100,149774,2112
2557.0,91,3128,2103
373.0,103,149774,2115
2589.0,570,3128,2582
451.0,100,149774,2112
1105.0,135,3128,2147
379.0,103,149774,2115
3380.0,103,3128,2115
380.0,101,149774,2113
2554.0,98,3128,2110
396.0,131,149774,2143
1182.0,1380,3128,3392
382.0,102,149774,2114
2665.0,151,3128,2163
387.0,104,149774,2116
385.0,134,149774,2146
2726.0,102,3128,2114
372.0,147,149774,2159
1172.0,98,3128,2110
367.0,122,149774,2134
3069.0,1804,3128,3816
381.0,127,149774,2139
3002.0,923,3128,2935
360.0,152,149774,2164
3314.0,993,3128,3005
381.0,252,149774,2264
4367.0,103,3128,2115
362.0,117,149774,2129
3570.0,86,3128,2098
385.0,143,149774,2155
3548.0,137,3128,2149
391.0,146,149774,2158
1221.0,101,3128,2113
375.0,111,149774,2123
2052.0,1848,3128,3860
364.0,265,149774,2277
1208.0,104,3128,2116
364.0,125,149774,2137
3432.0,139,3128,2151
377.0,284,149774,2296
2481.0,6760,3128,8772
381.0,278,149774,2290
2293.0,2323,3128,4335
375.0,135,149774,2147
6022.0,1159,3128,3171
384.0,156,149774,2168
1210.0,98,3128,2110
384.0,290,149774,2302
3095.0,693,3128,2705
381.0,157,149774,2169
3548.0,95,3128,2107
368.0,135,149774,2147
3619.0,83,3128,2095
369.0,157,149774,2169
3655.0,151,3128,2163
374.0,167,149774,2179
2488.0,99,3128,2111
361.0,106,149774,2118
1471.0,94,3128,2106
383.0,121,149774,2133
2703.0,65,3128,2077
389.0,76,149774,2088
3817.0,3861,3128,5873
395.0,128,149774,2140
1249.0,98,3128,2110
375.0,168,149774,2180
3885.0,94,3128,2106
363.0,140,149774,2152
3938.0,107,3128,2119
370.0,165,149774,2177
1242.0,88,3128,2100
429.0,176,149774,2188
3922.0,8833,3128,10845
364.0,76,149774,2088
1500.0,35,3128,2047
423.0,276,149774,2288
1131.0,251,3128,2263
382.0,77,149774,2089
2998.0,34,3128,2046
368.0,75,149774,2087
2821.0,2516,3128,4528
383.0,140,149774,2152
2535.0,57,3128,2069
356.0,76,149774,2088
1684.0,34,3128,2046
363.0,107,149774,2119
3404.0,106,3128,2118
401.0,271,149774,2283
2271.0,113,3128,2125
397.0,135,149774,2147
4086.0,114,3128,2126
375.0,78,149774,2090
3147.0,64,3128,2076
410.0,106,149774,2118
5259.0,174,3128,2186
366.0,75,149774,2087
2993.0,54,3128,2066
384.0,185,149774,2197
5469.0,112,3128,2124
371.0,76,149774,2088
4117.0,155,3128,2167
367.0,78,149774,2090
3094.0,2973,3128,4985
355.0,248,149774,2260
3036.0,65,3128,2077
384.0,107,149774,2119
1737.0,1606,3128,3618
371.0,108,149774,2120
3380.0,45,3128,2057
367.0,110,149774,2122
3529.0,58,3128,2070
