starttime,duration,size,total
1779.0,248,298417,2260
1779.0,123,33923,2135
504.0,138,298417,2150
505.0,63,33923,2075
373.0,129,298417,2141
374.0,63,33923,2075
382.0,127,298417,2139
382.0,65,33923,2077
587.0,104,298417,2116
593.0,150,33923,2162
398.0,156,298417,2168
398.0,73,33923,2085
366.0,114,298417,2126
367.0,162,33923,2174
404.0,102,298417,2114
405.0,154,33923,2166
368.0,137,298417,2149
369.0,71,33923,2083
386.0,97,298417,2109
386.0,129,33923,2141
394.0,151,298417,2163
395.0,73,33923,2085
741.0,160,298417,2172
746.0,79,33923,2091
373.0,123,298417,2135
374.0,242,33923,2254
350.0,157,298417,2169
350.0,81,33923,2093
428.0,134,298417,2146
429.0,184,33923,2196
385.0,108,298417,2120
385.0,157,33923,2169
386.0,174,298417,2186
387.0,96,33923,2108
354.0,110,298417,2122
355.0,160,33923,2172
386.0,112,298417,2124
386.0,165,33923,2177
370.0,170,298417,2182
370.0,89,33923,2101
367.0,113,298417,2125
368.0,151,33923,2163
432.0,48,298417,2060
433.0,141,33923,2153
376.0,120,298417,2132
377.0,172,33923,2184
349.0,175,298417,2187
350.0,97,33923,2109
766.0,185,298417,2197
767.0,105,33923,2117
366.0,188,298417,2200
366.0,105,33923,2117
375.0,127,298417,2139
380.0,162,33923,2174
875.0,175,298417,2187
876.0,99,33923,2111
374.0,232,298417,2244
374.0,96,33923,2108
372.0,261,298417,2273
372.0,101,33923,2113
380.0,179,298417,2191
381.0,98,33923,2110
376.0,132,298417,2144
377.0,240,33923,2252
420.0,131,298417,2143
426.0,178,33923,2190
470.0,186,298417,2198
471.0,109,33923,2121
404.0,128,298417,2140
404.0,169,33923,2181
366.0,130,298417,2142
367.0,182,33923,2194
379.0,235,298417,2247
379.0,100,33923,2112
385.0,181,298417,2193
385.0,101,33923,2113
394.0,278,298417,2290
395.0,118,33923,2130
396.0,199,298417,2211
396.0,117,33923,2129
424.0,268,298417,2280
424.0,107,33923,2119
399.0,186,298417,2198
400.0,106,33923,2118
394.0,132,298417,2144
395.0,184,33923,2196
377.0,196,298417,2208
377.0,115,33923,2127
412.0,146,298417,2158
413.0,197,33923,2209
402.0,143,298417,2155
403.0,197,33923,2209
419.0,145,298417,2157
420.0,274,33923,2286
395.0,264,298417,2276
396.0,187,33923,2199
410.0,148,298417,2160
410.0,215,33923,2227
650.0,145,298417,2157
651.0,64,33923,2076
960.0,153,298417,2165
960.0,189,33923,2201
402.0,170,298417,2182
402.0,250,33923,2262
526.0,68,298417,2080
542.0,134,33923,2146
692.0,143,298417,2155
693.0,62,33923,2074
664.0,131,298417,2143
665.0,63,33923,2075
414.0,161,298417,2173
415.0,203,33923,2215
362.0,202,298417,2214
363.0,132,33923,2144
358.0,178,298417,2190
359.0,229,33923,2241
363.0,86,298417,2098
363.0,129,33923,2141
363.0,164,298417,2176
364.0,218,33923,2230
398.0,223,298417,2235
399.0,140,33923,2152
406.0,130,298417,2142
406.0,59,33923,2071
451.0,89,298417,2101
452.0,125,33923,2137
358.0,167,298417,2179
358.0,203,33923,2215
379.0,88,298417,2100
380.0,130,33923,2142
860.0,268,298417,2280
860.0,127,33923,2139
398.0,124,298417,2136
398.0,57,33923,2069
374.0,171,298417,2183
375.0,212,33923,2224
406.0,94,298417,2106
407.0,136,33923,2148
417.0,127,298417,2139
417.0,64,33923,2076
430.0,130,298417,2142
431.0,61,33923,2073
796.0,98,298417,2110
797.0,153,33923,2165
389.0,174,298417,2186
389.0,231,33923,2243
396.0,131,298417,2143
396.0,61,33923,2073
388.0,91,298417,2103
389.0,132,33923,2144
592.0,122,298417,2134
593.0,247,33923,2259
860.0,94,298417,2106
860.0,152,33923,2164
379.0,179,298417,2191
379.0,222,33923,2234
378.0,128,298417,2140
378.0,62,33923,2074
386.0,222,298417,2234
386.0,64,33923,2076
396.0,182,298417,2194
396.0,226,33923,2238
380.0,132,298417,2144
381.0,65,33923,2077
359.0,237,298417,2249
360.0,153,33923,2165
407.0,162,298417,2174
408.0,79,33923,2091
367.0,133,298417,2145
368.0,67,33923,2079
377.0,250,298417,2262
378.0,164,33923,2176
393.0,136,298417,2148
394.0,65,33923,2077
448.0,136,298417,2148
448.0,171,33923,2183
384.0,143,298417,2155
385.0,72,33923,2084
348.0,102,298417,2114
349.0,143,33923,2155
355.0,99,298417,2111
356.0,133,33923,2145
351.0,94,298417,2106
352.0,242,33923,2254
