starttime,duration,size,total
868.0,381,6334,2393
870.0,377,12923,2389
2205.0,5962,8114,7974
2205.0,5955,3086,7967
8187.0,2787,131687,4799
808.0,47,6334,2059
809.0,600,12923,2612
1609.0,54,8114,2066
1610.0,47,3086,2059
1852.0,27,131687,2039
711.0,38,6334,2050
712.0,108,12923,2120
1579.0,29,8114,2041
1579.0,42,3086,2054
1802.0,44,131687,2056
867.0,41,6334,2053
869.0,600,12923,2612
1727.0,47,8114,2059
1728.0,53,3086,2065
2047.0,68,131687,2080
852.0,42,6334,2054
853.0,109,12923,2121
1715.0,49,8114,2061
1716.0,27,3086,2039
1995.0,25,131687,2037
660.0,45,6334,2057
661.0,573,12923,2585
1518.0,70,8114,2082
1519.0,63,3086,2075
1897.0,688,131687,2700
646.0,46,6334,2058
647.0,151,12923,2163
1498.0,18,8114,2030
1498.0,9,3086,2021
1970.0,31,131687,2043
1206.0,46,6334,2058
1208.0,607,12923,2619
2133.0,41,8114,2053
2134.0,46,3086,2058
2218.0,364,131687,2376
671.0,46,6334,2058
673.0,148,12923,2160
1517.0,60,8114,2072
1518.0,52,3086,2064
2033.0,34,131687,2046
818.0,48,6334,2060
819.0,571,12923,2583
1714.0,46,8114,2058
1715.0,23,3086,2035
2153.0,49,131687,2061
755.0,48,6334,2060
757.0,151,12923,2163
1527.0,64,8114,2076
1529.0,54,3086,2066
2079.0,29,131687,2041
1140.0,63,6334,2075
1141.0,667,12923,2679
2609.0,74,8114,2086
2610.0,67,3086,2079
3349.0,903,131687,2915
824.0,56,6334,2068
826.0,600,12923,2612
1762.0,36,8114,2048
1762.0,59,3086,2071
1866.0,620,131687,2632
743.0,68,6334,2080
745.0,285,12923,2297
1675.0,53,8114,2065
1675.0,58,3086,2070
2375.0,43,131687,2055
712.0,56,6334,2068
713.0,632,12923,2644
1570.0,39,8114,2051
1571.0,30,3086,2042
2274.0,69,131687,2081
645.0,70,6334,2082
647.0,160,12923,2172
1521.0,108,8114,2120
1521.0,99,3086,2111
2292.0,58,131687,2070
647.0,65,6334,2077
696.0,2796,12923,4808
3482.0,115,8114,2127
3483.0,90,3086,2102
4215.0,64,131687,2076
822.0,68,6334,2080
824.0,942,12923,2954
1865.0,50,8114,2062
1866.0,57,3086,2069
2677.0,61,131687,2073
499.0,68,6334,2080
552.0,637,12923,2649
1391.0,92,8114,2104
1392.0,85,3086,2097
2241.0,1108,131687,3120
1348.0,56,6334,2068
1350.0,956,12923,2968
2400.0,56,8114,2068
2400.0,48,3086,2060
3242.0,1237,131687,3249
642.0,55,6334,2067
644.0,607,12923,2619
1538.0,65,8114,2077
1538.0,57,3086,2069
2420.0,72,131687,2084
759.0,57,6334,2069
760.0,238,12923,2250
1659.0,35,8114,2047
1659.0,28,3086,2040
1765.0,736,131687,2748
1125.0,62,6334,2074
1127.0,632,12923,2644
1939.0,51,8114,2063
1939.0,56,3086,2068
2962.0,49,131687,2061
766.0,63,6334,2075
767.0,181,12923,2193
1684.0,89,8114,2101
1685.0,82,3086,2094
2840.0,1301,131687,3313
2803.0,66,6334,2078
2804.0,477,12923,2489
3708.0,38,8114,2050
3709.0,95,3086,2107
3849.0,1065,131687,3077
999.0,65,6334,2077
1000,370,12923,2382
1855.0,54,8114,2066
1856.0,47,3086,2059
3099.0,64,131687,2076
1468.0,61,6334,2073
1470.0,168,12923,2180
2298.0,121,8114,2133
2299.0,113,3086,2125
3374.0,1254,131687,3266
737.0,1541,6334,3553
738.0,2165,12923,4177
3077.0,65,8114,2077
3077.0,57,3086,2069
4241.0,57,131687,2069
807.0,77,6334,2089
808.0,659,12923,2671
1686.0,68,8114,2080
1687.0,61,3086,2073
1883.0,1102,131687,3114
929.0,71,6334,2083
930.0,850,12923,2862
2091.0,33,8114,2045
2091.0,38,3086,2050
2188.0,51,131687,2063
726.0,89,6334,2101
728.0,637,12923,2649
1949.0,356,8114,2368
1950.0,348,3086,2360
2241.0,154,131687,2166
769.0,79,6334,2091
771.0,1325,12923,3337
2194.0,53,8114,2065
2195.0,58,3086,2070
3461.0,51,131687,2063
1397.0,69,6334,2081
1398.0,946,12923,2958
2447.0,61,8114,2073
2448.0,68,3086,2080
728.0,72,6334,2084
729.0,676,12923,2688
1853.0,80,8114,2092
1853.0,73,3086,2085
1938.0,1585,131687,3597
766.0,69,6334,2081
767.0,730,12923,2742
1634.0,58,8114,2070
1635.0,47,3086,2059
2941.0,35,131687,2047
1416.0,73,6334,2085
1418.0,732,12923,2744
2352.0,27,8114,2039
2352.0,36,3086,2048
2437.0,41,131687,2053
699.0,72,6334,2084
701.0,669,12923,2681
1658.0,130,8114,2142
1659.0,123,3086,2135
3121.0,1610,131687,3622
655.0,72,6334,2084
656.0,658,12923,2670
1500.0,61,8114,2073
1501.0,65,3086,2077
2875.0,63,131687,2075
1513.0,72,6334,2084
1515.0,671,12923,2683
2480.0,78,8114,2090
2481.0,15,3086,2027
2550.0,47,131687,2059
1745.0,75,6334,2087
1746.0,677,12923,2689
2615.0,80,8114,2092
2615.0,93,3086,2105
4152.0,66,131687,2078
681.0,75,6334,2087
682.0,731,12923,2743
1617.0,31,8114,2043
1617.0,23,3086,2035
1757.0,1261,131687,3273
700.0,86,6334,2098
702.0,687,12923,2699
1606.0,138,8114,2150
1607.0,130,3086,2142
3150.0,55,131687,2067
660.0,85,6334,2097
661.0,1127,12923,3139
1891.0,535,8114,2547
1891.0,543,3086,2555
2378.0,104,131687,2116
1158.0,89,6334,2101
1160.0,680,12923,2692
2161.0,46,8114,2058
2162.0,37,3086,2049
2319.0,1335,131687,3347
637.0,80,6334,2092
639.0,501,12923,2513
1542.0,60,8114,2072
1543.0,66,3086,2078
3183.0,35,131687,2047
656.0,83,6334,2095
658.0,457,12923,2469
1590.0,65,8114,2077
1591.0,74,3086,2086
3374.0,49,131687,2061
700.0,98,6334,2110
702.0,724,12923,2736
1627.0,66,8114,2078
1628.0,58,3086,2070
1868.0,1703,131687,3715
752.0,101,6334,2113
753.0,730,12923,2742
1795.0,22,8114,2034
1796.0,31,3086,2043
1939.0,39,131687,2051
693.0,107,6334,2119
694.0,730,12923,2742
1664.0,139,8114,2151
1664.0,131,3086,2143
1922.0,1967,131687,3979
1408.0,96,6334,2108
1409.0,814,12923,2826
2455.0,23,8114,2035
2456.0,28,3086,2040
2556.0,86,131687,2098
1352.0,98,6334,2110
1353.0,762,12923,2774
2315.0,84,8114,2096
2316.0,66,3086,2078
4657.0,2386,131687,4398
741.0,99,6334,2111
743.0,773,12923,2785
1709.0,68,8114,2080
1710.0,73,3086,2085
1951.0,20,131687,2032
678.0,101,6334,2113
679.0,814,12923,2826
1708.0,19,8114,2031
1709.0,25,3086,2037
1828.0,37,131687,2049
699.0,101,6334,2113
700.0,737,12923,2749
1622.0,122,8114,2134
1623.0,112,3086,2124
1865.0,1877,131687,3889
752.0,106,6334,2118
753.0,814,12923,2826
1782.0,88,8114,2100
1782.0,95,3086,2107
1892.0,2041,131687,4053
1405.0,113,6334,2125
1407.0,836,12923,2848
2438.0,104,8114,2116
2438.0,112,3086,2124
2555.0,88,131687,2100
794.0,114,6334,2126
795.0,848,12923,2860
1744.0,98,8114,2110
1745.0,85,3086,2097
2061.0,2155,131687,4167
810.0,115,6334,2127
811.0,770,12923,2782
2459.0,21,8114,2033
2460.0,28,3086,2040
2632.0,65,131687,2077
1016.0,121,6334,2133
1017.0,776,12923,2788
2017.0,64,8114,2076
2018.0,56,3086,2068
2250.0,48,131687,2060
825.0,94,6334,2106
826.0,809,12923,2821
1840.0,111,8114,2123
1840.0,116,3086,2128
1960.0,42,131687,2054
711.0,110,6334,2122
712.0,751,12923,2763
1730.0,122,8114,2134
1730.0,128,3086,2140
1980.0,2061,131687,4073
675.0,130,6334,2142
676.0,776,12923,2788
1649.0,65,8114,2077
1649.0,71,3086,2083
1897.0,2125,131687,4137
697.0,104,6334,2116
698.0,851,12923,2863
1774.0,21,8114,2033
1775.0,28,3086,2040
1859.0,68,131687,2080
648.0,107,6334,2119
650.0,848,12923,2860
1668.0,55,8114,2067
1669.0,61,3086,2073
1860.0,75,131687,2087
740.0,110,6334,2122
741.0,468,12923,2480
1859.0,73,8114,2085
1859.0,62,3086,2074
1923.0,102,131687,2114
1130.0,114,6334,2126
1132.0,746,12923,2758
2408.0,580,8114,2592
2409.0,586,3086,2598
2997.0,69,131687,2081
684.0,118,6334,2130
685.0,1067,12923,3079
1868.0,101,8114,2113
1869.0,93,3086,2105
3884.0,79,131687,2091
813.0,110,6334,2122
814.0,779,12923,2791
1788.0,66,8114,2078
1789.0,58,3086,2070
2032.0,66,131687,2078
691.0,123,6334,2135
692.0,790,12923,2802
1746.0,30,8114,2042
1746.0,96,3086,2108
1835.0,73,131687,2085
955.0,128,6334,2140
956.0,795,12923,2807
1978.0,70,8114,2082
1978.0,56,3086,2068
2215.0,23,131687,2035
740.0,114,6334,2126
850.0,705,12923,2717
1761.0,62,8114,2074
1762.0,68,3086,2080
2016.0,51,131687,2063
740.0,119,6334,2131
741.0,772,12923,2784
1710.0,113,8114,2125
1711.0,118,3086,2130
1969.0,2294,131687,4306
983.0,123,6334,2135
985.0,788,12923,2800
1971.0,116,8114,2128
1972.0,125,3086,2137
2214.0,2435,131687,4447
793.0,116,6334,2128
794.0,822,12923,2834
1894.0,23,8114,2035
1895.0,28,3086,2040
1979.0,68,131687,2080
658.0,120,6334,2132
659.0,853,12923,2865
1737.0,39,8114,2051
1738.0,31,3086,2043
1889.0,52,131687,2064
708.0,692,6334,2704
710.0,689,12923,2701
1735.0,67,8114,2079
1736.0,131,3086,2143
2777.0,2507,131687,4519
654.0,124,6334,2136
655.0,779,12923,2791
1658.0,109,8114,2121
1659.0,115,3086,2127
1904.0,2468,131687,4480
722.0,117,6334,2129
724.0,874,12923,2886
1807.0,36,8114,2048
1808.0,48,3086,2060
1997.0,75,131687,2087
792.0,122,6334,2134
793.0,837,12923,2849
1914.0,30,8114,2042
1915.0,22,3086,2034
1999.0,95,131687,2107
695.0,115,6334,2127
696.0,798,12923,2810
1697.0,56,8114,2068
1698.0,61,3086,2073
1928.0,45,131687,2057
1296.0,126,6334,2138
1298.0,834,12923,2846
2402.0,17,8114,2029
2402.0,77,3086,2089
2538.0,48,131687,2060
889.0,126,6334,2138
891.0,895,12923,2907
1992.0,43,8114,2055
1992.0,50,3086,2062
2174.0,77,131687,2089
751.0,130,6334,2142
753.0,905,12923,2917
1897.0,28,8114,2040
1898.0,20,3086,2032
1981.0,71,131687,2083
694.0,122,6334,2134
696.0,803,12923,2815
1777.0,16,8114,2028
1777.0,23,3086,2035
1909.0,64,131687,2076
659.0,137,6334,2149
660.0,810,12923,2822
1672.0,67,8114,2079
1673.0,59,3086,2071
1928.0,36,131687,2048
744.0,131,6334,2143
745.0,848,12923,2860
1887.0,73,8114,2085
1887.0,13,3086,2025
2022.0,84,131687,2096
698.0,131,6334,2143
700.0,904,12923,2916
1817.0,52,8114,2064
1818.0,44,3086,2056
2040.0,72,131687,2084
685.0,257,6334,2269
686.0,833,12923,2845
1811.0,23,8114,2035
1811.0,81,3086,2093
1946.0,57,131687,2069
665.0,139,6334,2151
666.0,829,12923,2841
1717.0,71,8114,2083
1717.0,64,3086,2076
1990.0,51,131687,2063
723.0,144,6334,2156
725.0,943,12923,2955
1657.0,133,8114,2145
1657.0,146,3086,2158
2018.0,78,131687,2090
675.0,8,6334,2020
676.0,852,12923,2864
1613.0,152,8114,2164
1613.0,187,3086,2199
2036.0,52,131687,2064
749.0,149,6334,2161
751.0,900,12923,2912
1959.0,19,8114,2031
1959.0,11,3086,2023
2030.0,70,131687,2082
