starttime,duration,size,total
171.0,567,29637,2579
175.0,543,1655,2555
176.0,186,8963,2198
176.0,186,21147,2198
177.0,223,225927,2235
180.0,226,642,2238
180.0,234,42267,2246
182.0,224,11874,2236
789.0,65,3947,2077
789.0,215,36,2227
1040.0,33,40372,2045
226.0,41,29637,2053
231.0,27,1655,2039
231.0,37,8963,2049
232.0,29,21147,2041
232.0,21,225927,2033
236.0,127,642,2139
237.0,136,42267,2148
238.0,125,11874,2137
331.0,99,3947,2111
332.0,113,36,2125
419.0,23,40372,2035
231.0,154,29637,2166
235.0,143,1655,2155
235.0,141,8963,2153
236.0,133,21147,2145
236.0,131,225927,2143
240.0,166,642,2178
240.0,167,42267,2179
241.0,167,11874,2179
431.0,96,3947,2108
431.0,110,36,2122
533.0,19,40372,2031
170.0,87,29637,2099
174.0,87,1655,2099
175.0,87,8963,2099
175.0,86,21147,2098
176.0,154,225927,2166
180.0,203,642,2215
180.0,203,42267,2215
182.0,200,11874,2212
297.0,142,3947,2154
297.0,160,36,2172
433.0,15,40372,2027
174.0,89,29637,2101
179.0,89,1655,2101
179.0,89,8963,2101
180.0,84,21147,2096
181.0,86,225927,2098
184.0,212,642,2224
185.0,212,42267,2224
186.0,209,11874,2221
405.0,110,3947,2122
406.0,157,36,2169
489.0,36,40372,2048
177.0,256,29637,2268
248.0,164,1655,2176
249.0,31,8963,2043
249.0,23,21147,2035
250.0,26,225927,2038
256.0,76,642,2088
256.0,77,42267,2089
258.0,77,11874,2089
454.0,54,3947,2066
455.0,272,36,2284
701.0,23,40372,2035
251.0,42,29637,2054
260.0,40,1655,2052
260.0,27,8963,2039
261.0,37,21147,2049
261.0,40,225927,2052
265.0,88,642,2100
265.0,87,42267,2099
266.0,101,11874,2113
411.0,38,3947,2050
411.0,69,36,2081
476.0,16,40372,2028
175.0,83,29637,2095
244.0,117,1655,2129
245.0,120,8963,2132
245.0,117,21147,2129
246.0,122,225927,2134
250.0,192,642,2204
250.0,191,42267,2203
252.0,189,11874,2201
403.0,98,3947,2110
404.0,115,36,2127
494.0,19,40372,2031
176.0,89,29637,2101
181.0,89,1655,2101
181.0,122,8963,2134
182.0,86,21147,2098
182.0,91,225927,2103
186.0,173,642,2185
186.0,172,42267,2184
188.0,168,11874,2180
393.0,53,3947,2065
394.0,70,36,2082
459.0,17,40372,2029
173.0,104,29637,2116
251.0,86,1655,2098
252.0,82,8963,2094
252.0,81,21147,2093
253.0,83,225927,2095
256.0,93,642,2105
257.0,154,42267,2166
258.0,152,11874,2164
372.0,94,3947,2106
372.0,108,36,2120
458.0,19,40372,2031
216.0,192,29637,2204
220.0,181,1655,2193
240.0,99,8963,2111
240.0,100,21147,2112
241.0,96,225927,2108
244.0,149,642,2161
245.0,150,42267,2162
246.0,146,11874,2158
434.0,59,3947,2071
434.0,1124,36,3136
506.0,1066,40372,3078
181.0,103,29637,2115
185.0,106,1655,2118
186.0,107,8963,2119
186.0,105,21147,2117
187.0,119,225927,2131
191.0,300,642,2312
191.0,302,42267,2314
192.0,301,11874,2313
332.0,257,3947,2269
333.0,293,36,2305
551.0,34,40372,2046
177.0,100,29637,2112
181.0,107,1655,2119
181.0,105,8963,2117
182.0,104,21147,2116
182.0,103,225927,2115
186.0,188,642,2200
186.0,189,42267,2201
187.0,186,11874,2198
410.0,33,3947,2045
410.0,62,36,2074
481.0,16,40372,2028
231.0,92,29637,2104
309.0,88,1655,2100
309.0,86,8963,2098
310.0,79,21147,2091
311.0,77,225927,2089
315.0,153,642,2165
315.0,154,42267,2166
316.0,152,11874,2164
422.0,158,3947,2170
422.0,498,36,2510
571.0,18,40372,2030
171.0,71,29637,2083
178.0,74,1655,2086
178.0,129,8963,2141
179.0,129,21147,2141
179.0,131,225927,2143
183.0,161,642,2173
183.0,160,42267,2172
186.0,156,11874,2168
401.0,73,3947,2085
401.0,106,36,2118
480.0,41,40372,2053
173.0,573,29637,2585
260.0,471,1655,2483
260.0,69,8963,2081
261.0,76,21147,2088
262.0,71,225927,2083
265.0,90,642,2102
266.0,88,42267,2100
267.0,85,11874,2097
769.0,35,3947,2047
769.0,64,36,2076
839.0,34,40372,2046
214.0,107,29637,2119
302.0,132,1655,2144
302.0,123,8963,2135
303.0,132,21147,2144
304.0,129,225927,2141
307.0,150,642,2162
308.0,221,42267,2233
310.0,149,11874,2161
485.0,87,3947,2099
485.0,103,36,2115
580.0,19,40372,2031
172.0,125,29637,2137
176.0,108,1655,2120
176.0,104,8963,2116
177.0,122,21147,2134
177.0,106,225927,2118
181.0,304,642,2316
181.0,304,42267,2316
182.0,302,11874,2314
453.0,118,3947,2130
453.0,160,36,2172
565.0,15,40372,2027
171.0,69,29637,2081
176.0,130,1655,2142
177.0,71,8963,2083
177.0,69,21147,2081
178.0,72,225927,2084
181.0,144,642,2156
182.0,143,42267,2155
183.0,140,11874,2152
400.0,97,3947,2109
400.0,483,36,2495
491.0,15,40372,2027
182.0,108,29637,2120
186.0,115,1655,2127
187.0,115,8963,2127
187.0,115,21147,2127
188.0,117,225927,2129
191.0,227,642,2239
191.0,226,42267,2238
193.0,226,11874,2238
491.0,72,3947,2084
492.0,109,36,2121
593.0,15,40372,2027
181.0,268,29637,2280
185.0,264,1655,2276
185.0,106,8963,2118
186.0,121,21147,2133
186.0,129,225927,2141
190.0,187,642,2199
190.0,186,42267,2198
192.0,180,11874,2192
475.0,370,3947,2382
476.0,412,36,2424
883.0,37,40372,2049
172.0,120,29637,2132
264.0,87,1655,2099
265.0,87,8963,2099
266.0,92,21147,2104
266.0,93,225927,2105
274.0,158,642,2170
275.0,158,42267,2170
276.0,156,11874,2168
392.0,100,3947,2112
392.0,117,36,2129
486.0,18,40372,2030
172.0,123,29637,2135
268.0,96,1655,2108
269.0,98,8963,2110
270.0,98,21147,2110
270.0,96,225927,2108
274.0,121,642,2133
275.0,121,42267,2133
278.0,116,11874,2128
437.0,40,3947,2052
438.0,67,36,2079
513.0,538,40372,2550
182.0,139,29637,2151
293.0,36,1655,2048
293.0,30,8963,2042
294.0,34,21147,2046
294.0,35,225927,2047
298.0,121,642,2133
298.0,199,42267,2211
299.0,120,11874,2132
465.0,65,3947,2077
466.0,106,36,2118
558.0,11,40372,2023
178.0,80,29637,2092
182.0,146,1655,2158
182.0,147,8963,2159
183.0,152,21147,2164
183.0,151,225927,2163
187.0,170,642,2182
187.0,166,42267,2178
189.0,166,11874,2178
432.0,624,3947,2636
433.0,931,36,2943
1008.0,45,40372,2057
288.0,564,29637,2576
292.0,561,1655,2573
292.0,75,8963,2087
293.0,80,21147,2092
294.0,77,225927,2089
299.0,95,642,2107
299.0,98,42267,2110
303.0,92,11874,2104
884.0,62,3947,2074
885.0,111,36,2123
1005.0,40,40372,2052
174.0,134,29637,2146
178.0,133,1655,2145
178.0,131,8963,2143
179.0,131,21147,2143
180.0,117,225927,2129
183.0,379,642,2391
183.0,293,42267,2305
184.0,345,11874,2357
497.0,122,3947,2134
498.0,144,36,2156
611.0,16,40372,2028
178.0,76,29637,2088
183.0,84,1655,2096
183.0,81,8963,2093
184.0,80,21147,2092
185.0,82,225927,2094
188.0,236,642,2248
188.0,206,42267,2218
189.0,234,11874,2246
359.0,166,3947,2178
360.0,670,36,2682
519.0,19,40372,2031
174.0,220,29637,2232
275.0,101,1655,2113
275.0,104,8963,2116
276.0,108,21147,2120
276.0,102,225927,2114
280.0,176,642,2188
280.0,176,42267,2188
281.0,176,11874,2188
478.0,85,3947,2097
479.0,102,36,2114
570.0,21,40372,2033
176.0,122,29637,2134
179.0,126,1655,2138
180.0,125,8963,2137
180.0,143,21147,2155
181.0,127,225927,2139
184.0,248,642,2260
185.0,247,42267,2259
186.0,247,11874,2259
348.0,169,3947,2181
348.0,808,36,2820
484.0,44,40372,2056
277.0,624,29637,2636
281.0,607,1655,2619
282.0,77,8963,2089
282.0,74,21147,2086
283.0,76,225927,2088
286.0,101,642,2113
286.0,102,42267,2114
288.0,100,11874,2112
934.0,80,3947,2092
934.0,159,36,2171
1040.0,66,40372,2078
176.0,121,29637,2133
179.0,138,1655,2150
180.0,130,8963,2142
180.0,141,21147,2153
181.0,135,225927,2147
184.0,193,642,2205
184.0,192,42267,2204
185.0,246,11874,2258
399.0,82,3947,2094
399.0,115,36,2127
509.0,14,40372,2026
177.0,81,29637,2093
181.0,86,1655,2098
182.0,177,8963,2189
182.0,79,21147,2091
183.0,86,225927,2098
187.0,174,642,2186
187.0,187,42267,2199
188.0,185,11874,2197
442.0,619,3947,2631
443.0,666,36,2678
1057.0,50,40372,2062
186.0,134,29637,2146
289.0,37,1655,2049
289.0,35,8963,2047
290.0,34,21147,2046
291.0,31,225927,2043
294.0,167,642,2179
295.0,167,42267,2179
296.0,167,11874,2179
484.0,83,3947,2095
484.0,110,36,2122
574.0,18,40372,2030
192.0,131,29637,2143
202.0,127,1655,2139
202.0,125,8963,2137
203.0,123,21147,2135
203.0,127,225927,2139
207.0,151,642,2163
208.0,151,42267,2163
209.0,149,11874,2161
442.0,59,3947,2071
442.0,103,36,2115
530.0,13,40372,2025
253.0,267,29637,2279
259.0,262,1655,2274
259.0,166,8963,2178
260.0,167,21147,2179
260.0,165,225927,2177
263.0,225,642,2237
264.0,224,42267,2236
265.0,225,11874,2237
543.0,43,3947,2055
543.0,78,36,2090
615.0,17,40372,2029
181.0,138,29637,2150
189.0,131,1655,2143
189.0,119,8963,2131
190.0,129,21147,2141
190.0,132,225927,2144
194.0,145,642,2157
194.0,146,42267,2158
196.0,218,11874,2230
446.0,59,3947,2071
446.0,74,36,2086
1116.0,22,40372,2034
176.0,140,29637,2152
179.0,145,1655,2157
180.0,142,8963,2154
180.0,119,21147,2131
181.0,142,225927,2154
184.0,270,642,2282
184.0,216,42267,2228
186.0,268,11874,2280
421.0,108,3947,2120
422.0,693,36,2705
513.0,13,40372,2025
170.0,181,29637,2193
174.0,183,1655,2195
174.0,179,8963,2191
175.0,83,21147,2095
175.0,177,225927,2189
179.0,181,642,2193
179.0,180,42267,2192
181.0,192,11874,2204
459.0,659,3947,2671
460.0,716,36,2728
1113.0,54,40372,2066
224.0,130,29637,2142
228.0,130,1655,2142
228.0,205,8963,2217
229.0,128,21147,2140
229.0,162,225927,2174
233.0,354,642,2366
233.0,408,42267,2420
234.0,406,11874,2418
397.0,339,3947,2351
397.0,380,36,2392
694.0,39,40372,2051
178.0,351,29637,2363
181.0,340,1655,2352
182.0,132,8963,2144
183.0,138,21147,2150
183.0,134,225927,2146
186.0,195,642,2207
187.0,343,42267,2355
188.0,194,11874,2206
586.0,56,3947,2068
586.0,72,36,2084
653.0,18,40372,2030
254.0,189,29637,2201
260.0,97,1655,2109
261.0,173,8963,2185
261.0,186,21147,2198
262.0,184,225927,2196
265.0,246,642,2258
266.0,245,42267,2257
267.0,308,11874,2320
533.0,90,3947,2102
534.0,105,36,2117
632.0,20,40372,2032
173.0,167,29637,2179
176.0,166,1655,2178
177.0,156,8963,2168
177.0,164,21147,2176
178.0,70,225927,2082
181.0,162,642,2174
181.0,194,42267,2206
183.0,172,11874,2184
440.0,305,3947,2317
441.0,350,36,2362
740.0,41,40372,2053
177.0,154,29637,2166
181.0,153,1655,2165
181.0,152,8963,2164
182.0,153,21147,2165
182.0,137,225927,2149
186.0,206,642,2218
186.0,206,42267,2218
187.0,349,11874,2361
557.0,112,3947,2124
557.0,157,36,2169
663.0,45,40372,2057
176.0,171,29637,2183
179.0,172,1655,2184
180.0,173,8963,2185
180.0,171,21147,2183
181.0,145,225927,2157
184.0,228,642,2240
184.0,227,42267,2239
186.0,436,11874,2448
590.0,98,3947,2110
590.0,134,36,2146
695.0,41,40372,2053
179.0,206,29637,2218
184.0,194,1655,2206
184.0,100,8963,2112
185.0,103,21147,2115
186.0,101,225927,2113
189.0,202,642,2214
190.0,200,42267,2212
191.0,199,11874,2211
424.0,326,3947,2338
425.0,359,36,2371
758.0,23,40372,2035
199.0,151,29637,2163
204.0,154,1655,2166
204.0,156,8963,2168
205.0,166,21147,2178
205.0,154,225927,2166
209.0,246,642,2258
209.0,286,42267,2298
211.0,284,11874,2296
462.0,845,3947,2857
462.0,1282,36,3294
1254.0,49,40372,2061
188.0,94,29637,2106
267.0,109,1655,2121
268.0,108,8963,2120
268.0,109,21147,2121
269.0,116,225927,2128
272.0,248,642,2260
273.0,192,42267,2204
274.0,246,11874,2258
488.0,789,3947,2801
488.0,850,36,2862
1272.0,63,40372,2075
178.0,199,29637,2211
256.0,126,1655,2138
256.0,123,8963,2135
257.0,127,21147,2139
257.0,120,225927,2132
261.0,137,642,2149
261.0,139,42267,2151
262.0,137,11874,2149
425.0,282,3947,2294
425.0,321,36,2333
701.0,43,40372,2055
175.0,95,29637,2107
179.0,93,1655,2105
179.0,86,8963,2098
180.0,193,21147,2205
181.0,93,225927,2105
184.0,207,642,2219
185.0,208,42267,2220
186.0,205,11874,2217
415.0,387,3947,2399
416.0,415,36,2427
808.0,19,40372,2031
202.0,214,29637,2226
206.0,202,1655,2214
206.0,85,8963,2097
207.0,87,21147,2099
207.0,85,225927,2097
211.0,206,642,2218
212.0,206,42267,2218
213.0,275,11874,2287
454.0,959,3947,2971
455.0,1002,36,3014
1420.0,47,40372,2059
175.0,161,29637,2173
180.0,160,1655,2172
180.0,162,8963,2174
181.0,160,21147,2172
181.0,163,225927,2175
185.0,300,642,2312
185.0,297,42267,2309
186.0,297,11874,2309
385.0,423,3947,2435
385.0,3680,36,5692
763.0,41,40372,2053
171.0,161,29637,2173
176.0,163,1655,2175
176.0,168,8963,2180
177.0,163,21147,2175
177.0,165,225927,2177
181.0,298,642,2310
181.0,256,42267,2268
182.0,297,11874,2309
445.0,290,3947,2302
447.0,367,36,2379
728.0,49,40372,2061
194.0,176,29637,2188
251.0,126,1655,2138
252.0,111,8963,2123
253.0,125,21147,2137
253.0,119,225927,2131
257.0,136,642,2148
257.0,134,42267,2146
258.0,192,11874,2204
418.0,918,3947,2930
419.0,3682,36,5694
1280.0,53,40372,2065
176.0,92,29637,2104
180.0,106,1655,2118
181.0,106,8963,2118
181.0,104,21147,2116
182.0,100,225927,2112
185.0,223,642,2235
186.0,223,42267,2235
187.0,219,11874,2231
415.0,406,3947,2418
415.0,3528,36,5540
759.0,59,40372,2071
197.0,1038,29637,3050
201.0,1027,1655,3039
201.0,178,8963,2190
202.0,69,21147,2081
203.0,179,225927,2191
206.0,177,642,2189
206.0,190,42267,2202
207.0,188,11874,2200
1267.0,70,3947,2082
1268.0,96,36,2108
1371.0,38,40372,2050
193.0,168,29637,2180
341.0,41,1655,2053
341.0,32,8963,2044
342.0,38,21147,2050
343.0,40,225927,2052
346.0,145,642,2157
347.0,209,42267,2221
348.0,143,11874,2155
459.0,933,3947,2945
459.0,1324,36,3336
1346.0,56,40372,2068
173.0,226,29637,2238
176.0,102,1655,2114
177.0,223,8963,2235
177.0,222,21147,2234
178.0,224,225927,2236
182.0,222,642,2234
182.0,233,42267,2245
183.0,289,11874,2301
441.0,400,3947,2412
441.0,440,36,2452
835.0,42,40372,2054
178.0,153,29637,2165
317.0,42,1655,2054
318.0,38,8963,2050
318.0,30,21147,2042
319.0,28,225927,2040
322.0,247,642,2259
323.0,155,42267,2167
324.0,155,11874,2167
537.0,96,3947,2108
537.0,121,36,2133
627.0,17,40372,2029
192.0,195,29637,2207
255.0,133,1655,2145
256.0,133,8963,2145
257.0,119,21147,2131
257.0,118,225927,2130
261.0,143,642,2155
261.0,144,42267,2156
264.0,139,11874,2151
428.0,942,3947,2954
428.0,993,36,3005
1363.0,49,40372,2061
195.0,999,29637,3011
200.0,995,1655,3007
201.0,101,8963,2113
202.0,218,21147,2230
202.0,216,225927,2228
206.0,227,642,2239
207.0,214,42267,2226
208.0,214,11874,2226
1236.0,66,3947,2078
1237.0,87,36,2099
1319.0,21,40372,2033
192.0,99,29637,2111
195.0,96,1655,2108
196.0,102,8963,2114
197.0,99,21147,2111
197.0,96,225927,2108
201.0,261,642,2273
201.0,261,42267,2273
203.0,261,11874,2273
429.0,1073,3947,3085
429.0,1120,36,3132
1477.0,36,40372,2048
225.0,210,29637,2222
228.0,195,1655,2207
229.0,199,8963,2211
230.0,195,21147,2207
230.0,207,225927,2219
235.0,502,642,2514
236.0,558,42267,2570
237.0,557,11874,2569
761.0,115,3947,2127
761.0,133,36,2145
863.0,28,40372,2040
354.0,35,29637,2047
358.0,36,1655,2048
359.0,37,8963,2049
359.0,36,21147,2048
360.0,38,225927,2050
363.0,133,642,2145
363.0,188,42267,2200
365.0,88,11874,2100
519.0,901,3947,2913
519.0,952,36,2964
1412.0,54,40372,2066
195.0,90,29637,2102
200.0,96,1655,2108
200.0,89,8963,2101
201.0,100,21147,2112
202.0,98,225927,2110
205.0,271,642,2283
205.0,269,42267,2281
207.0,267,11874,2279
439.0,1157,3947,3169
439.0,1203,36,3215
1571.0,37,40372,2049
175.0,179,29637,2191
180.0,280,1655,2292
180.0,177,8963,2189
181.0,176,21147,2188
181.0,177,225927,2189
185.0,276,642,2288
185.0,316,42267,2328
186.0,275,11874,2287
468.0,342,3947,2354
469.0,413,36,2425
776.0,30,40372,2042
175.0,110,29637,2122
179.0,110,1655,2122
180.0,108,8963,2120
180.0,108,21147,2120
181.0,106,225927,2118
185.0,275,642,2287
185.0,275,42267,2287
186.0,272,11874,2284
426.0,1093,3947,3105
427.0,1127,36,3139
585.0,965,40372,2977
179.0,178,29637,2190
337.0,33,1655,2045
338.0,35,8963,2047
339.0,34,21147,2046
339.0,38,225927,2050
342.0,144,642,2156
343.0,142,42267,2154
344.0,236,11874,2248
452.0,243,3947,2255
453.0,288,36,2300
638.0,29,40372,2041
182.0,180,29637,2192
346.0,151,1655,2163
346.0,152,8963,2164
347.0,152,21147,2164
348.0,148,225927,2160
351.0,294,642,2306
351.0,294,42267,2306
352.0,293,11874,2305
610.0,118,3947,2130
610.0,136,36,2148
714.0,27,40372,2039
193.0,69,29637,2081
197.0,197,1655,2209
198.0,191,8963,2203
198.0,65,21147,2077
199.0,189,225927,2201
202.0,193,642,2205
202.0,205,42267,2217
204.0,204,11874,2216
431.0,1155,3947,3167
432.0,1195,36,3207
1580.0,17,40372,2029
173.0,199,29637,2211
178.0,186,1655,2198
179.0,186,8963,2198
179.0,194,21147,2206
180.0,180,225927,2192
183.0,262,642,2274
183.0,261,42267,2273
185.0,260,11874,2272
411.0,1005,3947,3017
412.0,1052,36,3064
1411.0,50,40372,2062
168.0,178,29637,2190
172.0,180,1655,2192
172.0,180,8963,2192
173.0,249,21147,2261
173.0,177,225927,2189
177.0,323,642,2335
177.0,322,42267,2334
178.0,322,11874,2334
386.0,456,3947,2468
387.0,4059,36,6071
792.0,47,40372,2059
184.0,107,29637,2119
189.0,109,1655,2121
189.0,106,8963,2118
191.0,102,21147,2114
191.0,104,225927,2116
195.0,278,642,2290
195.0,277,42267,2289
197.0,289,11874,2301
440.0,1216,3947,3228
440.0,1239,36,3251
1606.0,62,40372,2074
174.0,108,29637,2120
178.0,225,1655,2237
178.0,225,8963,2237
179.0,233,21147,2245
179.0,96,225927,2108
183.0,231,642,2243
183.0,229,42267,2241
185.0,229,11874,2241
452.0,426,3947,2438
452.0,452,36,2464
872.0,29,40372,2041
166.0,72,29637,2084
170.0,74,1655,2086
170.0,76,8963,2088
171.0,224,21147,2236
172.0,256,225927,2268
175.0,291,642,2303
175.0,257,42267,2269
177.0,255,11874,2267
391.0,506,3947,2518
392.0,4205,36,6217
828.0,65,40372,2077
245.0,1002,29637,3014
249.0,990,1655,3002
250.0,196,8963,2208
250.0,196,21147,2208
251.0,198,225927,2210
256.0,197,642,2209
256.0,207,42267,2219
257.0,208,11874,2220
1293.0,51,3947,2063
1293.0,88,36,2100
1376.0,44,40372,2056
172.0,191,29637,2203
176.0,187,1655,2199
177.0,187,8963,2199
177.0,190,21147,2202
178.0,193,225927,2205
182.0,472,642,2484
182.0,471,42267,2483
183.0,524,11874,2536
676.0,169,3947,2181
676.0,213,36,2225
839.0,46,40372,2058
175.0,101,29637,2113
180.0,102,1655,2114
181.0,228,8963,2240
181.0,97,21147,2109
182.0,100,225927,2112
186.0,280,642,2292
186.0,314,42267,2326
187.0,279,11874,2291
434.0,466,3947,2478
434.0,4276,36,6288
841.0,71,40372,2083
165.0,196,29637,2208
332.0,182,1655,2194
332.0,180,8963,2192
333.0,189,21147,2201
333.0,182,225927,2194
337.0,301,642,2313
337.0,299,42267,2311
338.0,299,11874,2311
591.0,115,3947,2127
592.0,127,36,2139
700.0,29,40372,2041
166.0,111,29637,2123
256.0,145,1655,2157
256.0,144,8963,2156
257.0,154,21147,2166
258.0,148,225927,2160
263.0,162,642,2174
263.0,220,42267,2232
266.0,158,11874,2170
450.0,421,3947,2433
451.0,445,36,2457
843.0,41,40372,2053
201.0,325,29637,2337
205.0,309,1655,2321
205.0,202,8963,2214
206.0,181,21147,2193
206.0,188,225927,2200
210.0,276,642,2288
210.0,309,42267,2321
212.0,315,11874,2327
1424.0,72,3947,2084
1424.0,108,36,2120
1539.0,39,40372,2051
191.0,101,29637,2113
195.0,100,1655,2112
196.0,104,8963,2116
196.0,1387,21147,3399
197.0,97,225927,2109
201.0,282,642,2294
201.0,279,42267,2291
202.0,279,11874,2291
453.0,1153,3947,3165
454.0,1216,36,3228
1664.0,14,40372,2026
169.0,102,29637,2114
174.0,108,1655,2120
175.0,111,8963,2123
175.0,107,21147,2119
176.0,109,225927,2121
180.0,283,642,2295
180.0,316,42267,2328
182.0,314,11874,2326
429.0,442,3947,2454
429.0,3943,36,5955
814.0,69,40372,2081
175.0,83,29637,2095
244.0,142,1655,2154
245.0,150,8963,2162
245.0,150,21147,2162
246.0,152,225927,2164
250.0,164,642,2176
250.0,161,42267,2173
252.0,217,11874,2229
436.0,295,3947,2307
437.0,338,36,2350
738.0,48,40372,2060
187.0,114,29637,2126
191.0,246,1655,2258
192.0,269,8963,2281
192.0,246,21147,2258
193.0,300,225927,2312
196.0,313,642,2325
196.0,338,42267,2350
198.0,336,11874,2348
458.0,1200,3947,3212
458.0,4643,36,6655
1582.0,42,40372,2054
167.0,626,29637,2638
170.0,624,1655,2636
171.0,70,8963,2082
171.0,72,21147,2084
172.0,217,225927,2229
175.0,214,642,2226
176.0,227,42267,2239
177.0,226,11874,2238
825.0,66,3947,2078
825.0,86,36,2098
905.0,21,40372,2033
192.0,100,29637,2112
277.0,147,1655,2159
277.0,154,8963,2166
278.0,142,21147,2154
278.0,145,225927,2157
282.0,246,642,2258
282.0,299,42267,2311
284.0,243,11874,2255
549.0,913,3947,2925
550.0,940,36,2952
1469.0,31,40372,2043
192.0,217,29637,2229
250.0,159,1655,2171
252.0,162,8963,2174
253.0,163,21147,2175
254.0,156,225927,2168
258.0,257,642,2269
258.0,311,42267,2323
259.0,309,11874,2321
536.0,1057,3947,3069
536.0,1110,36,3122
1586.0,57,40372,2069
182.0,83,29637,2095
186.0,220,1655,2232
186.0,236,8963,2248
187.0,80,21147,2092
187.0,239,225927,2251
191.0,277,642,2289
191.0,276,42267,2288
192.0,276,11874,2288
434.0,1388,3947,3400
435.0,1428,36,3440
1783.0,35,40372,2047
239.0,172,29637,2184
245.0,166,1655,2178
245.0,167,8963,2179
246.0,155,21147,2167
247.0,156,225927,2168
252.0,176,642,2188
252.0,173,42267,2185
254.0,173,11874,2185
452.0,1325,3947,3337
452.0,1404,36,3416
1785.0,68,40372,2080
175.0,597,29637,2609
179.0,595,1655,2607
180.0,239,8963,2251
181.0,81,21147,2093
181.0,82,225927,2094
186.0,237,642,2249
187.0,236,42267,2248
188.0,250,11874,2262
850.0,104,3947,2116
850.0,136,36,2148
981.0,23,40372,2035
166.0,93,29637,2105
170.0,257,1655,2269
170.0,248,8963,2260
171.0,247,21147,2259
171.0,92,225927,2104
175.0,308,642,2320
175.0,253,42267,2265
176.0,317,11874,2329
450.0,4844,3947,6856
451.0,4958,36,6970
925.0,66,40372,2078
171.0,567,29637,2579
175.0,543,1655,2555
176.0,186,8963,2198
176.0,186,21147,2198
177.0,223,225927,2235
180.0,226,642,2238
180.0,234,42267,2246
182.0,224,11874,2236
789.0,65,3947,2077
789.0,215,36,2227
1040.0,33,40372,2045
