starttime,duration,size,total
335.0,695,65064,1030.0
336.0,534,21055,870.0
221.0,214,65064,435.0
227.0,212,21055,439.0
220.0,245,65064,465.0
220.0,249,21055,469.0
217.0,195,65064,412.0
218.0,198,21055,416.0
268.0,639,65064,907.0
269.0,629,21055,898.0
222.0,1189,65064,1411.0
223.0,192,21055,415.0
224.0,175,65064,399.0
225.0,187,21055,412.0
238.0,221,65064,459.0
239.0,224,21055,463.0
298.0,269,65064,567.0
299.0,273,21055,572.0
617.0,301,65064,918.0
618.0,304,21055,922.0
229.0,554,65064,783.0
230.0,545,21055,775.0
221.0,664,65064,885.0
222.0,655,21055,877.0
224.0,266,65064,490.0
225.0,269,21055,494.0
560.0,186,65064,746.0
561.0,190,21055,751.0
231.0,221,65064,452.0
231.0,211,21055,442.0
234.0,271,65064,505.0
236.0,262,21055,498.0
217.0,222,65064,439.0
217.0,212,21055,429.0
282.0,306,65064,588.0
283.0,298,21055,581.0
224.0,227,65064,451.0
225.0,232,21055,457.0
217.0,442,65064,659.0
218.0,432,21055,650.0
218.0,231,65064,449.0
219.0,235,21055,454.0
222.0,410,65064,632.0
222.0,403,21055,625.0
242.0,132,65064,374.0
243.0,155,21055,398.0
232.0,281,65064,513.0
233.0,272,21055,505.0
1129.0,651,65064,1780.0
1130.0,624,21055,1754.0
525.0,557,65064,1082.0
525.0,544,21055,1069.0
218.0,274,65064,492.0
219.0,279,21055,498.0
216.0,410,65064,626.0
217.0,401,21055,618.0
220.0,276,65064,496.0
220.0,267,21055,487.0
231.0,274,65064,505.0
232.0,266,21055,498.0
224.0,725,65064,949.0
225.0,729,21055,954.0
240.0,645,65064,885.0
241.0,636,21055,877.0
217.0,290,65064,507.0
218.0,281,21055,499.0
288.0,346,65064,634.0
288.0,349,21055,637.0
410.0,350,65064,760.0
411.0,355,21055,766.0
228.0,426,65064,654.0
229.0,418,21055,647.0
222.0,421,65064,643.0
222.0,425,21055,647.0
311.0,325,65064,636.0
312.0,329,21055,641.0
223.0,425,65064,648.0
224.0,418,21055,642.0
224.0,209,65064,433.0
225.0,200,21055,425.0
223.0,677,65064,900.0
224.0,682,21055,906.0
235.0,277,65064,512.0
235.0,280,21055,515.0
220.0,279,65064,499.0
221.0,284,21055,505.0
222.0,173,65064,395.0
223.0,177,21055,400.0
218.0,295,65064,513.0
218.0,299,21055,517.0
248.0,435,65064,683.0
249.0,437,21055,686.0
219.0,462,65064,681.0
220.0,466,21055,686.0
241.0,451,65064,692.0
242.0,443,21055,685.0
221.0,471,65064,692.0
221.0,475,21055,696.0
226.0,483,65064,709.0
227.0,488,21055,715.0
227.0,215,65064,442.0
228.0,219,21055,447.0
217.0,495,65064,712.0
218.0,501,21055,719.0
222.0,184,65064,406.0
222.0,188,21055,410.0
222.0,472,65064,694.0
223.0,465,21055,688.0
219.0,232,65064,451.0
220.0,238,21055,458.0
218.0,465,65064,683.0
219.0,469,21055,688.0
221.0,180,65064,401.0
221.0,171,21055,392.0
221.0,500,65064,721.0
222.0,492,21055,714.0
414.0,337,65064,751.0
415.0,341,21055,756.0
218.0,474,65064,692.0
219.0,480,21055,699.0
212.0,630,65064,842.0
213.0,619,21055,832.0
226.0,483,65064,709.0
227.0,488,21055,715.0
223.0,236,65064,459.0
224.0,226,21055,450.0
220.0,504,65064,724.0
221.0,509,21055,730.0
222.0,262,65064,484.0
223.0,266,21055,489.0
422.0,569,65064,991.0
423.0,572,21055,995.0
246.0,711,65064,957.0
247.0,702,21055,949.0
222.0,512,65064,734.0
223.0,516,21055,739.0
234.0,519,65064,753.0
235.0,510,21055,745.0
221.0,517,65064,738.0
222.0,520,21055,742.0
230.0,538,65064,768.0
231.0,529,21055,760.0
226.0,556,65064,782.0
226.0,548,21055,774.0
223.0,196,65064,419.0
223.0,187,21055,410.0
228.0,532,65064,760.0
229.0,523,21055,752.0
227.0,237,65064,464.0
228.0,227,21055,455.0
717.0,331,65064,1048.0
718.0,334,21055,1052.0
445.0,564,65064,1009.0
445.0,557,21055,1002.0
225.0,264,65064,489.0
226.0,273,21055,499.0
229.0,534,65064,763.0
230.0,527,21055,757.0
226.0,172,65064,398.0
227.0,177,21055,404.0
235.0,194,65064,429.0
236.0,185,21055,421.0
230.0,232,65064,462.0
230.0,236,21055,466.0
227.0,256,65064,483.0
228.0,247,21055,475.0
227.0,237,65064,464.0
228.0,245,21055,473.0
246.0,242,65064,488.0
247.0,246,21055,493.0
232.0,256,65064,488.0
233.0,260,21055,493.0
225.0,735,65064,960.0
226.0,725,21055,951.0
228.0,539,65064,767.0
229.0,529,21055,758.0
231.0,540,65064,771.0
231.0,546,21055,777.0
228.0,254,65064,482.0
228.0,246,21055,474.0
222.0,262,65064,484.0
223.0,254,21055,477.0
224.0,728,65064,952.0
225.0,732,21055,957.0
