starttime,duration,size,total
360.0,456,8134,2468
361.0,373,7633,2385
361.0,369,105088,2381
1041.0,85,1419,2097
1358.0,250,285401,2262
1359.0,166,17514,2178
41.0,149,8134,2161
42.0,81,7633,2093
42.0,79,105088,2091
778.0,71,285401,2083
779.0,97,17514,2109
879.0,94,1419,2106
45.0,135,8134,2147
46.0,61,7633,2073
46.0,58,105088,2070
879.0,94,285401,2106
879.0,101,17514,2113
888.0,148,1419,2160
402.0,476,8134,2488
403.0,396,7633,2408
403.0,78,105088,2090
1609.0,90,285401,2102
1610.0,57,17514,2069
1614.0,205,1419,2217
50.0,64,8134,2076
51.0,133,7633,2145
52.0,53,105088,2065
963.0,118,285401,2130
963.0,62,17514,2074
967.0,201,1419,2213
42.0,74,8134,2086
43.0,75,7633,2087
44.0,172,105088,2184
2615.0,34,1419,2046
2945.0,122,285401,2134
2946.0,68,17514,2080
416.0,382,8134,2394
417.0,456,7633,2468
417.0,282,106376,2294
1440.0,86,285401,2098
1440.0,47,17514,2059
1604.0,41,1419,2053
46.0,149,8134,2161
47.0,72,7633,2084
48.0,69,106376,2081
813.0,95,285401,2107
814.0,35,17514,2047
1279.0,228,1419,2240
47.0,86,8134,2098
48.0,156,7633,2168
48.0,82,106376,2094
788.0,395,285401,2407
788.0,292,17514,2304
1126.0,136,1419,2148
45.0,170,8134,2182
46.0,77,7633,2089
47.0,90,106376,2102
862.0,474,285401,2486
862.0,497,17514,2509
912.0,477,1419,2489
62.0,166,8134,2178
63.0,167,7633,2179
63.0,263,106997,2275
914.0,62,285401,2074
915.0,95,17514,2107
1090.0,535,1419,2547
421.0,517,8134,2529
421.0,436,7633,2448
422.0,56,106997,2068
1557.0,46,1419,2058
5595.0,632,285401,2644
5596.0,651,17514,2663
386.0,385,8134,2397
387.0,464,7633,2476
387.0,95,106998,2107
1720.0,71,285401,2083
1721.0,30,17514,2042
2299.0,94,1419,2106
41.0,86,8134,2098
41.0,87,7633,2099
42.0,168,107681,2180
1063.0,573,285401,2585
1064.0,535,17514,2547
1095.0,652,1419,2664
46.0,99,8134,2111
47.0,100,7633,2112
49.0,189,108291,2201
1067.0,736,285401,2748
1067.0,697,17514,2709
1882.0,69,1419,2081
40.0,58,8134,2070
41.0,56,7633,2068
41.0,153,108963,2165
1059.0,74,285401,2086
1059.0,34,17514,2046
1183.0,561,1419,2573
1170.0,473,8134,2485
1171.0,390,7633,2402
1172.0,129,108975,2141
2212.0,76,285401,2088
2212.0,108,17514,2120
2346.0,73,1419,2085
48.0,58,8134,2070
49.0,141,7633,2153
49.0,70,108975,2082
1161.0,64,285401,2076
1162.0,96,17514,2108
1839.0,88,1419,2100
41.0,112,8134,2124
41.0,182,7633,2194
42.0,109,108975,2121
1236.0,613,285401,2625
1237.0,638,17514,2650
1788.0,115,1419,2127
382.0,386,8134,2398
383.0,471,7633,2483
384.0,96,110251,2108
1851.0,92,285401,2104
1852.0,30,17514,2042
2483.0,445,1419,2457
42.0,86,8134,2098
43.0,84,7633,2096
44.0,180,110251,2192
1222.0,57,285401,2069
1223.0,68,17514,2080
1923.0,341,1419,2353
64.0,150,8134,2162
64.0,64,7633,2076
65.0,62,110251,2074
1092.0,52,285401,2064
1093.0,64,17514,2076
2042.0,68,1419,2080
43.0,80,8134,2092
44.0,75,7633,2087
44.0,173,110251,2185
1379.0,96,285401,2108
1380.0,31,17514,2043
2181.0,54,1419,2066
43.0,144,8134,2156
43.0,69,7633,2081
44.0,66,110251,2078
1385.0,1146,285401,3158
1386.0,1173,17514,3185
2615.0,55,1419,2067
391.0,462,8134,2474
392.0,387,7633,2399
393.0,72,110251,2084
2234.0,693,285401,2705
2235.0,637,17514,2649
2945.0,90,1419,2102
43.0,72,8134,2084
44.0,70,7633,2082
44.0,152,110251,2164
1596.0,62,285401,2074
1596.0,97,17514,2109
1746.0,863,1419,2875
386.0,387,8134,2399
387.0,465,7633,2477
388.0,68,110251,2080
2077.0,75,285401,2087
2078.0,33,17514,2045
2873.0,79,1419,2091
389.0,396,8134,2408
390.0,470,7633,2482
391.0,72,110251,2084
2179.0,731,285401,2743
2180.0,694,17514,2706
2951.0,79,1419,2091
40.0,77,8134,2089
41.0,152,7633,2164
41.0,65,110251,2077
1294.0,63,285401,2075
1295.0,99,17514,2111
1483.0,79,1419,2091
42.0,78,8134,2090
43.0,168,7633,2180
43.0,68,110251,2080
1706.0,849,285401,2861
1707.0,879,17514,2891
2476.0,140,1419,2152
396.0,484,8134,2496
396.0,410,7633,2422
397.0,73,110251,2085
2400.0,94,285401,2106
2401.0,30,17514,2042
3299.0,89,1419,2101
45.0,62,8134,2074
46.0,63,7633,2075
47.0,140,110251,2152
1629.0,60,285401,2072
1630.0,98,17514,2110
2616.0,84,1419,2096
40.0,72,8134,2084
40.0,67,7633,2079
41.0,176,110251,2188
1363.0,58,285401,2070
1364.0,70,17514,2082
2735.0,59,1419,2071
396.0,473,8134,2485
397.0,392,7633,2404
397.0,71,110251,2083
2425.0,97,285401,2109
2425.0,32,17514,2044
2561.0,876,1419,2888
41.0,75,8134,2087
42.0,144,7633,2156
42.0,65,110251,2077
1452.0,58,285401,2070
1452.0,93,17514,2105
2876.0,50,1419,2062
43.0,98,8134,2110
43.0,57,7633,2069
44.0,70,110251,2082
1436.0,58,285401,2070
1437.0,95,17514,2107
2941.0,45,1419,2057
54.0,80,8134,2092
55.0,153,7633,2165
55.0,68,110251,2080
1439.0,91,285401,2103
1440.0,48,17514,2060
1677.0,45,1419,2057
56.0,150,8134,2162
56.0,78,7633,2090
57.0,66,110251,2078
1454.0,96,285401,2108
1455.0,28,17514,2040
1642.0,71,1419,2083
45.0,194,8134,2206
46.0,122,7633,2134
47.0,119,110251,2131
1412.0,1388,285401,3400
1412.0,1416,17514,3428
2865.0,103,1419,2115
421.0,537,8134,2549
422.0,456,7633,2468
423.0,178,110251,2190
1913.0,201,285401,2213
1914.0,74,17514,2086
1959.0,57,1419,2069
48.0,190,8134,2202
49.0,116,7633,2128
50.0,109,110251,2121
1386.0,1377,285401,3389
1387.0,1405,17514,3417
2840.0,96,1419,2108
376.0,460,8134,2472
377.0,386,7633,2398
378.0,66,110251,2078
2504.0,70,285401,2082
2505.0,29,17514,2041
2639.0,908,1419,2920
434.0,479,8134,2491
435.0,398,7633,2410
435.0,75,110251,2087
1958.0,52,285401,2064
1959.0,87,17514,2099
2151.0,65,1419,2077
42.0,175,8134,2187
43.0,97,7633,2109
44.0,69,110251,2081
1487.0,63,285401,2075
1487.0,98,17514,2110
3036.0,51,1419,2063
44.0,142,8134,2154
46.0,212,7633,2224
46.0,134,110251,2146
1400.0,150,285401,2162
1401.0,83,17514,2095
1587.0,65,1419,2077
395.0,550,8134,2562
396.0,462,7633,2474
397.0,80,110251,2092
2905.0,72,285401,2084
2905.0,31,17514,2043
4280.0,78,1419,2090
41.0,61,8134,2073
41.0,99,7633,2111
42.0,73,110251,2085
1619.0,1868,285401,3880
1620.0,1826,17514,3838
3597.0,58,1419,2070
45.0,132,8134,2144
46.0,216,7633,2228
47.0,100,110251,2112
1830.0,175,285401,2187
1830.0,111,17514,2123
1917.0,119,1419,2131
403.0,407,8134,2419
404.0,484,7633,2496
405.0,73,110251,2085
3236.0,1412,285788,3424
3237.0,1424,16946,3436
4708.0,83,1419,2095
43.0,59,8134,2071
44.0,148,7633,2160
44.0,71,110251,2083
1908.0,55,285401,2067
1909.0,92,17514,2104
2124.0,44,1419,2056
41.0,198,8134,2210
42.0,120,7633,2132
42.0,118,110251,2130
1716.0,101,285401,2113
1716.0,35,17514,2047
4081.0,83,1419,2095
73.0,119,8134,2131
74.0,190,7633,2202
75.0,80,110251,2092
1720.0,97,285401,2109
1720.0,134,17514,2146
1898.0,2013,1419,4025
47.0,150,8134,2162
48.0,72,7633,2084
48.0,70,110251,2082
1886.0,51,285401,2063
1887.0,65,17514,2077
2054.0,86,1419,2098
44.0,79,8134,2091
45.0,145,7633,2157
45.0,69,110251,2081
1654.0,2069,285401,4081
1655.0,2031,17514,4043
1733.0,2039,1419,4051
404.0,482,8134,2494
405.0,399,7633,2411
406.0,67,110251,2079
3308.0,1551,285401,3563
3309.0,1561,17514,3573
4959.0,82,1419,2094
42.0,156,8134,2168
44.0,79,7633,2091
44.0,68,110251,2080
1738.0,58,285401,2070
1738.0,94,17514,2106
1957.0,47,1419,2059
375.0,464,8134,2476
376.0,390,7633,2402
377.0,73,110251,2085
3414.0,67,285401,2079
3415.0,102,17514,2114
4831.0,67,1419,2079
399.0,397,8134,2409
400.0,519,7633,2531
401.0,70,110251,2082
3665.0,125,285401,2137
3665.0,74,17514,2086
5214.0,75,1419,2087
45.0,151,8134,2163
45.0,82,7633,2094
46.0,80,110251,2092
1870.0,105,285788,2117
1871.0,33,16946,2045
2043.0,54,1419,2066
47.0,189,8134,2201
47.0,116,7633,2128
48.0,109,110251,2121
1662.0,112,285401,2124
1663.0,146,17514,2158
1863.0,47,1419,2059
395.0,521,8134,2533
396.0,412,7633,2424
397.0,67,110251,2079
2533.0,59,285401,2071
2533.0,97,17514,2109
2827.0,2309,1419,4321
40.0,152,8134,2164
41.0,68,7633,2080
42.0,81,110251,2093
1886.0,175,285401,2187
1887.0,68,17514,2080
1898.0,90,1419,2102
40.0,102,8134,2114
41.0,206,7633,2218
42.0,79,110251,2091
1892.0,97,285401,2109
1893.0,35,17514,2047
2083.0,71,1419,2083
398.0,483,8134,2495
398.0,407,7633,2419
399.0,76,110251,2088
3655.0,94,285401,2106
3656.0,31,17514,2043
5121.0,177,1419,2189
47.0,70,8134,2082
48.0,62,7633,2074
49.0,148,110251,2160
2067.0,54,285401,2066
2067.0,90,17514,2102
2271.0,66,1419,2078
415.0,496,8134,2508
415.0,403,7633,2415
416.0,73,110251,2085
2305.0,61,285401,2073
2306.0,89,17514,2101
2524.0,2107,1419,4119
441.0,485,8134,2497
442.0,404,7633,2416
443.0,76,110251,2088
2435.0,66,285401,2078
2436.0,100,17514,2112
2560.0,192,1419,2204
41.0,75,8134,2087
41.0,98,7633,2110
42.0,73,110251,2085
2020.0,62,285401,2074
2021.0,98,17514,2110
2222.0,65,1419,2077
48.0,70,8134,2082
49.0,71,7633,2083
50.0,164,110251,2176
1700.0,130,285401,2142
1701.0,137,17514,2149
1786.0,162,1419,2174
396.0,430,8134,2442
396.0,506,7633,2518
397.0,71,110251,2083
1409.0,2552,1419,4564
3933.0,124,285401,2136
3933.0,90,17514,2102
102.0,205,8134,2217
102.0,133,7633,2145
103.0,85,110251,2097
1882.0,93,285401,2105
1882.0,28,17514,2040
2021.0,99,1419,2111
41.0,63,8134,2075
42.0,154,7633,2166
42.0,82,110251,2094
2056.0,2295,285401,4307
2056.0,2310,17514,4322
2188.0,2122,1419,4134
56.0,88,8134,2100
57.0,160,7633,2172
60.0,81,110251,2093
1940.0,99,285401,2111
1941.0,30,17514,2042
2124.0,97,1419,2109
41.0,77,8134,2089
41.0,75,7633,2087
42.0,162,110251,2174
1881.0,209,285401,2221
1881.0,62,17514,2074
1922.0,110,1419,2122
42.0,66,8134,2078
42.0,67,7633,2079
43.0,157,110251,2169
1906.0,63,285401,2075
1907.0,98,17514,2110
2043.0,115,1419,2127
396.0,399,8134,2411
397.0,482,7633,2494
397.0,83,110251,2095
2789.0,2896,285401,4908
2790.0,2916,17514,4928
5794.0,165,1419,2177
44.0,73,8134,2085
45.0,155,7633,2167
46.0,85,110251,2097
2159.0,91,285401,2103
2160.0,28,17514,2040
2351.0,68,1419,2080
381.0,391,8134,2403
381.0,471,7633,2483
382.0,77,110251,2089
2680.0,2831,285401,4843
2681.0,2851,17514,4863
2706.0,2907,1419,4919
435.0,550,8134,2562
437.0,468,7633,2480
437.0,88,110251,2100
2576.0,220,285401,2232
2577.0,106,17514,2118
2611.0,69,1419,2081
44.0,80,8134,2092
45.0,111,7633,2123
46.0,77,110251,2089
1888.0,99,285401,2111
1889.0,110,17514,2122
1932.0,93,1419,2105
37.0,78,8134,2090
38.0,158,7633,2170
39.0,90,110251,2102
1886.0,195,285788,2207
1887.0,124,16946,2136
1999.0,114,1419,2126
396.0,418,8134,2430
397.0,489,7633,2501
398.0,84,110251,2096
3027.0,2846,285788,4858
3028.0,2879,16946,4891
6144.0,66,1419,2078
43.0,79,8134,2091
43.0,159,7633,2171
44.0,90,110251,2102
2084.0,109,285788,2121
2084.0,36,16946,2048
2281.0,85,1419,2097
47.0,87,8134,2099
47.0,156,7633,2168
48.0,84,110251,2096
2085.0,105,285788,2117
2085.0,33,16946,2045
2286.0,84,1419,2096
392.0,525,8134,2537
393.0,454,7633,2466
393.0,82,110251,2094
4083.0,110,285788,2122
4083.0,142,16946,2154
5906.0,74,1419,2086
46.0,70,8134,2082
47.0,76,7633,2088
47.0,157,110251,2169
2189.0,70,285788,2082
2190.0,29,16946,2041
2394.0,72,1419,2084
38.0,163,8134,2175
41.0,71,7633,2083
41.0,90,110251,2102
1782.0,2869,285788,4881
1783.0,2802,16946,4814
1903.0,2777,1419,4789
71.0,170,8134,2182
72.0,92,7633,2104
72.0,80,110251,2092
2118.0,105,285788,2117
2119.0,36,16946,2048
2336.0,50,1419,2062
43.0,107,8134,2119
44.0,81,7633,2093
45.0,79,110251,2091
1776.0,240,285788,2252
1776.0,169,16946,2181
1933.0,112,1419,2124
44.0,138,8134,2150
46.0,213,7633,2225
47.0,91,110251,2103
2137.0,108,285788,2120
2138.0,206,16946,2218
2257.0,3182,1419,5194
389.0,589,8134,2601
390.0,515,7633,2527
390.0,81,110251,2093
4578.0,116,285788,2128
4579.0,146,16946,2158
4791.0,2109,1419,4121
146.0,84,8134,2096
146.0,82,7633,2094
147.0,164,110251,2176
2236.0,148,285788,2160
2237.0,26,16946,2038
2413.0,74,1419,2086
