-5	78
0	13
5	0
10	0
15	0
20	0
25	0
30	0
35	0
40	0
45	0
50	0
55	0
60	0
65	0
70	0
75	0
80	0
85	0
90	0
95	0
100	0
105	0
110	0
115	0
120	0
125	0
130	0
135	0
140	0
145	0
150	0
155	0
160	0
165	0
170	0
175	0
180	0
185	0
190	0
195	0
200	0
205	0
210	0
215	0
220	0
225	0
230	0
235	0
240	0
245	0
250	0
255	0
260	0
265	0
270	0
275	0
280	0
285	0
290	0
295	0
300	0
305	0
310	0
315	0
320	0
325	0
330	0
335	0
340	0
345	0
350	0
355	0
360	0
365	0
370	0
375	0
380	0
385	0
390	0
395	0
400	0
405	0
410	0
415	0
420	0
425	0
430	0
435	0
440	0
445	0
450	0
455	0
460	0
465	0
470	0
475	0
480	0
485	0
490	0
495	0
500	0
505	0
510	0
515	0
520	0
525	0
530	0
535	0
540	0
545	0
550	1
555	0
560	0
565	0
570	0
575	0
580	0
585	0
590	0
595	1
600	0
605	2
610	0
615	3
620	1
625	0
630	3
635	3
640	2
645	3
650	4
655	0
660	3
665	3
670	4
675	4
680	2
685	3
690	2
695	1
700	1
705	4
710	4
715	4
720	7
725	0
730	5
735	5
740	4
745	1
750	3
755	4
760	0
765	1
770	3
775	4
780	3
785	1
790	0
795	1
800	5
805	3
810	5
815	2
820	2
825	1
830	3
835	1
840	1
845	4
850	1
855	1
860	3
865	0
870	2
875	0
880	1
885	0
890	2
895	3
900	0
905	0
910	2
915	2
920	1
925	1
930	1
935	2
940	1
945	2
950	2
955	1
960	4
965	2
970	1
975	0
980	1
985	1
990	0
995	1
1000	0
1005	2
1010	0
1015	0
1020	1
1025	0
1030	0
1035	1
1040	0
1045	0
1050	1
1055	0
1060	0
1065	2
1070	2
1075	1
1080	1
1085	0
1090	2
1095	0
1100	1
1105	0
1110	0
1115	0
1120	0
1125	0
1130	0
1135	0
1140	0
1145	0
1150	0
1155	1
1160	0
1165	0
1170	1
1175	0
1180	0
1185	0
1190	0
1195	0
1200	0
1205	0
1210	0
1215	0
1220	0
1225	0
1230	1
