starttime,duration,size,total
-114.0,115,0,2127
0,598,98249,2610
578.0,173,0,2185
-67.0,68,0,2080
0,645,95101,2657
626.0,54,0,2066
-67.0,67,0,2079
0,699,95101,2711
676.0,42,0,2054
-75.0,75,0,2087
0,552,95101,2564
543.0,123,0,2135
-110.0,110,0,2122
0,655,95101,2667
635.0,51,0,2063
-120.0,120,0,2132
0,675,95101,2687
651.0,165,0,2177
-73.0,72,0,2084
0,625,95101,2637
616.0,118,0,2130
-65.0,65,0,2077
0,679,95101,2691
620.0,222,0,2234
-113.0,113,0,2125
0,671,95101,2683
651.0,66,0,2078
-64.0,64,0,2076
0,606,95101,2618
601.0,105,0,2117
-464.0,464,0,2476
0,654,95101,2666
634.0,67,0,2079
-67.0,68,0,2080
0,694,95101,2706
685.0,126,0,2138
-117.0,117,0,2129
0,684,95101,2696
662.0,53,0,2065
-113.0,113,0,2125
0,682,95101,2694
660.0,55,0,2067
-71.0,72,0,2084
0,619,95101,2631
599.0,78,0,2090
-66.0,66,0,2078
0,607,95101,2619
598.0,126,0,2138
-65.0,65,0,2077
0,637,95097,2649
607.0,130,0,2142
-67.0,67,0,2079
0,738,95101,2750
636.0,122,0,2134
-72.0,72,0,2084
0,618,95101,2630
609.0,81,0,2093
-70.0,70,0,2082
0,737,95101,2749
636.0,144,0,2156
-63.0,63,0,2075
0,636,95101,2648
626.0,133,0,2145
-65.0,65,0,2077
0,632,95101,2644
624.0,96,0,2108
-83.0,83,0,2095
0,771,95101,2783
659.0,153,0,2165
-69.0,69,0,2081
0,661,95101,2673
651.0,84,0,2096
-93.0,93,0,2105
0,782,95101,2794
658.0,149,0,2161
-73.0,73,0,2085
0,650,95101,2662
641.0,83,0,2095
-66.0,66,0,2078
0,805,95101,2817
689.0,161,0,2173
-69.0,68,0,2080
0,663,95101,2675
653.0,85,0,2097
-111.0,111,0,2123
0,633,95101,2645
624.0,83,0,2095
-113.0,113,0,2125
0,769,95101,2781
645.0,169,0,2181
-123.0,123,0,2135
0,618,95101,2630
609.0,82,0,2094
-116.0,116,0,2128
0,777,95101,2789
654.0,146,0,2158
-115.0,115,0,2127
0,643,95101,2655
634.0,84,0,2096
-106.0,106,0,2118
0,653,95101,2665
652.0,56,0,2068
-114.0,114,0,2126
0,649,95101,2661
640.0,84,0,2096
-109.0,109,0,2121
0,646,95101,2658
637.0,85,0,2097
-117.0,118,0,2130
0,661,95101,2673
660.0,62,0,2074
-105.0,105,0,2117
0,667,95101,2679
658.0,85,0,2097
-108.0,108,0,2120
0,687,95101,2699
666.0,76,0,2088
-125.0,125,0,2137
0,632,95101,2644
623.0,85,0,2097
-114.0,114,0,2126
0,814,95101,2826
681.0,181,0,2193
-113.0,113,0,2125
0,654,95101,2666
644.0,94,0,2106
-145.0,146,0,2158
0,636,95101,2648
627.0,88,0,2100
-122.0,122,0,2134
0,804,95101,2816
668.0,158,0,2170
-113.0,112,0,2124
0,677,95101,2689
668.0,90,0,2102
-112.0,111,0,2123
0,854,95101,2866
709.0,203,0,2215
-114.0,114,0,2126
0,714,95101,2726
705.0,85,0,2097
-109.0,109,0,2121
0,725,95101,2737
716.0,87,0,2099
-110.0,109,0,2121
0,802,95101,2814
736.0,176,0,2188
-122.0,123,0,2135
0,735,95101,2747
726.0,84,0,2096
-115.0,115,0,2127
0,822,95101,2834
758.0,179,0,2191
-128.0,128,0,2140
0,731,95101,2743
722.0,87,0,2099
-110.0,110,0,2122
0,891,95101,2903
740.0,199,0,2211
-113.0,113,0,2125
0,731,95101,2743
722.0,90,0,2102
-120.0,120,0,2132
0,722,95101,2734
713.0,90,0,2102
-108.0,109,0,2121
0,947,95101,2959
774.0,232,0,2244
-119.0,119,0,2131
0,743,95101,2755
733.0,213,0,2225
-118.0,117,0,2129
0,776,95101,2788
754.0,78,0,2090
-116.0,115,0,2127
0,671,95101,2683
649.0,122,0,2134
-113.0,113,0,2125
0,917,95101,2929
757.0,229,0,2241
-116.0,116,0,2128
0,752,95101,2764
743.0,91,0,2103
-155.0,155,0,2167
0,758,95059,2770
749.0,97,0,2109
-106.0,106,0,2118
0,956,95059,2968
784.0,197,0,2209
-117.0,117,0,2129
0,777,95059,2789
768.0,91,0,2103
-112.0,112,0,2124
0,819,95059,2831
818.0,66,0,2078
-119.0,119,0,2131
0,755,95059,2767
746.0,90,0,2102
-113.0,113,0,2125
0,972,95059,2984
794.0,202,0,2214
-116.0,117,0,2129
0,850,95059,2862
841.0,102,0,2114
-118.0,117,0,2129
0,782,95059,2794
773.0,90,0,2102
-112.0,112,0,2124
0,1080,95047,3092
991.0,243,0,2255
-113.0,113,0,2125
0,668,95047,2680
659.0,82,0,2094
-109.0,109,0,2121
0,920,95047,2932
845.0,85,0,2097
-123.0,123,0,2135
0,823,94895,2835
814.0,109,0,2121
-714.0,714,0,2726
0,875,94891,2887
786.0,112,0,2124
-137.0,137,0,2149
0,897,94895,2909
888.0,119,0,2131
-121.0,121,0,2133
0,864,94895,2876
855.0,106,0,2118
-119.0,119,0,2131
0,898,94895,2910
824.0,110,0,2122
-125.0,125,0,2137
0,850,94895,2862
840.0,114,0,2126
-144.0,145,0,2157
0,1038,94895,3050
968.0,99,0,2111
-235.0,235,0,2247
0,970,94895,2982
961.0,108,0,2120
-111.0,112,0,2124
0,952,94895,2964
874.0,90,0,2102
-1388.0,1389,0,3401
0,1051,94895,3063
1042.0,117,0,2129
-727.0,727,0,2739
0,673,94895,2685
647.0,446,0,2458
-104.0,104,0,2116
0,1022,94895,3034
946.0,138,0,2150
-796.0,797,0,2809
0,783,94907,2795
758.0,115,0,2127
-538.0,537,0,2549
0,1092,94907,3104
1015.0,89,0,2101
-597.0,597,0,2609
0,961,94903,2973
952.0,119,0,2131
-122.0,122,0,2134
0,963,94907,2975
889.0,81,0,2093
-110.0,110,0,2122
0,775,94903,2787
766.0,125,0,2137
-116.0,116,0,2128
0,748,94907,2760
747.0,86,0,2098
-1239.0,1239,0,3251
0,1075,94907,3087
1065.0,107,0,2119
