220	10
225	20
230	16
235	7
240	3
245	4
250	2
255	1
260	0
265	0
270	1
275	0
280	0
285	1
290	1
295	1
300	1
305	0
310	0
315	3
320	0
325	0
330	0
335	2
340	1
345	0
350	1
355	1
360	1
365	0
370	0
375	1
380	1
385	2
390	1
395	0
400	1
405	0
410	0
415	1
420	1
425	0
430	1
435	0
440	0
445	0
450	1
455	0
460	0
465	0
470	0
475	0
480	0
485	0
490	0
495	0
500	0
505	0
510	0
515	0
520	0
525	0
530	1
535	0
540	0
545	0
550	0
555	0
560	0
565	1
570	0
575	0
580	0
585	0
590	0
595	0
600	0
605	0
610	0
615	0
620	1
625	0
630	0
635	0
640	0
645	0
650	0
655	0
660	0
665	0
670	0
675	0
680	0
685	0
690	0
695	0
700	0
705	0
710	0
715	0
720	1
725	0
730	0
735	0
740	0
745	0
750	0
755	0
760	0
765	0
770	0
775	0
780	0
785	0
790	0
795	0
800	0
805	0
810	0
815	0
820	0
825	0
830	0
835	0
840	0
845	0
850	0
855	0
860	0
865	0
870	0
875	0
880	0
885	0
890	0
895	0
900	0
905	0
910	0
915	0
920	0
925	0
930	0
935	0
940	0
945	0
950	0
955	0
960	0
965	0
970	0
975	0
980	0
985	0
990	0
995	0
1000	0
1005	0
1010	0
1015	0
1020	0
1025	0
1030	0
1035	0
1040	0
1045	0
1050	0
1055	0
1060	0
1065	0
1070	0
1075	0
1080	0
1085	0
1090	0
1095	0
1100	0
1105	0
1110	0
1115	0
1120	0
1125	0
1130	0
1135	0
1140	0
1145	0
1150	0
1155	0
1160	0
1165	0
1170	0
1175	0
1180	0
1185	0
1190	0
1195	0
1200	0
1205	1
