0	92
50	0
100	0
150	0
200	0
250	0
300	0
350	0
400	0
450	0
500	0
550	0
600	0
650	0
700	0
750	0
800	0
850	0
900	0
950	0
1000	0
1050	0
1100	0
1150	0
1200	0
1250	0
1300	0
1350	0
1400	0
1450	0
1500	0
1550	0
1600	0
1650	0
1700	0
1750	0
1800	0
1850	0
1900	0
1950	0
2000	0
2050	0
2100	0
2150	0
2200	0
2250	0
2300	0
2350	4
2400	0
2450	2
2500	2
2550	0
2600	0
2650	0
2700	2
2750	4
2800	2
2850	6
2900	6
2950	4
3000	0
3050	2
3100	4
3150	0
3200	0
3250	2
3300	6
3350	4
3400	4
3450	2
3500	2
3550	3
3600	5
3650	0
3700	6
3750	0
3800	4
3850	2
3900	2
3950	0
4000	0
4050	0
4100	0
4150	2
4200	0
4250	1
4300	1
4350	3
4400	1
4450	0
4500	2
4550	2
4600	4
4650	0
4700	0
4750	0
4800	0
4850	0
4900	0
4950	2
5000	0
5050	0
5100	0
5150	6
5200	2
5250	2
5300	4
5350	0
5400	6
5450	4
5500	2
5550	2
5600	4
5650	0
5700	8
5750	0
5800	2
5850	0
5900	4
5950	7
6000	1
6050	4
6100	1
6150	5
6200	2
6250	0
6300	2
6350	0
6400	0
6450	4
6500	2
6550	0
6600	1
6650	4
6700	6
6750	4
6800	8
6850	5
6900	1
6950	4
7000	4
7050	3
7100	0
7150	3
7200	1
7250	0
7300	0
7350	4
7400	0
7450	0
7500	0
7550	0
7600	0
7650	0
7700	0
7750	0
7800	0
7850	0
7900	0
7950	0
8000	0
8050	1
8100	0
8150	0
8200	0
8250	1
8300	0
8350	0
8400	1
8450	0
8500	0
8550	0
8600	0
8650	0
8700	0
8750	0
8800	0
8850	0
8900	0
8950	0
9000	0
9050	0
9100	0
9150	0
9200	0
9250	0
9300	0
9350	0
9400	0
9450	0
9500	0
9550	0
9600	1
9650	0
9700	0
9750	0
9800	0
9850	1
9900	0
9950	0
10000	0
10050	1
10100	0
10150	0
10200	0
10250	0
10300	0
10350	0
10400	0
10450	0
10500	0
10550	0
10600	0
10650	0
10700	0
10750	1
10800	1
10850	1
10900	0
10950	0
11000	0
11050	0
11100	0
11150	0
11200	0
11250	0
11300	0
11350	1
