1100	4
1150	1
1200	0
1250	2
1300	12
1350	19
1400	14
1450	20
1500	5
1550	9
1600	1
1650	3
1700	0
1750	0
1800	0
1850	0
1900	0
1950	0
2000	0
2050	0
2100	0
2150	1
2200	0
2250	0
2300	0
2350	0
2400	0
2450	0
2500	1
2550	2
2600	0
2650	1
2700	0
2750	1
2800	0
2850	0
2900	0
2950	2
3000	2
3050	2
3100	3
3150	0
3200	1
3250	2
3300	3
3350	0
3400	1
3450	3
3500	5
3550	0
3600	3
3650	2
3700	2
3750	2
3800	6
3850	4
3900	5
3950	0
4000	1
4050	3
4100	1
4150	1
4200	1
4250	3
4300	3
4350	2
4400	1
4450	2
4500	2
4550	3
4600	2
4650	1
4700	3
4750	2
4800	3
4850	2
4900	1
4950	0
5000	0
5050	1
5100	0
5150	1
5200	1
5250	1
5300	1
5350	3
5400	2
5450	0
5500	4
5550	2
5600	2
5650	2
5700	1
5750	2
5800	0
5850	0
5900	3
5950	1
6000	0
6050	1
6100	6
6150	4
6200	3
6250	3
6300	2
6350	5
6400	2
6450	1
6500	2
6550	0
6600	2
6650	4
6700	1
6750	1
6800	1
6850	3
6900	5
6950	2
7000	4
7050	1
7100	4
7150	3
7200	8
7250	6
7300	5
7350	3
7400	5
7450	4
7500	1
7550	3
7600	1
7650	1
7700	2
7750	1
7800	0
7850	0
7900	0
7950	0
8000	0
8050	0
8100	2
8150	0
8200	0
8250	0
8300	0
8350	0
8400	2
8450	0
8500	1
8550	0
8600	1
8650	0
8700	0
8750	0
8800	1
8850	0
8900	0
8950	0
9000	0
9050	0
9100	0
9150	0
9200	0
9250	0
9300	0
9350	0
9400	0
9450	0
9500	0
9550	0
9600	0
9650	0
9700	0
9750	0
9800	0
9850	0
9900	0
9950	1
10000	0
10050	0
10100	0
10150	0
10200	0
10250	1
10300	0
10350	0
10400	0
10450	1
10500	0
10550	0
10600	0
10650	0
10700	0
10750	0
10800	0
10850	0
10900	0
10950	0
11000	0
11050	0
11100	0
11150	1
11200	0
11250	1
11300	1
11350	0
11400	0
11450	0
11500	0
11550	0
11600	0
11650	0
11700	0
11750	0
11800	0
11850	1
