starttime,duration,size,total
0,1130,53672,1130
4538.0,412,1629,4950.0
4539.0,178,550,4717.0
0,1543,53707,1543
2543.0,938,1629,3481.0
2543.0,255,550,2798.0
0,1368,53723,1368
2384.0,961,1629,3345.0
2389.0,167,542,2556.0
0,1434,53687,1434
2915.0,978,1629,3893.0
2916.0,297,588,3213.0
0,1105,53683,1105
2462.0,987,1629,3449.0
2468.0,210,481,2678.0
0,1135,53711,1135
2381.0,744,1629,3125.0
2387.0,189,550,2576.0
0,1474,53684,1474
2737.0,962,1629,3699.0
2738.0,213,481,2951.0
0,1306,53667,1306
2782.0,969,1629,3751.0
2787.0,301,542,3088.0
0,1379,53647,1379
3353.0,823,1629,4176.0
3354.0,181,545,3535.0
0,1580,53669,1580
2915.0,943,1629,3858.0
2920.0,358,542,3278.0
0,1435,53693,1435
3110.0,980,1629,4090.0
3111.0,354,486,3465.0
0,1477,53705,1477
2926.0,965,1629,3891.0
2931.0,371,545,3302.0
0,1348,53637,1348
2761.0,947,1629,3708.0
2766.0,190,482,2956.0
0,1477,53641,1477
2854.0,967,1629,3821.0
2854.0,167,486,3021.0
0,1481,53653,1481
2881.0,947,1629,3828.0
2886.0,567,588,3453.0
0,1361,53651,1361
3325.0,975,1629,4300.0
3326.0,176,550,3502.0
0,1481,53681,1481
2876.0,959,1629,3835.0
2881.0,185,545,3066.0
0,1432,53695,1432
2956.0,959,1629,3915.0
2956.0,165,486,3121.0
0,1669,53679,1669
3269.0,968,1629,4237.0
3273.0,359,542,3632.0
0,1336,53683,1336
2828.0,977,1629,3805.0
2833.0,193,486,3026.0
0,1482,53718,1482
2951.0,941,1629,3892.0
2951.0,171,550,3122.0
0,1448,53673,1448
3145.0,962,1629,4107.0
3150.0,196,486,3346.0
0,1389,53645,1389
3315.0,942,1629,4257.0
3315.0,186,588,3501.0
0,1196,53719,1196
3064.0,989,1629,4053.0
3069.0,204,588,3273.0
0,1386,53673,1386
4173.0,918,1629,5091.0
4178.0,168,542,4346.0
0,1377,53693,1377
3520.0,934,1629,4454.0
3521.0,159,482,3680.0
0,1414,53689,1414
3463.0,964,1629,4427.0
3468.0,467,486,3935.0
0,1473,53671,1473
3426.0,936,1629,4362.0
3426.0,182,482,3608.0
0,1366,53675,1366
3410.0,931,1629,4341.0
3414.0,195,550,3609.0
0,1404,53685,1404
3805.0,935,1629,4740.0
3806.0,519,482,4325.0
0,1336,53679,1336
3327.0,956,1629,4283.0
3333.0,180,542,3513.0
0,1563,53658,1563
3596.0,982,1629,4578.0
3601.0,211,542,3812.0
0,1434,53716,1434
3620.0,936,1629,4556.0
3620.0,158,482,3778.0
0,1139,53676,1139
3732.0,918,1629,4650.0
3737.0,203,545,3940.0
0,1352,53716,1352
3383.0,992,1629,4375.0
3383.0,163,482,3546.0
0,1532,53754,1532
3741.0,945,1629,4686.0
3746.0,190,486,3936.0
0,1500,53694,1500
3593.0,930,1629,4523.0
3593.0,155,481,3748.0
0,1432,53688,1432
3632.0,985,1629,4617.0
3637.0,175,550,3812.0
0,1328,53740,1328
4296.0,945,1629,5241.0
4301.0,217,486,4518.0
0,1391,53699,1391
3949.0,950,1629,4899.0
3949.0,504,545,4453.0
0,1459,53693,1459
3727.0,992,1629,4719.0
3732.0,211,550,3943.0
0,1380,53694,1380
3847.0,947,1629,4794.0
3848.0,178,486,4026.0
0,1586,53733,1586
3866.0,984,1629,4850.0
3871.0,181,588,4052.0
0,1500,53744,1500
4578.0,941,1629,5519.0
4583.0,224,542,4807.0
0,1445,53776,1445
4372.0,925,1629,5297.0
4373.0,188,542,4561.0
0,1356,53778,1356
4397.0,978,1629,5375.0
4402.0,476,589,4878.0
8061.0,459,2873,8520.0
0,1563,53673,1563
4630.0,937,1629,5567.0
4631.0,196,482,4827.0
8445.0,368,2873,8813.0
0,1382,53698,1382
4988.0,969,1629,5957.0
4993.0,171,487,5164.0
6724.0,441,2873,7165.0
0,2547,53700,2547
5992.0,936,1629,6928.0
5993.0,212,543,6205.0
9871.0,402,2873,10273.0
0,1613,53830,1613
5241.0,944,1629,6185.0
5246.0,200,546,5446.0
6889.0,400,2873,7289.0
0,1339,53803,1339
5169.0,944,1629,6113.0
5180.0,168,551,5348.0
6821.0,433,2873,7254.0
0,1400,53724,1400
5327.0,902,1629,6229.0
5328.0,185,487,5513.0
6722.0,381,2873,7103.0
0,1405,53769,1405
4611.0,930,1629,5541.0
4616.0,176,551,4792.0
8269.0,367,2873,8636.0
0,1691,53832,1691
5339.0,947,1629,6286.0
5339.0,188,546,5527.0
6992.0,404,2873,7396.0
0,2175,53711,2175
5724.0,899,1629,6623.0
5729.0,191,572,5920.0
9606.0,390,2873,9996.0
0,1497,53707,1497
5435.0,979,1629,6414.0
5441.0,172,589,5613.0
6825.0,415,2873,7240.0
0,1271,53642,1271
5288.0,904,1629,6192.0
5288.0,161,551,5449.0
6624.0,380,2873,7004.0
0,1314,53684,1314
5431.0,933,1629,6364.0
5436.0,221,551,5657.0
6736.0,413,2873,7149.0
0,1422,53721,1422
5542.0,934,1629,6476.0
5543.0,183,483,5726.0
6743.0,444,2873,7187.0
0,1538,53622,1538
5159.0,970,1629,6129.0
5169.0,216,546,5385.0
6835.0,404,2873,7239.0
0,1435,53803,1435
5194.0,936,1629,6130.0
5195.0,180,589,5375.0
6851.0,423,2873,7274.0
0,1373,53653,1373
5417.0,945,1629,6362.0
5424.0,167,487,5591.0
6733.0,411,2873,7144.0
0,1384,53599,1384
5576.0,962,1629,6538.0
5581.0,203,546,5784.0
6732.0,517,2873,7249.0
0,1314,53667,1314
5719.0,926,1629,6645.0
5720.0,194,546,5914.0
6785.0,573,2873,7358.0
0,1380,53641,1380
5713.0,981,1629,6694.0
5718.0,193,543,5911.0
6791.0,413,2873,7204.0
0,1592,53638,1592
5470.0,929,1629,6399.0
5471.0,206,589,5677.0
6884.0,410,2873,7294.0
0,1457,53591,1457
5630.0,1332,1629,6962.0
5635.0,1102,551,6737.0
6803.0,653,2873,7456.0
0,1591,53592,1591
5993.0,935,1629,6928.0
5993.0,180,589,6173.0
7040.0,604,2873,7644.0
0,1490,53630,1490
7034.0,389,1629,7423.0
7039.0,210,543,7249.0
0,1483,53706,1483
5705.0,1610,1629,7315.0
5710.0,585,589,6295.0
0,1460,53700,1460
5464.0,890,1629,6354.0
5464.0,153,589,5617.0
6825.0,378,2873,7203.0
0,1453,53695,1453
5602.0,1197,1629,6799.0
5607.0,192,551,5799.0
0,1490,53720,1490
6000,926,1629,6926
6001.0,184,543,6185.0
6929.0,397,2873,7326.0
0,1315,53646,1315
5916.0,972,1629,6888.0
5922.0,192,589,6114.0
6799.0,431,2873,7230.0
0,1380,53621,1380
6088.0,938,1629,7026.0
6088.0,154,483,6242.0
6966.0,427,2873,7393.0
0,1692,53717,1692
5808.0,994,1629,6802.0
5814.0,253,543,6067.0
6994.0,530,2873,7524.0
0,1433,53722,1433
6173.0,903,1629,7076.0
6178.0,169,543,6347.0
7054.0,424,2873,7478.0
0,1576,53664,1576
6343.0,929,1629,7272.0
6344.0,174,482,6518.0
7246.0,426,2873,7672.0
0,1574,53629,1574
6486.0,960,1629,7446.0
6491.0,208,589,6699.0
7394.0,400,2873,7794.0
0,1316,53655,1316
5960.0,928,1629,6888.0
5961.0,163,543,6124.0
6890.0,426,2873,7316.0
10891.0,431,2607,11322.0
0,1374,53713,1374
6150.0,952,1629,7102.0
6156.0,190,572,6346.0
7050.0,403,2873,7453.0
0,1289,53717,1289
6461.0,837,1629,7298.0
6462.0,192,483,6654.0
6827.0,474,2873,7301.0
0,1392,53916,1392
5924.0,988,1629,6912.0
5929.0,190,543,6119.0
6834.0,398,2873,7232.0
10835.0,440,2607,11275.0
0,1480,53635,1480
6072.0,909,1629,6981.0
6078.0,198,483,6276.0
6993.0,440,2873,7433.0
0,1572,53806,1572
6700.0,871,1629,7571.0
6700.0,201,546,6901.0
7076.0,493,2873,7569.0
0,1492,53656,1492
6204.0,975,1629,7179.0
6209.0,239,551,6448.0
10077.0,381,2873,10458.0
0,1431,53674,1431
6182.0,865,1629,7047.0
6182.0,184,487,6366.0
7070.0,426,2873,7496.0
0,1340,53567,1340
6503.0,906,1629,7409.0
6508.0,191,483,6699.0
6863.0,544,2873,7407.0
0,1512,53552,1512
6845.0,199,483,7044.0
0,1465,53715,1465
6694.0,1034,1629,7728.0
6699.0,157,483,6856.0
6758.0,967,2873,7725.0
10751.0,416,2607,11167.0
0,1339,53575,1339
7157.0,971,2873,8128.0
7158.0,968,1629,8126.0
7158.0,175,483,7333.0
0,1537,53665,1537
7388.0,1031,1629,8419.0
7397.0,195,589,7592.0
7400.0,1017,2873,8417.0
11351.0,502,2607,11853.0
