0	670
20	36
40	24
60	15
80	11
100	14
120	14
140	26
160	13
180	21
200	9
220	7
240	2
260	1
280	2
300	0
320	0
340	3
360	2
380	1
400	1
420	2
440	4
460	0
480	6
500	1
520	0
540	5
560	0
580	3
600	3
620	1
640	1
660	3
680	0
700	2
720	2
740	4
760	3
780	4
800	8
820	3
840	5
860	6
880	9
900	0
920	5
940	7
960	7
980	13
1000	7
1020	4
1040	6
1060	10
1080	2
1100	6
1120	3
1140	7
1160	2
1180	5
1200	2
1220	4
1240	3
1260	5
1280	2
1300	2
1320	5
1340	1
1360	2
1380	1
1400	4
1420	1
1440	2
1460	3
1480	2
1500	3
1520	2
1540	1
1560	0
1580	1
1600	2
1620	2
1640	1
1660	1
1680	2
1700	3
1720	1
1740	0
1760	1
1780	1
1800	0
1820	1
1840	0
1860	2
1880	0
1900	0
1920	0
1940	1
1960	0
1980	0
2000	1
2020	2
2040	4
2060	2
2080	4
2100	2
2120	1
2140	1
2160	2
2180	2
2200	0
2220	1
2240	0
2260	2
2280	1
2300	0
2320	0
2340	2
2360	1
2380	0
2400	1
2420	0
2440	0
2460	0
2480	0
2500	0
2520	2
2540	1
2560	1
2580	0
2600	0
2620	0
2640	2
2660	0
2680	1
2700	0
2720	0
2740	0
2760	1
2780	0
2800	0
2820	0
2840	0
2860	0
2880	1
2900	3
2920	0
2940	0
2960	0
2980	3
3000	0
3020	2
3040	0
3060	1
3080	0
3100	0
3120	0
3140	0
3160	0
3180	0
3200	0
3220	1
3240	0
3260	1
3280	0
3300	0
3320	0
3340	0
3360	0
3380	0
3400	0
3420	0
3440	0
3460	0
3480	0
3500	0
3520	1
3540	2
3560	0
3580	0
3600	0
3620	0
3640	1
