20	23
40	13
60	11
80	21
100	33
120	24
140	16
160	12
180	6
200	0
220	7
240	30
260	17
280	4
300	8
320	17
340	18
360	18
380	17
400	13
420	10
440	1
460	7
480	6
500	3
520	2
540	12
560	6
580	23
600	19
620	12
640	2
660	6
680	5
700	2
720	0
740	0
760	1
780	0
800	0
820	1
840	2
860	2
880	3
900	1
920	2
940	0
960	1
980	3
1000	1
1020	3
1040	2
1060	2
1080	0
1100	0
1120	0
1140	0
1160	0
1180	1
1200	0
1220	1
1240	1
1260	1
1280	0
1300	2
1320	1
1340	1
1360	0
1380	2
1400	1
1420	0
1440	0
1460	0
1480	0
1500	1
1520	0
1540	0
1560	0
1580	1
1600	0
1620	0
1640	0
1660	0
1680	0
1700	0
1720	0
1740	0
1760	0
1780	0
1800	0
1820	0
1840	0
1860	0
1880	0
1900	0
1920	0
1940	0
1960	0
1980	0
2000	0
2020	0
2040	0
2060	0
2080	0
2100	0
2120	0
2140	0
2160	0
2180	0
2200	0
2220	0
2240	0
2260	0
2280	0
2300	0
2320	0
2340	1
2360	1
2380	0
2400	0
2420	0
2440	0
2460	0
2480	0
2500	0
2520	0
2540	1
2560	0
2580	1
2600	0
2620	0
2640	0
2660	0
2680	0
2700	0
2720	0
2740	0
2760	0
2780	1
2800	0
2820	0
2840	0
2860	0
2880	0
2900	0
2920	0
2940	0
2960	0
2980	0
3000	0
3020	0
3040	0
3060	0
3080	0
3100	0
3120	1
