150	6
160	10
170	13
180	16
190	15
200	8
210	6
220	2
230	1
240	0
250	2
260	0
270	0
280	0
290	1
300	1
310	0
320	0
330	0
340	0
350	3
360	2
370	3
380	4
390	4
400	5
410	6
420	6
430	5
440	2
450	1
460	1
470	2
480	0
490	1
500	2
510	2
520	1
530	0
540	1
550	0
560	1
570	1
580	1
590	0
600	1
610	0
620	0
630	0
640	0
650	1
660	0
670	0
680	0
690	0
700	0
710	0
720	0
730	0
740	1
750	0
760	0
770	0
780	0
790	0
800	0
810	0
820	1
830	1
840	0
850	0
860	1
870	1
880	1
890	1
900	5
910	2
920	8
930	13
940	14
950	5
960	13
970	9
980	7
990	3
1000	0
1010	1
1020	0
1030	2
1040	0
1050	0
1060	0
1070	0
1080	0
1090	0
1100	2
1110	0
1120	1
1130	2
1140	0
1150	0
1160	0
1170	0
1180	0
1190	2
1200	0
1210	0
1220	0
1230	0
1240	0
1250	0
1260	0
1270	1
1280	1
1290	0
1300	1
1310	4
1320	1
1330	6
1340	1
1350	2
1360	3
1370	7
1380	4
1390	3
1400	2
1410	1
1420	1
1430	8
1440	2
1450	4
1460	1
1470	5
1480	6
1490	4
1500	0
1510	1
1520	0
1530	3
1540	1
1550	0
1560	2
1570	4
1580	1
1590	2
1600	1
1610	1
1620	0
1630	0
1640	0
1650	0
1660	1
1670	0
1680	0
1690	2
1700	0
1710	0
1720	0
1730	0
1740	0
1750	0
1760	0
1770	0
1780	0
1790	0
1800	0
1810	0
1820	0
1830	0
1840	0
1850	0
1860	0
1870	0
1880	0
1890	0
1900	0
1910	0
1920	0
1930	0
1940	0
1950	0
1960	0
1970	0
1980	0
1990	0
2000	0
2010	0
2020	0
2030	0
2040	0
2050	0
2060	0
2070	0
2080	0
2090	0
2100	0
2110	0
2120	0
2130	0
2140	0
2150	0
2160	0
2170	1
2180	0
2190	0
2200	0
2210	0
2220	0
2230	0
2240	0
2250	0
2260	0
2270	0
2280	0
2290	0
2300	0
2310	0
2320	0
2330	0
2340	0
2350	0
2360	0
2370	0
2380	0
2390	0
2400	0
2410	0
2420	0
2430	0
2440	0
2450	0
2460	0
2470	0
2480	0
2490	0
2500	0
2510	0
2520	0
2530	0
2540	1
