400	12
450	14
500	9
550	7
600	0
650	22
700	9
750	5
800	5
850	4
900	1
950	0
1000	0
1050	0
1100	0
1150	0
1200	1
1250	0
1300	1
1350	0
1400	0
1450	1
1500	0
1550	0
1600	0
1650	0
1700	1
1750	0
1800	1
1850	1
1900	2
1950	2
2000	1
2050	1
2100	0
2150	1
2200	4
2250	3
2300	1
2350	3
2400	5
2450	3
2500	6
2550	7
2600	2
2650	5
2700	3
2750	5
2800	4
2850	4
2900	4
2950	3
3000	3
3050	4
3100	2
3150	2
3200	7
3250	3
3300	9
3350	4
3400	5
3450	3
3500	3
3550	2
3600	1
3650	4
3700	1
3750	2
3800	3
3850	3
3900	2
3950	6
4000	5
4050	2
4100	1
4150	4
4200	4
4250	5
4300	3
4350	3
4400	5
4450	2
4500	3
4550	6
4600	1
4650	4
4700	2
4750	0
4800	3
4850	1
4900	3
4950	3
5000	1
5050	5
5100	1
5150	2
5200	4
5250	3
5300	2
5350	2
5400	2
5450	4
5500	3
5550	3
5600	1
5650	2
5700	2
5750	3
5800	1
5850	4
5900	1
5950	2
6000	0
6050	2
6100	0
6150	0
6200	0
6250	0
6300	0
6350	0
6400	0
6450	0
6500	0
6550	0
6600	1
6650	0
6700	0
6750	1
6800	0
6850	1
6900	1
6950	0
7000	2
7050	0
7100	1
7150	0
7200	0
7250	1
7300	1
7350	0
7400	0
7450	1
7500	1
7550	0
7600	1
7650	1
7700	0
7750	0
7800	1
7850	0
7900	0
7950	0
8000	0
8050	0
8100	1
8150	0
8200	0
8250	0
8300	0
8350	1
8400	0
8450	0
8500	0
8550	0
8600	1
8650	0
8700	0
8750	0
8800	0
8850	0
8900	0
8950	0
9000	0
9050	0
9100	0
9150	0
9200	0
9250	0
9300	0
9350	0
9400	0
9450	0
9500	1
