starttime,duration,size,total
0,457,119205,457
765.0,595,10130,1360.0
952.0,254,0,1206.0
0,85,119331,85
219.0,561,10130,780.0
258.0,274,0,532.0
0,91,119283,91
131.0,750,10130,881.0
249.0,197,0,446.0
0,448,118687,448
915.0,696,10130,1611.0
942.0,661,0,1603.0
0,111,118643,111
137.0,827,10130,964.0
293.0,354,0,647.0
0,101,118388,101
167.0,2784,10130,2951.0
281.0,2460,0,2741.0
0,577,118253,577
909.0,532,10130,1441.0
1028.0,1108,0,2136.0
0,97,119849,97
147.0,668,10130,815.0
265.0,553,0,818.0
0,96,119837,96
218.0,571,10130,789.0
268.0,529,0,797.0
0,108,119740,108
162.0,701,10130,863.0
283.0,201,0,484.0
0,209,119712,209
362.0,554,10130,916.0
402.0,515,0,917.0
0,485,119549,485
885.0,4712,10130,5597.0
1002.0,570,0,1572.0
0,437,119606,437
799.0,923,10130,1722.0
918.0,809,0,1727.0
0,107,119662,107
213.0,852,10130,1065.0
279.0,198,0,477.0
0,99,119662,99
191.0,877,10130,1068.0
309.0,202,0,511.0
0,93,119884,93
244.0,817,10130,1061.0
274.0,164,0,438.0
0,1253,119818,1253
1586.0,627,10130,2213.0
1692.0,1215,0,2907.0
0,105,119478,105
143.0,1020,10130,1163.0
310.0,175,0,485.0
0,108,119469,108
227.0,1011,10130,1238.0
302.0,215,0,517.0
0,436,119745,436
798.0,1055,10130,1853.0
927.0,928,0,1855.0
0,95,120184,95
245.0,979,10130,1224.0
307.0,201,0,508.0
0,135,120273,135
162.0,932,10130,1094.0
332.0,190,0,522.0
0,101,120606,101
169.0,1213,10130,1382.0
277.0,188,0,465.0
0,119,119948,119
227.0,1160,10130,1387.0
380.0,1000,0,1380.0
0,451,119990,451
804.0,1432,10130,2236.0
938.0,1288,0,2226.0
0,104,119485,104
270.0,1327,10118,1597.0
305.0,194,0,499.0
0,444,119532,444
796.0,1283,10118,2079.0
937.0,1147,0,2084.0
0,449,119434,449
864.0,1317,10130,2181.0
939.0,1243,0,2182.0
0,114,119339,114
142.0,1155,10130,1297.0
517.0,893,0,1410.0
0,119,119432,119
163.0,1545,10130,1708.0
310.0,197,0,507.0
0,457,115152,457
934.0,1468,10130,2402.0
967.0,1430,0,2397.0
0,105,115788,105
142.0,1490,10130,1632.0
318.0,182,0,500.0
0,105,115801,105
283.0,1082,10130,1365.0
314.0,205,0,519.0
0,456,116766,456
816.0,1611,10130,2427.0
942.0,1477,0,2419.0
0,115,116038,115
226.0,1228,10130,1454.0
373.0,1084,0,1457.0
0,189,116541,189
138.0,1300,10130,1438.0
386.0,1047,0,1433.0
0,130,116374,130
159.0,1281,10130,1440.0
417.0,1019,0,1436.0
0,131,116994,131
247.0,1210,10130,1457.0
431.0,1019,0,1450.0
0,107,116992,107
192.0,1221,10130,1413.0
325.0,212,0,537.0
0,486,117384,486
1012.0,903,10130,1915.0
1044.0,875,0,1919.0
0,110,117292,110
191.0,1198,10130,1389.0
321.0,172,0,493.0
0,450,117280,450
892.0,1614,10130,2506.0
925.0,1584,0,2509.0
0,499,117374,499
860.0,1100,10130,1960.0
986.0,974,0,1960.0
0,120,117337,120
170.0,1318,10130,1488.0
317.0,183,0,500.0
0,116,117571,116
261.0,1141,10130,1402.0
352.0,1037,0,1389.0
0,456,117472,456
891.0,2016,10130,2907.0
1023.0,1878,0,2901.0
0,246,117364,246
152.0,1470,10130,1622.0
371.0,1242,0,1613.0
0,112,117395,112
207.0,1625,10130,1832.0
358.0,1463,0,1821.0
0,465,116873,465
943.0,2295,19962,3238.0
982.0,2247,0,3229.0
0,122,116953,122
145.0,1765,10130,1910.0
326.0,198,0,524.0
0,102,117056,102
186.0,1531,10130,1717.0
337.0,211,0,548.0
0,139,117074,139
338.0,1383,10130,1721.0
375.0,1349,0,1724.0
0,127,116775,127
151.0,1737,10130,1888.0
335.0,192,0,527.0
0,121,116735,121
229.0,1427,10130,1656.0
383.0,1280,0,1663.0
0,480,116682,480
832.0,2478,10130,3310.0
973.0,2327,0,3300.0
0,119,117046,119
150.0,1589,10130,1739.0
279.0,240,0,519.0
0,437,117078,437
864.0,2552,10130,3416.0
944.0,2479,0,3423.0
0,478,117154,478
852.0,2814,10130,3666.0
966.0,2702,0,3668.0
0,113,116799,113
288.0,1585,19757,1873.0
395.0,1479,0,1874.0
0,114,116777,114
187.0,1477,10130,1664.0
339.0,1314,0,1653.0
0,504,116355,504
975.0,1559,10130,2534.0
1012.0,1530,0,2542.0
0,108,116275,108
145.0,1743,10130,1888.0
427.0,1456,0,1883.0
0,104,116735,104
200.0,1694,10130,1894.0
311.0,1585,0,1896.0
0,462,116723,462
953.0,2704,10130,3657.0
985.0,2661,0,3646.0
0,116,116692,116
151.0,1917,10130,2068.0
335.0,195,0,530.0
0,476,116667,476
969.0,1338,10130,2307.0
1035.0,1275,0,2310.0
0,526,116489,526
873.0,1564,10130,2437.0
1008.0,1433,0,2441.0
0,238,116439,238
228.0,1794,10130,2022.0
347.0,202,0,549.0
0,128,116439,128
164.0,1538,10130,1702.0
410.0,1284,0,1694.0
0,475,116259,475
851.0,3084,10130,3935.0
963.0,2966,0,3929.0
0,169,116310,169
391.0,1492,10130,1883.0
431.0,195,0,626.0
0,112,116113,112
150.0,1907,10130,2057.0
337.0,197,0,534.0
0,129,116112,129
260.0,1682,10130,1942.0
424.0,1522,0,1946.0
0,114,116183,114
154.0,1729,10130,1883.0
452.0,1418,0,1870.0
0,118,116197,118
240.0,1668,10130,1908.0
399.0,1510,0,1909.0
0,468,116197,468
826.0,1965,10130,2791.0
1063.0,1719,0,2782.0
0,116,115010,116
154.0,2007,10130,2161.0
356.0,188,0,544.0
0,465,114992,465
907.0,1774,10130,2681.0
935.0,1752,0,2687.0
0,505,114953,505
932.0,1646,10130,2578.0
1070.0,1496,0,2566.0
0,267,114953,267
172.0,1718,10130,1890.0
403.0,1474,0,1877.0
0,115,114953,115
150.0,1738,18445,1888.0
414.0,1599,0,2013.0
0,469,114664,469
940.0,2089,18445,3029.0
975.0,2055,0,3030.0
0,120,114671,120
157.0,1929,18284,2086.0
353.0,220,0,573.0
0,120,114664,120
156.0,1930,19726,2086.0
342.0,198,0,540.0
0,463,114664,463
989.0,3096,18404,4085.0
1032.0,3054,0,4086.0
0,121,114636,121
159.0,2033,19965,2192.0
343.0,179,0,522.0
0,119,114573,119
227.0,1557,19854,1784.0
382.0,1397,0,1779.0
0,160,114585,160
189.0,1930,19782,2119.0
302.0,300,0,602.0
0,478,114475,478
409.0,1369,19818,1778.0
1812.0,237,0,2049.0
0,121,114468,121
208.0,1931,19873,2139.0
306.0,274,0,580.0
0,479,116536,479
1055.0,3525,18308,4580.0
1081.0,3505,0,4586.0
0,227,116486,227
265.0,1973,18345,2238.0
452.0,189,0,641.0
