0	365
20	3
40	2
60	21
80	12
100	13
120	14
140	25
160	39
180	50
200	27
220	7
240	10
260	15
280	11
300	14
320	9
340	9
360	38
380	22
400	7
420	8
440	13
460	9
480	5
500	7
520	1
540	5
560	7
580	3
600	3
620	1
640	3
660	3
680	2
700	4
720	1
740	3
760	1
780	1
800	1
820	0
840	4
860	2
880	4
900	3
920	1
940	1
960	2
980	3
1000	4
1020	4
1040	0
1060	1
1080	3
1100	2
1120	0
1140	1
1160	0
1180	5
1200	1
1220	3
1240	2
1260	1
1280	3
1300	1
1320	0
1340	2
1360	4
1380	1
1400	2
1420	0
1440	2
1460	1
1480	1
1500	2
1520	0
1540	0
1560	1
1580	0
1600	0
1620	0
1640	2
1660	1
1680	0
1700	0
1720	0
1740	2
1760	2
1780	1
1800	1
1820	0
1840	0
1860	1
1880	0
1900	0
1920	2
1940	0
1960	2
1980	2
2000	2
2020	0
2040	0
2060	1
2080	1
2100	1
2120	1
2140	0
2160	0
2180	1
2200	0
2220	0
2240	0
2260	0
2280	0
2300	1
2320	1
2340	0
2360	1
2380	1
2400	0
2420	0
2440	1
2460	0
2480	1
2500	0
2520	0
2540	1
2560	0
2580	0
2600	0
2620	0
2640	0
2660	0
2680	0
2700	0
2720	2
2740	0
2760	0
2780	2
2800	0
2820	1
2840	0
2860	0
2880	1
2900	0
2920	2
2940	0
2960	1
2980	1
3000	1
3020	0
3040	0
3060	0
3080	0
3100	0
3120	0
3140	0
3160	0
3180	1
3200	0
3220	0
3240	1
3260	0
3280	0
3300	0
3320	0
3340	0
3360	0
3380	0
3400	0
3420	0
3440	0
3460	0
3480	0
3500	1
3520	0
3540	0
3560	0
3580	0
3600	0
3620	0
3640	0
3660	0
3680	0
3700	0
3720	0
3740	0
3760	1
3780	0
3800	0
3820	0
3840	0
3860	0
3880	0
3900	0
3920	0
3940	0
3960	0
3980	0
4000	0
4020	0
4040	0
4060	0
4080	0
4100	0
4120	0
4140	0
4160	0
4180	0
4200	0
4220	0
4240	0
4260	0
4280	0
4300	0
4320	0
4340	0
4360	1
4380	0
4400	0
4420	0
4440	0
4460	0
4480	0
4500	0
4520	0
4540	0
4560	0
4580	0
4600	1
4620	0
4640	0
4660	0
4680	0
4700	0
4720	0
4740	0
4760	0
4780	0
4800	0
4820	0
4840	0
4860	0
4880	0
4900	0
4920	0
4940	0
4960	1
