starttime,duration,size,total
0,343,59349,343
0,233,59349,233
0,227,59349,227
0,224,59349,224
0,275,59349,275
0,229,59349,229
0,232,59347,232
0,247,59347,247
0,304,59347,304
0,625,59347,625
0,238,59347,238
0,229,59347,229
0,317,59349,317
0,567,59349,567
0,238,59349,238
0,242,59349,242
0,224,59349,224
0,289,59349,289
0,231,59349,231
0,224,59349,224
0,316,59367,316
0,229,59367,229
0,249,59367,249
0,240,59367,240
0,1210,59367,1210
0,531,59367,531
0,226,59367,226
0,224,59367,224
0,226,59367,226
0,338,59369,338
0,232,59369,232
0,247,59369,247
0,225,59369,225
0,295,59369,295
0,417,59369,417
0,360,59319,360
0,229,59319,229
0,318,59319,318
0,230,59319,230
0,234,59998,234
0,231,59998,231
0,354,60001,354
0,339,60005,339
0,230,60005,230
0,224,60005,224
0,258,60005,258
0,226,60005,226
0,247,60005,247
0,228,60005,228
0,376,60006,376
0,235,60006,235
0,224,60006,224
0,362,60008,362
0,229,60008,229
0,226,60008,226
0,225,60008,225
0,230,60124,230
0,229,60124,229
0,421,60124,421
0,225,60124,225
0,221,60124,221
0,235,60124,235
0,229,60124,229
0,228,60124,228
0,230,60124,230
0,432,60126,432
0,253,60126,253
0,384,60126,384
0,388,60124,388
0,229,60124,229
0,395,60126,395
0,235,60126,235
0,233,60124,233
0,388,60126,388
0,234,60126,234
0,724,60126,724
0,455,59494,455
0,300,59554,300
0,236,59554,236
0,237,59551,237
0,243,59552,243
0,236,59552,236
0,235,59552,235
0,234,59552,234
0,253,59552,253
0,243,59552,243
0,403,59552,403
0,235,59552,235
0,238,59552,238
0,234,59552,234
0,230,59552,230
0,232,59552,232
