-2400	1
-2200	0
-2000	0
-1800	0
-1600	0
-1400	0
-1200	0
-1000	0
-800	27
-600	20
-400	45
-200	93
0	48
200	45
400	0
600	0
800	0
1000	4
1200	0
1400	5
1600	0
1800	8
2000	7
2200	3
2400	1
2600	4
2800	10
3000	6
3200	7
3400	9
3600	3
3800	7
4000	13
4200	12
4400	11
4600	7
4800	12
5000	5
5200	3
5400	2
5600	2
5800	5
6000	3
6200	5
6400	2
6600	3
6800	2
7000	2
7200	1
7400	5
7600	5
7800	1
8000	0
8200	2
8400	2
8600	1
8800	0
9000	1
9200	2
9400	0
9600	2
9800	0
10000	1
10200	1
10400	0
10600	0
10800	0
11000	0
11200	0
11400	1
