600	1
650	22
700	53
750	43
800	26
850	22
900	13
950	37
1000	41
1050	61
1100	37
1150	14
1200	23
1250	15
1300	21
1350	17
1400	13
1450	17
1500	8
1550	13
1600	11
1650	15
1700	18
1750	16
1800	13
1850	14
1900	15
1950	6
2000	14
2050	18
2100	10
2150	10
2200	10
2250	15
2300	21
2350	17
2400	5
2450	20
2500	19
2550	7
2600	2
2650	14
2700	5
2750	4
2800	4
2850	5
2900	15
2950	7
3000	8
3050	11
3100	11
3150	4
3200	0
3250	5
3300	7
3350	2
3400	6
3450	1
3500	8
3550	5
3600	8
3650	2
3700	5
3750	2
3800	5
3850	0
3900	5
3950	5
4000	0
4050	1
4100	2
4150	7
4200	3
4250	0
4300	0
4350	2
4400	8
4450	3
4500	6
4550	4
4600	8
4650	5
4700	4
4750	4
4800	0
4850	6
4900	2
4950	9
5000	1
5050	0
5100	7
5150	1
5200	3
5250	2
5300	2
5350	4
5400	1
5450	3
5500	5
5550	1
5600	0
5650	1
5700	2
5750	6
5800	2
5850	2
5900	2
5950	1
6000	3
6050	1
6100	3
6150	4
6200	2
6250	1
6300	4
6350	5
6400	3
6450	0
6500	1
6550	3
6600	4
6650	6
6700	1
6750	1
6800	3
6850	2
6900	5
6950	0
7000	2
7050	2
7100	0
7150	0
7200	1
7250	5
7300	3
7350	0
7400	1
7450	2
7500	0
7550	1
7600	0
7650	1
7700	1
7750	0
7800	0
7850	0
7900	1
7950	0
8000	1
8050	1
8100	2
8150	0
8200	0
8250	4
8300	0
8350	0
8400	1
8450	2
8500	0
8550	0
8600	1
8650	3
8700	1
8750	0
8800	1
8850	0
8900	1
8950	0
9000	0
9050	0
9100	0
9150	1
9200	0
9250	0
9300	0
9350	1
9400	0
9450	1
9500	0
9550	0
9600	2
9650	0
9700	0
9750	1
9800	0
9850	1
9900	0
9950	0
10000	1
10050	0
10100	0
10150	1
10200	1
10250	0
10300	0
10350	0
10400	0
10450	0
10500	0
10550	0
10600	0
10650	0
10700	0
10750	0
10800	0
10850	1
