starttime,duration,size,total
0,1075,64151,1075
869.0,1156,0,2025.0
2019.0,6198,0,8217.0
2152.0,6036,7282,8188.0
2153.0,6021,10361,8174.0
13505.0,456,0,13961.0
0,973,64152,973
808.0,720,0,1528.0
1523.0,1046,0,2569.0
1553.0,300,7282,1853.0
1554.0,1014,10361,2568.0
0,856,64151,856
712.0,724,0,1436.0
1403.0,401,7282,1804.0
1424.0,380,0,1804.0
1425.0,1358,10361,2783.0
0,1029,64151,1029
868.0,766,0,1634.0
1628.0,421,0,2049.0
1658.0,390,7282,2048.0
1659.0,1185,10361,2844.0
0,989,64151,989
852.0,712,0,1564.0
1531.0,466,7072,1997.0
1552.0,441,0,1993.0
1554.0,792,10361,2346.0
0,798,64761,798
661.0,771,0,1432.0
1398.0,500,7282,1898.0
1420.0,475,0,1895.0
1421.0,1146,10361,2567.0
0,788,64151,788
647.0,783,0,1430.0
1424.0,548,0,1972.0
1459.0,513,7282,1972.0
1459.0,1387,10361,2846.0
0,1353,64101,1353
1206.0,760,0,1966.0
1932.0,290,7282,2222.0
1954.0,628,0,2582.0
1956.0,1524,10361,3480.0
0,815,64151,815
672.0,755,0,1427.0
1421.0,615,0,2036.0
1457.0,577,7282,2034.0
1458.0,1502,10361,2960.0
0,959,64152,959
818.0,720,0,1538.0
1505.0,650,7282,2155.0
1527.0,625,0,2152.0
1528.0,1561,10393,3089.0
0,948,64151,948
756.0,685,0,1441.0
1435.0,648,0,2083.0
1472.0,608,7282,2080.0
1473.0,1569,10393,3042.0
0,1304,64152,1304
1141.0,1165,0,2306.0
2270.0,1080,7282,3350.0
2294.0,453,0,2747.0
2295.0,1062,10393,3357.0
0,1016,64151,1016
825.0,764,0,1589.0
1556.0,312,7282,1868.0
1577.0,876,0,2453.0
1578.0,875,10393,2453.0
0,938,64151,938
744.0,816,0,1560.0
1554.0,832,0,2386.0
1592.0,785,7282,2377.0
1592.0,792,10393,2384.0
0,854,64152,854
713.0,707,0,1420.0
1386.0,890,7072,2276.0
1409.0,877,0,2286.0
1410.0,874,10393,2284.0
0,789,64151,789
646.0,755,0,1401.0
1395.0,895,0,2290.0
1409.0,885,7282,2294.0
1409.0,880,10393,2289.0
0,797,64151,797
648.0,691,0,1339.0
3422.0,796,7282,4218.0
3444.0,763,0,4207.0
3445.0,801,10393,4246.0
0,1015,64151,1015
823.0,758,0,1581.0
1731.0,948,7282,2679.0
1753.0,934,0,2687.0
1755.0,932,10393,2687.0
0,642,64151,642
499.0,770,0,1269.0
1234.0,1009,7282,2243.0
1263.0,975,0,2238.0
1276.0,974,10393,2250.0
0,1487,64101,1487
1349.0,782,0,2131.0
2269.0,975,7282,3244.0
2294.0,951,0,3245.0
2295.0,959,10393,3254.0
0,770,64152,770
643.0,792,0,1435.0
1430.0,1002,0,2432.0
1474.0,948,7282,2422.0
1475.0,956,10393,2431.0
0,953,64150,953
759.0,725,0,1484.0
1451.0,315,7282,1766.0
1473.0,1012,0,2485.0
1474.0,1010,10393,2484.0
0,1288,64101,1288
1126.0,714,0,1840.0
1806.0,1158,7282,2964.0
1828.0,1124,0,2952.0
1830.0,1131,10393,2961.0
0,931,64151,931
766.0,794,0,1560.0
1533.0,1308,7282,2841.0
1555.0,1287,0,2842.0
1567.0,1288,10393,2855.0
0,2988,64151,2988
2804.0,727,0,3531.0
3497.0,354,7282,3851.0
3519.0,1365,0,4884.0
3520.0,1363,10393,4883.0
0,1141,64101,1141
1000,713,0,1713
1707.0,1382,0,3089.0
1787.0,1314,7282,3101.0
1787.0,1310,10393,3097.0
0,1634,64101,1634
1469.0,725,0,2194.0
2159.0,1216,7282,3375.0
2181.0,1198,0,3379.0
2183.0,1207,10393,3390.0
0,2286,64151,2286
738.0,2239,0,2977.0
2971.0,1272,0,4243.0
3021.0,1222,7282,4243.0
3022.0,1229,10393,4251.0
0,947,64150,947
807.0,765,0,1572.0
1539.0,345,7282,1884.0
1561.0,1395,0,2956.0
1563.0,1393,10393,2956.0
0,1069,64151,1069
930.0,988,0,1918.0
1884.0,306,7282,2190.0
1906.0,355,0,2261.0
1907.0,1724,10393,3631.0
0,936,64152,936
727.0,1103,0,1830.0
1803.0,440,7282,2243.0
1824.0,542,0,2366.0
1837.0,878,10393,2715.0
0,943,64151,943
770.0,1009,0,1779.0
2061.0,1401,7282,3462.0
2083.0,1372,0,3455.0
2085.0,1371,10393,3456.0
0,1569,64101,1569
1398.0,705,0,2103.0
0,872,64151,872
729.0,923,0,1652.0
1618.0,1862,7282,3480.0
1640.0,1831,0,3471.0
1641.0,1838,10393,3479.0
0,959,64151,959
767.0,659,0,1426.0
1491.0,1454,0,2945.0
1558.0,1385,7282,2943.0
1558.0,1381,10393,2939.0
0,1576,64101,1576
1417.0,672,0,2089.0
2114.0,326,7282,2440.0
2138.0,641,0,2779.0
2139.0,1860,10393,3999.0
0,866,64152,866
700.0,853,0,1553.0
1519.0,1604,7282,3123.0
1541.0,1585,0,3126.0
1543.0,1592,10393,3135.0
0,784,64151,784
656.0,712,0,1368.0
1340.0,1537,7282,2877.0
1362.0,1511,0,2873.0
1446.0,1426,10393,2872.0
0,1708,64101,1708
1514.0,734,0,2248.0
2214.0,339,7282,2553.0
2236.0,1914,0,4150.0
2238.0,1912,10393,4150.0
0,1909,64101,1909
1745.0,775,0,2520.0
2514.0,1642,0,4156.0
2573.0,1582,7282,4155.0
2573.0,1591,10393,4164.0
0,853,64151,853
682.0,672,0,1354.0
1379.0,380,7282,1759.0
1401.0,1618,0,3019.0
1403.0,1637,10393,3040.0
0,868,64152,868
701.0,788,0,1489.0
1483.0,1664,0,3147.0
1541.0,1610,7282,3151.0
1541.0,1618,10393,3159.0
0,777,64151,777
661.0,713,0,1374.0
1754.0,625,7282,2379.0
1776.0,576,0,2352.0
1778.0,802,10393,2580.0
0,1350,64151,1350
1159.0,842,0,2001.0
1967.0,355,7282,2322.0
1989.0,1666,0,3655.0
1991.0,1673,10393,3664.0
0,771,64152,771
638.0,759,0,1397.0
1391.0,1780,0,3171.0
1481.0,1703,7282,3184.0
1482.0,1699,10393,3181.0
0,845,64151,845
657.0,808,0,1465.0
1432.0,1944,7282,3376.0
1453.0,1919,0,3372.0
1455.0,1929,10393,3384.0
0,869,64152,869
701.0,799,0,1500.0
1494.0,2076,0,3570.0
1563.0,307,7282,1870.0
1563.0,2030,10393,3593.0
0,944,64152,944
752.0,868,0,1620.0
1584.0,358,7282,1942.0
1608.0,2899,0,4507.0
1610.0,2897,10393,4507.0
0,843,64151,843
694.0,859,0,1553.0
1547.0,2324,0,3871.0
1560.0,364,7282,1924.0
1561.0,2302,10393,3863.0
0,1574,64152,1574
1409.0,750,0,2159.0
2187.0,370,7282,2557.0
2211.0,395,0,2606.0
2212.0,730,10393,2942.0
0,1542,64101,1542
1353.0,826,0,2179.0
2143.0,2516,7282,4659.0
2167.0,2494,0,4661.0
2168.0,2488,10393,4656.0
0,884,62775,884
742.0,826,0,1568.0
1562.0,2470,0,4032.0
1644.0,309,7282,1953.0
1644.0,2396,10393,4040.0
0,812,62885,812
678.0,756,0,1434.0
1460.0,369,7282,1829.0
1481.0,402,0,1883.0
1482.0,2810,10393,4292.0
0,864,62885,864
700.0,789,0,1489.0
1483.0,2230,0,3713.0
1497.0,369,7072,1866.0
1498.0,2253,10393,3751.0
0,944,62885,944
753.0,754,0,1507.0
1534.0,360,7282,1894.0
1555.0,2402,0,3957.0
1556.0,2386,10393,3942.0
0,1546,62884,1546
1406.0,777,0,2183.0
2210.0,347,7282,2557.0
2230.0,414,0,2644.0
2232.0,2458,10393,4690.0
0,931,62884,931
794.0,775,0,1569.0
1636.0,2561,0,4197.0
1663.0,400,7282,2063.0
1663.0,2532,10393,4195.0
0,977,62885,977
810.0,1478,0,2288.0
2256.0,378,7282,2634.0
2276.0,422,0,2698.0
2278.0,2615,10393,4893.0
0,1210,62893,1210
1016.0,887,0,1903.0
1897.0,2672,0,4569.0
1964.0,335,7282,2299.0
1964.0,2614,10393,4578.0
0,1020,62884,1020
826.0,746,0,1572.0
1601.0,361,7282,1962.0
1621.0,662,0,2283.0
1625.0,2564,10393,4189.0
0,852,62884,852
712.0,896,0,1608.0
1601.0,2387,0,3988.0
1666.0,315,7282,1981.0
1667.0,2334,10393,4001.0
0,842,62885,842
676.0,835,0,1511.0
1479.0,420,7282,1899.0
1499.0,2485,0,3984.0
1501.0,2482,10393,3983.0
0,860,62885,860
697.0,792,0,1489.0
1517.0,347,7282,1864.0
1537.0,638,0,2175.0
1539.0,3258,10393,4797.0
0,794,62885,794
649.0,795,0,1444.0
1492.0,444,0,1936.0
1524.0,338,7072,1862.0
1525.0,2743,10393,4268.0
0,934,63495,934
741.0,888,0,1629.0
1597.0,328,7282,1925.0
1617.0,3454,0,5071.0
1619.0,3496,10393,5115.0
0,1273,62884,1273
1131.0,1140,0,2271.0
2265.0,734,0,2999.0
2279.0,720,7282,2999.0
2279.0,763,10393,3042.0
0,844,62884,844
685.0,771,0,1456.0
1719.0,2166,7282,3885.0
1740.0,2156,0,3896.0
1742.0,2154,10393,3896.0
0,1005,63144,1005
814.0,832,0,1646.0
1639.0,2799,0,4438.0
1721.0,313,7282,2034.0
1721.0,2727,10393,4448.0
0,935,63147,935
691.0,850,0,1541.0
1509.0,328,7282,1837.0
1529.0,629,0,2158.0
1530.0,3403,10393,4933.0
0,1117,63143,1117
955.0,887,0,1842.0
1810.0,407,7282,2217.0
1831.0,470,0,2301.0
1832.0,3425,10393,5257.0
0,936,63143,936
740.0,892,0,1632.0
1626.0,3007,0,4633.0
1694.0,324,7282,2018.0
1694.0,2938,10393,4632.0
0,933,63147,933
741.0,834,0,1575.0
1541.0,429,7282,1970.0
1562.0,2711,0,4273.0
1563.0,2709,10393,4272.0
0,1131,63143,1131
984.0,843,0,1827.0
1820.0,2830,0,4650.0
1852.0,364,7282,2216.0
1853.0,2823,10393,4676.0
0,954,63152,954
794.0,881,0,1675.0
1643.0,338,7282,1981.0
1663.0,399,0,2062.0
1664.0,3565,10393,5229.0
0,781,63148,781
659.0,803,0,1462.0
1506.0,454,0,1960.0
1539.0,352,7282,1891.0
1539.0,3261,10393,4800.0
0,860,63147,860
709.0,896,0,1605.0
1570.0,1208,7282,2778.0
1592.0,1199,0,2791.0
1594.0,1220,10393,2814.0
0,804,63143,804
654.0,885,0,1539.0
1507.0,398,7282,1905.0
1527.0,2850,0,4377.0
1528.0,2813,10393,4341.0
0,887,63143,887
723.0,816,0,1539.0
1591.0,498,0,2089.0
1624.0,375,7282,1999.0
1625.0,3039,10393,4664.0
0,987,63143,987
792.0,902,0,1694.0
1658.0,343,7282,2001.0
1681.0,474,0,2155.0
1683.0,752,10393,2435.0
0,942,63143,942
695.0,850,0,1545.0
1539.0,2859,0,4398.0
1621.0,309,7282,1930.0
1621.0,2776,10393,4397.0
0,1489,63093,1489
1297.0,894,0,2191.0
2158.0,382,7072,2540.0
0,1053,63147,1053
889.0,839,0,1728.0
1779.0,526,0,2305.0
1812.0,364,7282,2176.0
0,947,63143,947
752.0,847,0,1599.0
1625.0,357,7282,1982.0
1645.0,485,0,2130.0
1647.0,712,10393,2359.0
0,852,63147,852
695.0,864,0,1559.0
1526.0,384,7282,1910.0
1547.0,364,0,1911.0
1549.0,710,10393,2259.0
0,791,63143,791
660.0,862,0,1522.0
1516.0,449,0,1965.0
1598.0,333,7282,1931.0
1598.0,3306,10393,4904.0
0,938,63143,938
744.0,914,0,1658.0
1620.0,403,7282,2023.0
1641.0,466,0,2107.0
1643.0,3529,10393,5172.0
0,869,63143,869
699.0,849,0,1548.0
1597.0,515,0,2112.0
1630.0,412,7282,2042.0
1631.0,3352,10393,4983.0
0,941,63148,941
686.0,894,0,1580.0
1547.0,401,7282,1948.0
1568.0,450,0,2018.0
1569.0,783,10393,2352.0
0,802,63144,802
666.0,885,0,1551.0
1545.0,499,0,2044.0
1627.0,366,7282,1993.0
1627.0,752,10393,2379.0
0,870,63142,870
724.0,837,0,1561.0
1591.0,429,7282,2020.0
1612.0,408,0,2020.0
1614.0,3697,10393,5311.0
0,825,63143,825
676.0,942,0,1618.0
1575.0,497,0,2072.0
1696.0,342,7072,2038.0
1696.0,3439,10393,5135.0
0,944,63143,944
750.0,964,0,1714.0
1680.0,351,7282,2031.0
1702.0,468,0,2170.0
1703.0,893,10393,2596.0
