starttime,duration,size,total
0,1033,171572,3045
802.0,1,0,2013
814.0,543,1789,2555
997.0,446,12963,2458
1231.0,1,0,2013
1232.0,1,0,2013
1234.0,1,0,2013
1460.0,747,171157,2759
2193.0,1,0,2013
2196.0,1,0,2013
2619.0,359,1789,2371
2678.0,229,893,2241
3362.0,297,65,2309
0,1202,174194,3214
879.0,1,0,2013
882.0,8,1789,2020
1093.0,586,12972,2598
1484.0,1,0,2013
1486.0,1,0,2013
1489.0,1,0,2013
1685.0,1,0,2013
1689.0,1,0,2013
1928.0,82,1789,2094
1981.0,163,893,2175
2565.0,147,65,2159
0,1285,171512,3297
729.0,1,0,2013
734.0,18,1789,2030
898.0,452,12963,2464
1268.0,1,0,2013
1270.0,1,0,2013
1272.0,1,0,2013
1400.0,817,171594,2829
2197.0,7,0,2019
2206.0,1,0,2013
2291.0,17,1789,2029
2292.0,74,893,2086
2802.0,185,65,2197
0,1022,170410,3034
716.0,1,0,2013
721.0,8,1789,2020
1060.0,552,14990,2564
1585.0,1,0,2013
1587.0,1,0,2013
1589.0,1,0,2013
1634.0,738,170208,2750
2361.0,1,0,2013
2413.0,139,1789,2151
2435.0,122,893,2134
3097.0,160,65,2172
0,962,174048,2974
682.0,1,0,2013
687.0,8,1789,2020
887.0,607,14990,2619
1220.0,1,0,2013
1222.0,1,0,2013
1225.0,1,0,2013
1512.0,3,0,2015
1518.0,1,0,2013
1778.0,21,1789,2033
1780.0,7,893,2019
2337.0,200,65,2212
0,1148,171058,3160
804.0,1,0,2013
808.0,7,1789,2019
1010.0,456,12963,2468
1115.0,17,0,2029
1134.0,1,0,2013
1136.0,1,0,2013
1535.0,760,170627,2772
2278.0,2,0,2014
2283.0,1,0,2013
2442.0,17,1789,2029
2443.0,64,893,2076
2852.0,153,65,2165
0,862,171229,2874
712.0,1,0,2013
716.0,9,1789,2021
906.0,484,14999,2496
984.0,1,0,2013
986.0,1,0,2013
988.0,1,0,2013
1395.0,1,0,2013
1399.0,1,0,2013
1626.0,665,1789,2677
2039.0,14,893,2026
2667.0,140,65,2152
0,1137,171280,3149
795.0,1,0,2013
799.0,7,1789,2019
1008.0,436,14999,2448
1119.0,1,0,2013
1121.0,1,0,2013
1123.0,1,0,2013
1496.0,7,0,2019
1506.0,1,0,2013
1747.0,11,1789,2023
1749.0,47,893,2059
2174.0,345,65,2357
0,947,171320,2959
796.0,1,0,2013
801.0,7,1789,2019
984.0,390,12972,2402
1070.0,1,0,2013
1072.0,1,0,2013
1074.0,1,0,2013
1446.0,875,170872,2887
2305.0,1,0,2013
2309.0,1,0,2013
2588.0,91,1789,2103
2670.0,12,893,2024
3147.0,151,65,2163
0,871,171546,2883
702.0,1,0,2013
710.0,5,1789,2017
907.0,558,12972,2570
1007.0,1,0,2013
1010.0,2,0,2014
1013.0,1,0,2013
1472.0,1,0,2013
1476.0,1,0,2013
2162.0,232,1789,2244
2164.0,237,893,2249
2746.0,141,65,2153
0,1323,171212,3335
761.0,2,0,2014
767.0,7,1789,2019
1079.0,486,12963,2498
1403.0,1,0,2013
1405.0,1,0,2013
1407.0,1,0,2013
1572.0,785,170693,2797
2378.0,2,0,2014
2383.0,1,0,2013
2556.0,38,1789,2050
2560.0,14,893,2026
3288.0,162,65,2174
0,997,171583,3009
686.0,1,0,2013
691.0,8,1789,2020
882.0,615,14999,2627
967.0,15,0,2027
983.0,1,0,2013
985.0,1,0,2013
1548.0,922,171188,2934
2454.0,1,0,2013
2458.0,1,0,2013
2630.0,70,1789,2082
2632.0,64,893,2076
3383.0,179,65,2191
0,1077,171464,3089
733.0,3,0,2015
739.0,7,1789,2019
964.0,511,14999,2523
1055.0,1,0,2013
1057.0,1,0,2013
1059.0,1,0,2013
1526.0,1,0,2013
1530.0,1,0,2013
1806.0,500,1789,2512
1807.0,495,893,2507
2693.0,188,65,2200
0,1470,171529,3482
737.0,1,0,2013
742.0,7,1789,2019
1028.0,452,12963,2464
1449.0,1,0,2013
1451.0,1,0,2013
1453.0,1,0,2013
1494.0,808,171001,2820
2308.0,1,0,2013
2312.0,1,0,2013
2813.0,90,1789,2102
2835.0,9,893,2021
3248.0,401,65,2413
0,1063,174214,3075
769.0,2,0,2014
774.0,8,1789,2020
967.0,811,12963,2823
1322.0,2,0,2014
1325.0,1,0,2013
1327.0,1,0,2013
1786.0,1,0,2013
1790.0,1,0,2013
2031.0,117,1789,2129
2033.0,104,893,2116
2720.0,438,65,2450
0,1442,171162,3454
789.0,1,0,2013
829.0,16,1789,2028
1041.0,1278,11694,3290
1418.0,1,0,2013
1420.0,1,0,2013
1422.0,1,0,2013
1639.0,1,0,2013
1643.0,1,0,2013
2849.0,47,1789,2059
2885.0,16,893,2028
3314.0,671,65,2683
0,1708,174268,3720
658.0,1,0,2013
663.0,8,1789,2020
847.0,837,12972,2849
1691.0,1,0,2013
1693.0,1,0,2013
1695.0,2,0,2014
1731.0,966,173851,2978
2677.0,1,0,2013
2681.0,4,0,2016
3176.0,127,1789,2139
3177.0,129,893,2141
3959.0,157,65,2169
0,1045,171240,3057
779.0,1,0,2013
784.0,8,1789,2020
982.0,582,12972,2594
1082.0,1,0,2013
1084.0,2,0,2014
1087.0,1,0,2013
1639.0,882,170952,2894
2504.0,1,0,2013
2508.0,1,0,2013
2995.0,154,1789,2166
2996.0,148,893,2160
3813.0,164,65,2176
0,1019,175753,3031
732.0,1,0,2013
738.0,9,1789,2021
975.0,362,14999,2374
1300.0,1,0,2013
1302.0,1,0,2013
1304.0,1,0,2013
1345.0,581,175093,2593
1934.0,1,0,2013
1937.0,1,0,2013
2174.0,822,1789,2834
2233.0,40,893,2052
3618.0,156,65,2168
0,1079,174353,3091
782.0,1,0,2013
788.0,9,1789,2021
986.0,770,12972,2782
1315.0,1,0,2013
1317.0,1,0,2013
1319.0,1,0,2013
1778.0,1,0,2013
1782.0,1,0,2013
2011.0,34,1789,2046
2013.0,36,893,2048
2861.0,606,65,2618
0,985,171550,2997
700.0,1,0,2013
706.0,8,1789,2020
889.0,776,12972,2788
1036.0,1,0,2013
1038.0,1,0,2013
1040.0,1,0,2013
1652.0,1,0,2013
1656.0,1,0,2013
1927.0,817,1789,2829
1953.0,795,893,2807
3203.0,179,65,2191
0,1447,171376,3459
746.0,1,0,2013
751.0,9,1789,2021
1063.0,626,14999,2638
1482.0,1,0,2013
1485.0,1,0,2013
1487.0,1,0,2013
1652.0,1,0,2013
1656.0,1,0,2013
1887.0,812,1789,2824
1889.0,820,893,2832
3386.0,219,65,2231
0,827,171825,2839
647.0,1,0,2013
652.0,8,1789,2020
874.0,861,14990,2873
959.0,1,0,2013
961.0,1,0,2013
963.0,1,0,2013
1789.0,1013,171470,3025
2927.0,1,0,2013
2931.0,1,0,2013
3092.0,17,1789,2029
3100.0,13,893,2025
4265.0,185,65,2197
0,1503,171642,3515
772.0,1,0,2013
779.0,6,1789,2018
1073.0,652,14999,2664
1594.0,1,0,2013
1596.0,1,0,2013
1598.0,1,0,2013
1743.0,1,0,2013
1747.0,1,0,2013
3641.0,99,1789,2111
3642.0,91,893,2103
5015.0,204,65,2216
0,1007,171776,3019
779.0,1,0,2013
784.0,8,1789,2020
974.0,929,12972,2941
1072.0,1,0,2013
1074.0,1,0,2013
1077.0,1,0,2013
1942.0,1334,171179,3346
3285.0,2,0,2014
3291.0,1,0,2013
3759.0,63,1789,2075
3761.0,77,893,2089
4797.0,176,65,2188
0,1405,171247,3417
853.0,1,0,2013
859.0,10,1789,2022
1451.0,1476,12972,3488
1587.0,1,0,2013
1589.0,1,0,2013
1591.0,1,0,2013
1729.0,1,0,2013
1733.0,1,0,2013
3776.0,133,1789,2145
3797.0,11,893,2023
5254.0,203,65,2215
0,1120,174602,3132
830.0,1,0,2013
834.0,8,1789,2020
1062.0,544,14999,2556
1640.0,1508,177601,3520
1976.0,1,0,2013
1978.0,1,0,2013
1981.0,1,0,2013
3135.0,1,0,2013
3139.0,1,0,2013
3885.0,18,1789,2030
3887.0,74,893,2086
4305.0,1001,65,3013
0,1099,171185,3111
807.0,2,0,2014
813.0,9,1789,2021
1143.0,497,14999,2509
1224.0,1,0,2013
1226.0,1,0,2013
1228.0,1,0,2013
1701.0,1355,170784,3367
3036.0,3,0,2015
3043.0,1,0,2013
3897.0,18,1789,2030
3901.0,18,893,2030
5352.0,161,65,2173
0,933,171741,2945
788.0,1,0,2013
793.0,9,1789,2021
979.0,841,12972,2853
1082.0,3,0,2015
1086.0,1,0,2013
1089.0,1,0,2013
1828.0,1,0,2013
1832.0,1,0,2013
2061.0,42,1789,2054
2063.0,35,893,2047
3378.0,678,65,2690
0,1045,171559,3057
714.0,2,0,2014
720.0,11,1789,2023
910.0,993,12972,3005
1023.0,1,0,2013
1025.0,1,0,2013
1027.0,1,0,2013
1890.0,1,0,2013
1894.0,1,0,2013
2140.0,1278,1789,3290
3409.0,12,893,2024
4003.0,147,65,2159
0,923,171424,2935
773.0,1,0,2013
778.0,9,1789,2021
967.0,870,12972,2882
1074.0,2,0,2014
1077.0,1,0,2013
1079.0,1,0,2013
1823.0,1,0,2013
1827.0,1,0,2013
3141.0,10,1789,2022
3143.0,17,893,2029
4031.0,135,65,2147
0,987,174342,2999
685.0,1,0,2013
690.0,9,1789,2021
895.0,1184,14990,3196
1252.0,1,0,2013
1254.0,1,0,2013
1256.0,1,0,2013
2093.0,1,0,2013
2097.0,1,0,2013
2395.0,125,1789,2137
2397.0,127,893,2139
3726.0,818,65,2830
0,1047,171124,3059
763.0,1,0,2013
783.0,6,1789,2018
990.0,707,12972,2719
1085.0,1,0,2013
1087.0,1,0,2013
1090.0,1,0,2013
1794.0,1545,170776,3557
3322.0,1,0,2013
3326.0,1,0,2013
4172.0,16,1789,2028
4175.0,17,893,2029
5766.0,201,65,2213
0,950,174249,2962
660.0,2,0,2014
669.0,6,1789,2018
979.0,1087,12963,3099
1324.0,1,0,2013
1327.0,1,0,2013
1329.0,1,0,2013
2079.0,1,0,2013
2083.0,1,0,2013
2366.0,87,1789,2099
2368.0,89,893,2101
3575.0,790,65,2802
0,999,171070,3011
715.0,2,0,2014
725.0,11,1789,2023
940.0,989,14999,3001
1040.0,1,0,2013
1043.0,1,0,2013
1045.0,1,0,2013
1935.0,1,0,2013
1940.0,1,0,2013
2186.0,1338,1789,3350
3494.0,35,893,2047
4566.0,140,65,2152
0,1770,171270,3782
820.0,2,0,2014
841.0,5,1789,2017
1053.0,718,12972,2730
1747.0,1,0,2013
1749.0,1,0,2013
1752.0,1,0,2013
1809.0,1630,174016,3642
3423.0,1,0,2013
3427.0,1,0,2013
4353.0,157,1789,2169
4355.0,61,893,2073
5995.0,230,65,2242
0,1102,174195,3114
727.0,1,0,2013
733.0,8,1789,2020
1031.0,1224,12963,3236
1363.0,1,0,2013
1365.0,1,0,2013
1367.0,1,0,2013
2332.0,1632,173938,3644
3948.0,1,0,2013
3953.0,1,0,2013
4681.0,16,1789,2028
4684.0,16,893,2028
5860.0,148,65,2160
0,1405,171466,3417
894.0,1,0,2013
910.0,9,1789,2021
1461.0,372,12963,2384
1597.0,1,0,2013
1599.0,2,0,2014
1602.0,1,0,2013
1739.0,1,0,2013
1743.0,1,0,2013
3300.0,10,1789,2022
3302.0,11,893,2023
4815.0,967,65,2979
0,1064,171353,3076
747.0,2,0,2014
754.0,8,1789,2020
960.0,881,14999,2893
1132.0,1,0,2013
1134.0,1,0,2013
1137.0,1,0,2013
1863.0,3,0,2015
1871.0,2,0,2014
2148.0,24,1789,2036
2150.0,26,893,2038
3591.0,957,65,2969
0,1023,171662,3035
749.0,1,0,2013
754.0,8,1789,2020
952.0,1045,14999,3057
1055.0,1,0,2013
1057.0,1,0,2013
1058.0,1,0,2013
1984.0,1,0,2013
1988.0,1,0,2013
2291.0,1325,1789,3337
3568.0,34,893,2046
4281.0,142,65,2154
0,1075,174566,3087
740.0,1,0,2013
746.0,10,1789,2022
941.0,931,12972,2943
1049.0,1,0,2013
1051.0,2,0,2014
1055.0,1,0,2013
1879.0,1,0,2013
1883.0,1,0,2013
2121.0,17,1789,2029
2123.0,21,893,2033
3626.0,891,65,2903
0,1697,171377,3709
817.0,1,0,2013
822.0,9,1789,2021
1065.0,852,12963,2864
1732.0,1,0,2013
1734.0,3,0,2015
1738.0,1,0,2013
1957.0,1596,170847,3608
3536.0,1,0,2013
3540.0,1,0,2013
4505.0,70,1789,2082
4508.0,7,893,2019
4924.0,1373,65,3385
0,1613,171323,3625
989.0,1,0,2013
995.0,20,1789,2032
1581.0,282,14999,2294
1725.0,1,0,2013
1728.0,1,0,2013
1730.0,1,0,2013
1879.0,1486,170961,3498
4186.0,1,0,2013
4191.0,1,0,2013
4437.0,111,1789,2123
4439.0,116,893,2128
5558.0,157,65,2169
0,1838,170956,3850
694.0,1,0,2013
700.0,9,1789,2021
1041.0,800,14990,2812
1811.0,10,0,2022
1823.0,1,0,2013
1825.0,1,0,2013
1859.0,1783,171040,3795
3626.0,1,0,2013
3631.0,1,0,2013
4572.0,59,1789,2071
4574.0,52,893,2064
4974.0,1332,65,3344
0,886,172020,2898
716.0,1,0,2013
723.0,8,1789,2020
938.0,1142,14999,3154
2045.0,1,0,2013
2047.0,1,0,2013
2049.0,1,0,2013
2067.0,1,0,2013
2071.0,1,0,2013
2376.0,109,1789,2121
2429.0,45,893,2057
4029.0,856,65,2868
0,1200,171124,3212
846.0,1,0,2013
852.0,10,1789,2022
1043.0,1014,12972,3026
1177.0,1,0,2013
1179.0,1,0,2013
1182.0,1,0,2013
2073.0,1,0,2013
2076.0,1,0,2013
2370.0,57,1789,2069
2372.0,51,893,2063
4219.0,1244,65,3256
0,1078,174080,3090
770.0,3,0,2015
777.0,9,1789,2021
984.0,1383,14990,3395
1367.0,1,0,2013
1369.0,1,0,2013
1371.0,1,0,2013
2379.0,1,0,2013
2383.0,1,0,2013
2685.0,104,1789,2116
2738.0,55,893,2067
4661.0,1221,65,3233
0,942,170982,2954
684.0,2,0,2014
690.0,9,1789,2021
993.0,1311,14999,3323
1112.0,1,0,2013
1114.0,1,0,2013
1115.0,1,0,2013
2337.0,2267,176267,4279
4589.0,1,0,2013
4593.0,1,0,2013
5493.0,36,1789,2048
5494.0,38,893,2050
7570.0,164,65,2176
0,955,171314,2967
799.0,1,0,2013
805.0,9,1789,2021
1004.0,1184,12963,3196
1102.0,1,0,2013
1105.0,1,0,2013
1107.0,1,0,2013
2268.0,2380,170992,4392
4623.0,9,0,2021
4635.0,1,0,2013
5687.0,224,1789,2236
5874.0,28,893,2040
7833.0,217,65,2229
0,1009,171246,3021
715.0,1,0,2013
721.0,7,1789,2019
941.0,1531,13082,3543
1071.0,1,0,2013
1073.0,1,0,2013
1075.0,1,0,2013
2459.0,1,0,2013
2462.0,1,0,2013
2807.0,2161,1789,4173
2809.0,2163,893,4175
6047.0,147,65,2159
0,1292,174436,3304
980.0,2,0,2014
986.0,6,1789,2018
1247.0,974,15118,2986
2196.0,1,0,2013
2198.0,1,0,2013
2200.0,1,0,2013
2246.0,2528,172407,4540
4758.0,1,0,2013
4762.0,1,0,2013
6092.0,43,1789,2055
6094.0,105,893,2117
8388.0,241,65,2253
0,1064,171774,3076
735.0,1,0,2013
742.0,10,1789,2022
1031.0,1301,13091,3313
1119.0,1,0,2013
1121.0,1,0,2013
1124.0,2,0,2014
2360.0,1,0,2013
2364.0,1,0,2013
2738.0,2288,1789,4300
2746.0,57,893,2069
6413.0,174,65,2186
0,1118,171190,3130
967.0,2,0,2014
973.0,8,1789,2020
1057.0,500,13082,2512
1593.0,18,0,2030
1613.0,1,0,2013
1615.0,1,0,2013
1665.0,2050,170981,4062
3723.0,2,0,2014
3729.0,1,0,2013
5099.0,39,1789,2051
5101.0,45,893,2057
7057.0,210,65,2222
0,1000,171254,3012
723.0,1,0,2013
729.0,8,1789,2020
922.0,1416,13077,3428
997.0,135,2484,2147
1043.0,18,0,2030
1063.0,1,0,2013
1065.0,1,0,2013
2344.0,1,0,2013
2347.0,1,0,2013
2868.0,49,1789,2061
2870.0,50,893,2062
5967.0,195,65,2207
0,1066,170931,3078
720.0,4,0,2016
729.0,10,1789,2022
918.0,1613,13077,3625
1040.0,1,0,2013
1043.0,1,0,2013
1045.0,1,0,2013
2537.0,1,0,2013
2540.0,1,0,2013
2879.0,2102,1789,4114
2881.0,2094,893,4106
5980.0,161,65,2173
8153.0,145,287,2157
0,1077,174620,3089
863.0,1,0,2013
885.0,6,1789,2018
1119.0,743,13082,2755
1893.0,1,0,2013
1895.0,1,0,2013
1897.0,1,0,2013
1940.0,2555,170797,4567
4477.0,1,0,2013
4482.0,2,0,2014
5976.0,55,1789,2067
5978.0,48,893,2060
8278.0,186,65,2198
0,1263,174232,3275
976.0,4,0,2016
988.0,7,1789,2019
1293.0,742,13082,2754
2298.0,19,0,2031
2319.0,1,0,2013
2321.0,1,0,2013
2347.0,2642,173808,4654
4973.0,1,0,2013
4977.0,1,0,2013
6665.0,245,1789,2257
6687.0,64,893,2076
8619.0,191,65,2203
0,860,171043,2872
673.0,3,0,2015
680.0,9,1789,2021
919.0,1656,15113,3668
1042.0,19,0,2031
1062.0,1,0,2013
1065.0,1,0,2013
2562.0,1,0,2013
2567.0,1,0,2013
2998.0,2348,1789,4360
3000,2353,893,4365
6470.0,158,65,2170
0,1241,170148,3253
881.0,2,0,2014
890.0,7,1789,2019
1070.0,1224,13082,3236
1118.0,1180,170887,3192
1214.0,11,0,2023
1227.0,1,0,2013
1229.0,1,0,2013
2321.0,1,0,2013
2325.0,1,0,2013
2600.0,155,1789,2167
2654.0,61,893,2073
5135.0,148,65,2160
0,984,171468,2996
723.0,1,0,2013
729.0,19,1789,2031
918.0,1526,15109,3538
1032.0,1,0,2013
1034.0,1,0,2013
1036.0,1,0,2013
2462.0,1,0,2013
2466.0,1,0,2013
2781.0,2081,1789,4093
2783.0,2076,893,4088
5911.0,159,65,2171
0,1879,170990,3891
998.0,2,0,2014
1005.0,16,1789,2028
1288.0,872,15118,2884
1921.0,1,0,2013
1924.0,1,0,2013
1926.0,1,0,2013
2169.0,1,0,2013
2173.0,1,0,2013
2409.0,2193,1789,4205
4571.0,36,893,2048
6408.0,231,65,2243
0,1026,174199,3038
708.0,1,0,2013
713.0,9,1789,2021
1076.0,1140,13082,3152
2463.0,18,0,2030
2483.0,1,0,2013
2485.0,1,0,2013
2508.0,2643,173931,4655
5135.0,1,0,2013
5139.0,1,0,2013
6546.0,30,1789,2042
6548.0,89,893,2101
8486.0,182,65,2194
0,1159,171944,3171
860.0,1,0,2013
883.0,8,1789,2020
1082.0,842,13082,2854
1205.0,1,0,2013
1207.0,1,0,2013
1209.0,1,0,2013
1977.0,2767,170773,4779
4728.0,1,0,2013
4733.0,1,0,2013
6417.0,16,1789,2028
6419.0,10,893,2022
8460.0,233,65,2245
0,1156,171556,3168
787.0,1,0,2013
792.0,7,1789,2019
1010.0,1368,13082,3380
1124.0,18,0,2030
1144.0,1,0,2013
1146.0,1,0,2013
2385.0,1,0,2013
2388.0,1,0,2013
2747.0,105,1789,2117
2783.0,8,893,2020
5314.0,181,65,2193
0,1148,171253,3160
718.0,1,0,2013
723.0,10,1789,2022
1057.0,1158,15118,3170
1185.0,1,0,2013
1187.0,3,0,2015
1191.0,1,0,2013
2263.0,1,0,2013
2267.0,1,0,2013
2626.0,22,1789,2034
2628.0,24,893,2036
5244.0,190,65,2202
0,1518,174389,3530
752.0,1,0,2013
760.0,10,1789,2022
1575.0,545,15109,2557
2038.0,1,0,2013
2040.0,1,0,2013
2042.0,1,0,2013
2137.0,8,0,2020
2149.0,1,0,2013
3600.0,152,1789,2164
3608.0,72,893,2084
5972.0,163,65,2175
0,1186,171085,3198
912.0,1,0,2013
917.0,10,1789,2022
1109.0,812,15109,2824
1223.0,1,0,2013
1226.0,1,0,2013
1228.0,1,0,2013
1979.0,2697,170786,4709
4658.0,1,0,2013
4662.0,1,0,2013
6350.0,48,1789,2060
6352.0,51,893,2063
8230.0,199,65,2211
0,900,171323,2912
762.0,1,0,2013
770.0,9,1789,2021
967.0,1705,15118,3717
1083.0,1,0,2013
1086.0,1,0,2013
1088.0,1,0,2013
2679.0,1,0,2013
2683.0,3,0,2015
2972.0,92,1789,2104
2975.0,7,893,2019
5548.0,151,65,2163
0,1076,171508,3088
786.0,1,0,2013
791.0,10,1789,2022
1021.0,1417,15104,3429
1145.0,1,0,2013
1147.0,1,0,2013
1148.0,1,0,2013
2503.0,2884,174281,4896
5370.0,1,0,2013
5374.0,1,0,2013
6656.0,32,1789,2044
6658.0,37,893,2049
9171.0,200,65,2212
0,983,174185,2995
676.0,1,0,2013
683.0,11,1789,2023
942.0,1955,13091,3967
1295.0,1,0,2013
1297.0,1,0,2013
1299.0,1,0,2013
2945.0,2910,173699,4922
5839.0,1,0,2013
5843.0,1,0,2013
7248.0,39,1789,2051
7250.0,45,893,2057
7635.0,2232,65,4244
0,1101,174215,3113
932.0,1,0,2013
939.0,10,1789,2022
1142.0,981,13082,2993
2178.0,2036,173916,4048
2504.0,1,0,2013
2506.0,1,0,2013
2508.0,1,0,2013
4202.0,1,0,2013
4206.0,1,0,2013
7424.0,37,1789,2049
7450.0,14,893,2026
9998.0,191,65,2203
0,1866,169409,3878
699.0,1,0,2013
704.0,7,1789,2019
1100.0,1184,13086,3196
2247.0,1,0,2013
2249.0,1,0,2013
2251.0,1,0,2013
2292.0,1278,168751,3290
3556.0,1,0,2013
3787.0,53,1789,2065
3789.0,55,893,2067
7717.0,196,65,2208
0,2046,171713,4058
833.0,1,0,2013
838.0,10,1789,2022
1151.0,894,13431,2906
2080.0,1,0,2013
2082.0,1,0,2013
2084.0,1,0,2013
2136.0,2987,171422,4999
5107.0,1,0,2013
5111.0,1,0,2013
6841.0,93,1789,2105
6866.0,73,893,2085
9270.0,194,65,2206
0,2528,171401,4540
716.0,2,0,2014
738.0,8,1789,2020
1030.0,1474,15118,3486
2510.0,1,0,2013
2512.0,1,0,2013
2514.0,1,0,2013
2561.0,2995,171043,5007
5540.0,1,0,2013
5544.0,1,0,2013
6864.0,30,1789,2042
6865.0,25,893,2037
9398.0,210,65,2222
0,1164,169038,3176
1004.0,1,0,2013
1010.0,21,1789,2033
1200.0,887,15109,2899
2130.0,2025,168693,4037
2475.0,18,0,2030
2496.0,1,0,2013
2498.0,1,0,2013
4170.0,2,0,2014
7467.0,1269,1789,3281
7535.0,1141,893,3153
10695.0,188,65,2200
0,941,170469,2953
738.0,1,0,2013
743.0,10,1789,2022
989.0,2091,13077,4103
1373.0,1,0,2013
1375.0,1,0,2013
1377.0,1,0,2013
3095.0,1,0,2013
3425.0,110,1789,2122
3427.0,105,893,2117
6347.0,190,65,2202
0,1204,174395,3216
942.0,2,0,2014
949.0,10,1789,2022
1133.0,899,15104,2911
2287.0,1,0,2013
2288.0,1,0,2013
2290.0,1,0,2013
2348.0,2913,174334,4925
5245.0,1,0,2013
5249.0,1,0,2013
7211.0,106,1789,2118
7213.0,100,893,2112
0,976,171393,2988
690.0,1,0,2013
700.0,9,1789,2021
894.0,2050,15113,4062
1017.0,1,0,2013
1020.0,1,0,2013
1022.0,2,0,2014
2949.0,1,0,2013
2953.0,1,0,2013
6191.0,739,1789,2751
6876.0,36,893,2048
7265.0,139,65,2151
0,1126,171652,3138
836.0,1,0,2013
841.0,10,1789,2022
1060.0,1424,15113,3436
1173.0,3,0,2015
1177.0,2,0,2014
1180.0,1,0,2013
2538.0,3231,171562,5243
5751.0,1,0,2013
5756.0,1,0,2013
7250.0,24,1789,2036
7251.0,19,893,2031
9850.0,196,65,2208
0,951,170408,2963
664.0,1,0,2013
672.0,10,1789,2022
862.0,2045,13091,4057
990.0,1,0,2013
992.0,1,0,2013
995.0,2,0,2014
2913.0,1,0,2013
2917.0,1,0,2013
6060.0,1003,1789,3015
6070.0,996,893,3008
7433.0,139,65,2151
0,1717,171667,3729
1024.0,1,0,2013
1032.0,20,1789,2032
1667.0,354,15104,2366
1767.0,1,0,2013
1770.0,1,0,2013
1773.0,1,0,2013
2041.0,2912,171270,4924
4937.0,1,0,2013
4941.0,1,0,2013
7193.0,111,1789,2123
7195.0,32,893,2044
9636.0,164,65,2176
0,979,171686,2991
711.0,1,0,2013
721.0,10,1789,2022
919.0,2074,13669,4086
1070.0,1,0,2013
1072.0,1,0,2013
1074.0,1,0,2013
3000,1,0,2013
3006.0,1,0,2013
3360.0,3022,1789,5034
6188.0,31,893,2043
7521.0,158,65,2170
0,1247,174450,3259
926.0,1,0,2013
933.0,20,1789,2032
1188.0,761,15118,2773
1989.0,2408,170863,4420
2333.0,15,0,2027
2350.0,1,0,2013
2352.0,1,0,2013
4410.0,1,0,2013
4413.0,1,0,2013
4854.0,8,1789,2020
4856.0,10,893,2022
7930.0,148,65,2160
0,1060,173073,3072
771.0,7,0,2019
785.0,10,1789,2022
996.0,1685,13082,3697
1098.0,1,0,2013
1100.0,1,0,2013
1102.0,1,0,2013
2737.0,2992,172680,5004
5751.0,1,0,2013
5754.0,1,0,2013
6673.0,24,1789,2036
6675.0,27,893,2039
7038.0,2564,65,4576
0,988,175225,3000
709.0,1,0,2013
714.0,10,1789,2022
913.0,2181,15463,4193
1326.0,1,0,2013
1329.0,1,0,2013
1331.0,1,0,2013
3108.0,1,0,2013
3112.0,1,0,2013
3493.0,107,1789,2119
3524.0,79,893,2091
6433.0,201,65,2213
0,882,170496,2894
720.0,1,0,2013
726.0,10,1789,2022
931.0,2155,15104,4167
999.0,2085,171323,4097
1037.0,1,0,2013
1039.0,1,0,2013
1041.0,1,0,2013
3128.0,3025,171295,5037
6369.0,1,0,2013
6373.0,1,0,2013
6614.0,56,1789,2068
6616.0,59,893,2071
8744.0,195,65,2207
0,1103,171566,3115
794.0,1,0,2013
801.0,11,1789,2023
938.0,2020,15118,4032
1084.0,1,0,2013
1086.0,1,0,2013
1088.0,1,0,2013
2944.0,1,0,2013
2948.0,1,0,2013
3291.0,3261,1789,5273
3298.0,3072,893,5084
7962.0,178,65,2190
0,1042,177313,3054
771.0,1,0,2013
779.0,21,1789,2033
987.0,2107,15113,4119
1386.0,1,0,2013
1389.0,1,0,2013
1391.0,1,0,2013
3110.0,1,0,2013
3114.0,2,0,2014
3482.0,43,1789,2055
3484.0,37,893,2049
6469.0,200,65,2212
0,1111,174459,3123
847.0,2,0,2014
857.0,10,1789,2022
1015.0,1668,15113,3680
2717.0,1721,172902,3733
3000,1,0,2013
3002.0,1,0,2013
3004.0,1,0,2013
4425.0,1,0,2013
4429.0,1,0,2013
4752.0,117,1789,2129
4756.0,40,893,2052
7893.0,213,65,2225
0,977,174424,2989
741.0,1,0,2013
750.0,22,1789,2034
931.0,2264,13082,4276
1336.0,1,0,2013
1338.0,1,0,2013
1340.0,1,0,2013
3296.0,3526,174016,5538
6805.0,1,0,2013
6809.0,1,0,2013
8137.0,148,1789,2160
8139.0,135,893,2147
10071.0,145,65,2157
0,1236,172419,3248
883.0,1,0,2013
888.0,10,1789,2022
1155.0,1493,13082,3505
1278.0,1,0,2013
1280.0,1,0,2013
1282.0,1,0,2013
2701.0,3646,171351,5658
6331.0,1,0,2013
6335.0,1,0,2013
8215.0,280,1789,2292
8221.0,62,893,2074
0,995,171473,3007
816.0,1,0,2013
822.0,13,1789,2025
941.0,2122,15109,4134
1068.0,1,0,2013
1070.0,1,0,2013
1072.0,1,0,2013
3083.0,6,0,2018
3092.0,1,0,2013
3471.0,3550,1789,5562
3473.0,3552,893,5564
8977.0,197,65,2209
