0	92
50	0
100	0
150	0
200	0
250	0
300	0
350	0
400	0
450	0
500	0
550	0
600	1
650	25
700	55
750	41
800	25
850	23
900	27
950	43
1000	45
1050	62
1100	31
1150	13
1200	19
1250	15
1300	18
1350	15
1400	8
1450	15
1500	7
1550	15
1600	9
1650	11
1700	18
1750	12
1800	10
1850	13
1900	11
1950	11
2000	12
2050	13
2100	9
2150	14
2200	5
2250	14
2300	17
2350	17
2400	6
2450	12
2500	13
2550	8
2600	5
2650	10
2700	9
2750	3
2800	6
2850	7
2900	8
2950	9
3000	5
3050	6
3100	10
3150	2
3200	2
3250	7
3300	4
3350	5
3400	5
3450	6
3500	3
3550	5
3600	7
3650	0
3700	3
3750	6
3800	1
3850	3
3900	2
3950	2
4000	3
4050	0
4100	0
4150	5
4200	3
4250	2
4300	1
4350	2
4400	6
4450	2
4500	2
4550	6
4600	2
4650	5
4700	2
4750	5
4800	1
4850	2
4900	3
4950	3
5000	1
5050	1
5100	6
5150	0
5200	3
5250	1
5300	1
5350	3
5400	0
5450	2
5500	3
5550	1
5600	0
5650	1
5700	0
5750	5
5800	2
5850	2
5900	1
5950	6
6000	1
6050	4
6100	0
6150	2
6200	0
6250	0
6300	4
6350	3
6400	5
6450	2
6500	2
6550	0
6600	2
6650	6
6700	0
6750	0
6800	3
6850	4
6900	0
6950	0
7000	1
7050	1
7100	0
7150	2
7200	5
7250	2
7300	0
7350	0
7400	3
7450	1
7500	2
7550	1
7600	1
7650	0
7700	1
7750	0
7800	1
7850	1
7900	1
7950	1
8000	0
8050	0
8100	2
8150	1
8200	3
8250	1
8300	0
8350	1
8400	0
8450	2
8500	0
8550	0
8600	1
8650	0
8700	1
8750	0
8800	0
8850	0
8900	0
8950	1
9000	0
9050	0
9100	0
9150	1
9200	0
9250	1
9300	0
9350	1
9400	0
9450	0
9500	0
9550	0
9600	1
9650	0
9700	0
9750	0
9800	1
9850	0
9900	0
9950	1
10000	0
10050	1
10100	0
10150	0
10200	0
10250	0
10300	0
10350	0
10400	0
10450	0
10500	0
10550	0
10600	0
10650	1
