59315	4
59320	0
59325	0
59330	0
59335	0
59340	0
59345	20
59350	0
59355	0
59360	0
59365	15
59370	0
59375	0
59380	0
59385	0
59390	0
59395	0
59400	0
59405	0
59410	0
59415	0
59420	0
59425	0
59430	0
59435	0
59440	0
59445	0
59450	0
59455	0
59460	0
59465	0
59470	0
59475	0
59480	0
59485	0
59490	1
59495	0
59500	0
59505	0
59510	0
59515	0
59520	0
59525	0
59530	0
59535	0
59540	0
59545	0
59550	15
59555	0
59560	0
59565	0
59570	0
59575	0
59580	0
59585	0
59590	0
59595	0
59600	0
59605	0
59610	0
59615	0
59620	0
59625	0
59630	0
59635	0
59640	0
59645	0
59650	0
59655	0
59660	0
59665	0
59670	0
59675	0
59680	0
59685	0
59690	0
59695	0
59700	0
59705	0
59710	0
59715	0
59720	0
59725	0
59730	0
59735	0
59740	0
59745	0
59750	0
59755	0
59760	0
59765	0
59770	0
59775	0
59780	0
59785	0
59790	0
59795	0
59800	0
59805	0
59810	0
59815	0
59820	0
59825	0
59830	0
59835	0
59840	0
59845	0
59850	0
59855	0
59860	0
59865	0
59870	0
59875	0
59880	0
59885	0
59890	0
59895	0
59900	0
59905	0
59910	0
59915	0
59920	0
59925	0
59930	0
59935	0
59940	0
59945	0
59950	0
59955	0
59960	0
59965	0
59970	0
59975	0
59980	0
59985	0
59990	0
59995	2
60000	8
60005	7
60010	0
60015	0
60020	0
60025	0
60030	0
60035	0
60040	0
60045	0
60050	0
60055	0
60060	0
60065	0
60070	0
60075	0
60080	0
60085	0
60090	0
60095	0
60100	0
60105	0
60110	0
60115	0
60120	12
60125	8
