0	90
50	0
100	0
150	0
200	0
250	0
300	0
350	0
400	0
450	0
500	0
550	0
600	0
650	0
700	0
750	0
800	0
850	0
900	1
950	0
1000	0
1050	0
1100	1
1150	0
1200	0
1250	0
1300	0
1350	0
1400	0
1450	0
1500	0
1550	0
1600	0
1650	0
1700	0
1750	2
1800	4
1850	7
1900	2
1950	6
2000	1
2050	2
2100	2
2150	8
2200	3
2250	1
2300	5
2350	5
2400	8
2450	4
2500	3
2550	6
2600	7
2650	2
2700	1
2750	8
2800	7
2850	5
2900	4
2950	2
3000	2
3050	2
3100	4
3150	1
3200	5
3250	6
3300	4
3350	0
3400	0
3450	6
3500	0
3550	5
3600	2
3650	1
3700	1
3750	2
3800	8
3850	0
3900	4
3950	5
4000	4
4050	3
4100	5
4150	2
4200	3
4250	1
4300	1
4350	6
4400	1
4450	1
4500	3
4550	6
4600	1
4650	1
4700	2
4750	1
4800	6
4850	0
4900	4
4950	4
5000	2
5050	3
5100	1
5150	3
5200	0
5250	4
5300	2
5350	1
5400	0
5450	2
5500	0
5550	1
5600	5
5650	3
5700	1
5750	1
5800	1
5850	0
5900	1
5950	1
6000	0
6050	2
6100	0
6150	1
6200	1
6250	0
6300	1
6350	1
6400	0
6450	1
6500	0
6550	1
6600	0
6650	0
6700	2
6750	0
6800	1
6850	0
6900	0
6950	1
7000	1
7050	0
7100	1
7150	0
7200	0
7250	0
7300	0
7350	0
7400	0
7450	0
7500	0
7550	1
7600	0
7650	0
7700	0
7750	0
7800	0
7850	0
7900	0
7950	0
8000	0
8050	1
8100	1
8150	0
8200	0
8250	0
8300	0
8350	0
8400	0
8450	0
8500	1
