80	7
100	34
120	11
140	1
160	1
180	1
200	1
220	2
240	1
260	1
280	0
300	0
320	0
340	0
360	0
380	0
400	0
420	4
440	10
460	14
480	9
500	8
520	10
540	3
560	3
580	0
600	1
620	1
640	2
660	0
680	0
700	0
720	0
740	0
760	1
780	2
800	2
820	0
840	0
860	1
880	1
900	2
920	0
940	0
960	1
980	0
1000	0
1020	0
1040	0
1060	3
1080	1
1100	0
1120	0
1140	0
1160	1
1180	0
1200	1
1220	2
1240	1
1260	0
1280	1
1300	0
1320	0
1340	1
1360	2
1380	4
1400	3
1420	4
1440	5
1460	0
1480	1
1500	0
1520	0
1540	0
1560	1
1580	1
1600	3
1620	2
1640	2
1660	2
1680	1
1700	3
1720	5
1740	0
1760	2
1780	1
1800	0
1820	2
1840	2
1860	4
1880	9
1900	5
1920	0
1940	4
1960	0
1980	0
2000	1
2020	1
2040	2
2060	2
2080	3
2100	1
2120	2
2140	0
2160	1
2180	3
2200	1
2220	3
2240	0
2260	0
2280	0
2300	2
2320	0
2340	0
2360	0
2380	1
2400	2
2420	2
2440	1
2460	0
2480	0
2500	2
2520	1
2540	1
2560	2
2580	0
2600	0
2620	0
2640	0
2660	0
2680	2
2700	0
2720	0
2740	1
2760	0
2780	2
2800	0
2820	0
2840	0
2860	0
2880	0
2900	3
2920	0
2940	1
2960	0
2980	0
3000	0
3020	2
3040	0
3060	0
3080	0
3100	0
3120	0
3140	0
3160	0
3180	0
3200	0
3220	2
3240	0
3260	0
3280	1
3300	1
3320	0
3340	0
3360	0
3380	0
3400	1
3420	1
3440	0
3460	0
3480	0
3500	0
3520	0
3540	0
3560	0
3580	0
3600	0
3620	0
3640	2
3660	2
3680	0
3700	0
3720	0
3740	0
3760	0
3780	0
3800	0
3820	0
3840	0
3860	0
3880	0
3900	0
3920	2
3940	0
3960	0
3980	0
4000	0
4020	0
4040	0
4060	0
4080	2
4100	0
4120	0
4140	0
4160	0
4180	0
4200	0
4220	0
4240	0
4260	0
4280	0
4300	0
4320	0
4340	0
4360	0
4380	0
4400	0
4420	0
4440	0
4460	0
4480	0
4500	0
4520	0
4540	0
4560	1
4580	1
4600	0
4620	0
4640	0
4660	0
4680	0
4700	0
4720	0
4740	0
4760	0
4780	0
4800	0
4820	0
4840	0
4860	0
4880	0
4900	0
4920	0
4940	0
4960	0
4980	0
5000	0
5020	0
5040	0
5060	0
5080	0
5100	0
5120	0
5140	0
5160	0
5180	0
5200	0
5220	0
5240	0
5260	0
5280	0
5300	0
5320	0
5340	0
5360	0
5380	0
5400	0
5420	0
5440	0
5460	0
5480	0
5500	0
5520	0
5540	0
5560	0
5580	1
