600	1
650	0
700	0
750	11
800	9
850	16
900	18
950	8
1000	5
1050	3
1100	3
1150	0
1200	1
1250	3
1300	3
1350	5
1400	11
1450	10
1500	12
1550	20
1600	9
1650	4
1700	4
1750	3
1800	8
1850	13
1900	13
1950	15
2000	17
2050	7
2100	5
2150	13
2200	8
2250	13
2300	5
2350	9
2400	5
2450	4
2500	2
2550	9
2600	3
2650	4
2700	2
2750	4
2800	5
2850	4
2900	4
2950	10
3000	4
3050	3
3100	5
3150	5
3200	2
3250	1
3300	1
3350	7
3400	0
3450	7
3500	1
3550	2
3600	1
3650	2
3700	1
3750	1
3800	0
3850	6
3900	1
3950	5
4000	3
4050	0
4100	2
4150	6
4200	5
4250	5
4300	1
4350	3
4400	2
4450	0
4500	2
4550	2
4600	3
4650	6
4700	0
4750	2
4800	0
4850	3
4900	2
4950	1
5000	0
5050	1
5100	2
5150	1
5200	1
5250	1
5300	1
5350	0
5400	0
5450	0
5500	0
5550	0
5600	0
5650	0
5700	0
5750	0
5800	0
5850	0
5900	0
5950	0
6000	0
6050	0
6100	0
6150	0
6200	0
6250	0
6300	0
6350	0
6400	0
6450	0
6500	0
6550	0
6600	0
6650	0
6700	0
6750	0
6800	0
6850	0
6900	0
6950	0
7000	0
7050	0
7100	0
7150	0
7200	0
7250	0
7300	0
7350	0
7400	0
7450	0
7500	0
7550	0
7600	0
7650	0
7700	0
7750	0
7800	0
7850	0
7900	0
7950	0
8000	0
8050	0
8100	0
8150	2
8200	1
8250	0
8300	0
8350	0
8400	0
8450	0
8500	0
8550	0
8600	0
8650	0
8700	0
8750	0
8800	0
8850	0
8900	0
8950	0
9000	0
9050	0
9100	0
9150	0
9200	0
9250	0
9300	0
9350	0
9400	0
9450	0
9500	0
9550	0
9600	0
9650	0
9700	0
9750	0
9800	0
9850	0
9900	0
9950	0
10000	0
10050	0
10100	0
10150	0
10200	0
10250	0
10300	0
10350	0
10400	0
10450	0
10500	0
10550	0
10600	0
10650	0
10700	0
10750	0
10800	0
10850	0
10900	0
10950	0
11000	0
11050	0
11100	0
11150	0
11200	0
11250	0
11300	0
11350	0
11400	0
11450	0
11500	0
11550	0
11600	0
11650	0
11700	0
11750	0
11800	0
11850	0
11900	0
11950	0
12000	0
12050	0
12100	0
12150	0
12200	0
12250	0
12300	0
12350	0
12400	0
12450	0
12500	0
12550	0
12600	0
12650	0
12700	0
12750	0
12800	0
12850	0
12900	0
12950	0
13000	0
13050	0
13100	0
13150	0
13200	0
13250	0
13300	0
13350	0
13400	0
13450	0
13500	0
13550	0
13600	0
13650	0
13700	0
13750	0
13800	0
13850	0
13900	0
13950	1
