400	2
450	37
500	72
550	68
600	49
650	21
700	18
750	28
800	26
850	29
900	24
950	18
1000	13
1050	13
1100	13
1150	5
1200	4
1250	5
1300	0
1350	4
1400	0
1450	2
1500	3
1550	1
1600	3
1650	1
1700	1
1750	0
1800	2
1850	1
1900	6
1950	6
2000	6
2050	4
2100	1
2150	4
2200	5
2250	1
2300	2
2350	3
2400	1
2450	2
2500	3
2550	2
2600	3
2650	6
2700	5
2750	2
2800	2
2850	1
2900	3
2950	5
3000	1
3050	3
3100	3
3150	3
3200	2
3250	1
3300	1
3350	2
3400	1
3450	2
3500	4
3550	3
3600	2
3650	3
3700	0
3750	1
3800	0
3850	0
3900	3
3950	2
4000	1
4050	0
4100	2
4150	2
4200	4
4250	3
4300	1
4350	1
4400	2
4450	2
4500	0
4550	4
4600	1
4650	4
4700	3
4750	5
4800	2
4850	3
4900	2
4950	4
5000	3
5050	1
5100	1
5150	2
5200	5
5250	2
5300	3
5350	2
5400	2
5450	2
5500	3
5550	2
5600	2
5650	0
5700	0
5750	3
5800	2
5850	2
5900	0
5950	0
6000	2
6050	1
6100	1
6150	0
6200	0
6250	0
6300	0
6350	0
6400	0
6450	0
6500	0
6550	0
6600	0
6650	1
