starttime,duration,size,total
893.0,129,24679,1022.0
921.0,860,15873,1781.0
922.0,856,26941,1778.0
924.0,876,17914,1800.0
998.0,188,47966,1186.0
1491.0,442,13104,1933.0
487.0,228,24679,715.0
501.0,196,15873,697.0
502.0,207,26941,709.0
503.0,207,17914,710.0
603.0,122,47966,725.0
1664.0,49,13104,1713.0
518.0,219,24679,737.0
531.0,200,15873,731.0
533.0,159,26941,692.0
534.0,158,17914,692.0
704.0,33,47966,737.0
1732.0,679,11547,2411.0
1733.0,688,15235,2421.0
467.0,248,24679,715.0
480.0,242,15873,722.0
482.0,240,26941,722.0
483.0,238,17914,721.0
580.0,146,47966,726.0
1072.0,85,13104,1157.0
455.0,262,24679,717.0
469.0,250,15873,719.0
470.0,246,26941,716.0
471.0,246,17914,717.0
571.0,150,47966,721.0
1662.0,171,13104,1833.0
447.0,266,24679,713.0
461.0,253,15873,714.0
462.0,247,26941,709.0
464.0,246,17914,710.0
556.0,201,47966,757.0
1832.0,638,13104,2470.0
474.0,253,24679,727.0
489.0,238,15873,727.0
490.0,236,26941,726.0
491.0,234,17914,725.0
567.0,158,47966,725.0
1798.0,337,13104,2135.0
459.0,172,24679,631.0
473.0,159,15873,632.0
475.0,157,26941,632.0
476.0,171,17914,647.0
606.0,108,47966,714.0
1461.0,292,11547,1753.0
1462.0,291,15235,1753.0
448.0,279,24679,727.0
462.0,279,15873,741.0
463.0,265,26941,728.0
464.0,264,17914,728.0
562.0,222,47966,784.0
1749.0,167,11547,1916.0
1749.0,175,15235,1924.0
455.0,293,24679,748.0
469.0,262,15873,731.0
470.0,266,26941,736.0
471.0,263,17914,734.0
569.0,183,47966,752.0
1563.0,89,13104,1652.0
466.0,285,24679,751.0
480.0,272,15873,752.0
482.0,271,26941,753.0
483.0,268,17914,751.0
576.0,227,47966,803.0
1748.0,547,13104,2295.0
464.0,281,24679,745.0
478.0,289,15873,767.0
479.0,281,26941,760.0
480.0,264,17914,744.0
574.0,194,47966,768.0
1788.0,481,11547,2269.0
1789.0,497,15235,2286.0
461.0,203,24679,664.0
475.0,178,15873,653.0
477.0,182,26941,659.0
478.0,181,17914,659.0
1016.0,45,47966,1061.0
2011.0,201,11547,2212.0
2011.0,204,15235,2215.0
509.0,245,24679,754.0
523.0,236,15873,759.0
524.0,236,26941,760.0
526.0,175,17914,701.0
601.0,163,47966,764.0
1136.0,707,13104,1843.0
486.0,258,24679,744.0
500.0,275,15873,775.0
501.0,237,26941,738.0
503.0,241,17914,744.0
578.0,178,47966,756.0
1798.0,717,13104,2515.0
485.0,350,24679,835.0
499.0,342,15873,841.0
500.0,287,26941,787.0
501.0,332,17914,833.0
576.0,261,47966,837.0
1925.0,1848,11547,3773.0
1925.0,1853,15235,3778.0
460.0,304,24679,764.0
474.0,308,15873,782.0
475.0,290,26941,765.0
476.0,289,17914,765.0
574.0,214,47966,788.0
1955.0,712,13104,2667.0
470.0,329,24679,799.0
485.0,312,15873,797.0
487.0,310,26941,797.0
488.0,292,17914,780.0
564.0,235,47966,799.0
1912.0,798,11547,2710.0
1912.0,795,15235,2707.0
543.0,224,24679,767.0
557.0,211,15873,768.0
559.0,203,26941,762.0
560.0,195,17914,755.0
654.0,129,47966,783.0
1893.0,773,13104,2666.0
482.0,177,24679,659.0
497.0,162,15873,659.0
498.0,161,26941,659.0
500.0,167,17914,667.0
1022.0,73,47966,1095.0
1864.0,426,11547,2290.0
1864.0,438,15235,2302.0
457.0,191,24679,648.0
470.0,174,15873,644.0
472.0,173,26941,645.0
473.0,175,17914,648.0
608.0,38,47966,646.0
1976.0,803,11547,2779.0
1977.0,821,15235,2798.0
461.0,197,24679,658.0
475.0,185,15873,660.0
476.0,183,26941,659.0
479.0,168,17914,647.0
571.0,95,47966,666.0
2135.0,473,11547,2608.0
2135.0,471,15235,2606.0
479.0,179,24679,658.0
493.0,164,15873,657.0
495.0,154,26941,649.0
496.0,190,17914,686.0
572.0,76,47966,648.0
1133.0,103,11547,1236.0
1134.0,98,15235,1232.0
465.0,188,24679,653.0
480.0,182,15873,662.0
481.0,181,26941,662.0
482.0,173,17914,655.0
579.0,92,47966,671.0
2321.0,100,11547,2421.0
2322.0,101,15235,2423.0
1090.0,192,24679,1282.0
1105.0,166,15873,1271.0
1107.0,165,26941,1272.0
1108.0,174,17914,1282.0
1187.0,81,47966,1268.0
3367.0,1648,13104,5015.0
565.0,182,24679,747.0
579.0,173,15873,752.0
580.0,171,26941,751.0
581.0,170,17914,751.0
987.0,64,47966,1051.0
2326.0,829,13104,3155.0
475.0,159,24679,634.0
489.0,151,15873,640.0
490.0,145,26941,635.0
491.0,150,17914,641.0
1058.0,99,47966,1157.0
2263.0,1645,13104,3908.0
997.0,198,24679,1195.0
1011.0,178,15873,1189.0
1012.0,184,26941,1196.0
1014.0,170,17914,1184.0
1109.0,90,47966,1199.0
2101.0,1949,13104,4050.0
485.0,197,24679,682.0
499.0,193,15873,692.0
501.0,185,26941,686.0
502.0,186,17914,688.0
603.0,97,47966,700.0
1157.0,36,11547,1193.0
1157.0,119,15235,1276.0
497.0,302,24679,799.0
511.0,280,15873,791.0
513.0,278,26941,791.0
514.0,283,17914,797.0
593.0,205,47966,798.0
2448.0,1786,13104,4234.0
476.0,165,24679,641.0
490.0,149,15873,639.0
492.0,143,26941,635.0
493.0,146,17914,639.0
1046.0,49,47966,1095.0
2395.0,779,11547,3174.0
2395.0,778,15235,3173.0
484.0,196,24679,680.0
498.0,176,15873,674.0
499.0,182,26941,681.0
500.0,173,17914,673.0
594.0,92,47966,686.0
2500.0,608,13104,3108.0
487.0,193,24679,680.0
501.0,179,15873,680.0
502.0,178,26941,680.0
504.0,170,17914,674.0
598.0,94,47966,692.0
2592.0,808,11547,3400.0
2593.0,809,15235,3402.0
477.0,197,24679,674.0
493.0,184,15873,677.0
494.0,182,26941,676.0
495.0,184,17914,679.0
594.0,128,47966,722.0
1130.0,112,11547,1242.0
1131.0,99,15235,1230.0
486.0,191,24679,677.0
500.0,176,15873,676.0
502.0,189,26941,691.0
503.0,173,17914,676.0
600.0,91,47966,691.0
1160.0,182,13104,1342.0
503.0,273,24679,776.0
518.0,298,15873,816.0
520.0,258,26941,778.0
521.0,282,17914,803.0
599.0,218,47966,817.0
2550.0,1901,13104,4451.0
484.0,187,24679,671.0
498.0,175,15873,673.0
500.0,173,26941,673.0
501.0,173,17914,674.0
596.0,93,47966,689.0
2583.0,2038,11547,4621.0
2583.0,2039,15235,4622.0
571.0,200,24679,771.0
585.0,185,15873,770.0
587.0,187,26941,774.0
588.0,184,17914,772.0
665.0,107,47966,772.0
1099.0,148,11547,1247.0
1099.0,147,15235,1246.0
491.0,159,24679,650.0
505.0,149,15873,654.0
506.0,141,26941,647.0
508.0,140,17914,648.0
1062.0,109,47966,1171.0
3374.0,282,13104,3656.0
489.0,169,24679,658.0
503.0,155,15873,658.0
504.0,141,26941,645.0
505.0,150,17914,655.0
1073.0,54,47966,1127.0
2548.0,104,13104,2652.0
507.0,284,24679,791.0
521.0,286,15873,807.0
523.0,270,26941,793.0
524.0,267,17914,791.0
628.0,193,47966,821.0
1174.0,1389,11547,2563.0
1175.0,1366,15235,2541.0
507.0,325,24679,832.0
521.0,280,15873,801.0
523.0,303,26941,826.0
524.0,307,17914,831.0
603.0,198,47966,801.0
2658.0,143,11547,2801.0
2658.0,157,15235,2815.0
499.0,192,24679,691.0
513.0,187,15873,700.0
515.0,176,26941,691.0
517.0,176,17914,693.0
613.0,107,47966,720.0
2704.0,2277,11547,4981.0
2705.0,2282,15235,4987.0
498.0,189,24679,687.0
512.0,179,15873,691.0
513.0,171,26941,684.0
514.0,170,17914,684.0
610.0,90,47966,700.0
2719.0,94,11547,2813.0
2719.0,97,15235,2816.0
498.0,191,24679,689.0
512.0,188,15873,700.0
513.0,188,26941,701.0
514.0,188,17914,702.0
613.0,91,47966,704.0
1166.0,106,13104,1272.0
497.0,433,24679,930.0
511.0,438,15873,949.0
512.0,430,26941,942.0
514.0,441,17914,955.0
593.0,356,47966,949.0
3060.0,4494,11547,7554.0
3061.0,4494,15235,7555.0
519.0,270,24679,789.0
533.0,331,15873,864.0
534.0,329,26941,863.0
535.0,327,17914,862.0
611.0,258,47966,869.0
2996.0,1018,13104,4014.0
492.0,435,24679,927.0
506.0,427,15873,933.0
507.0,407,26941,914.0
508.0,158,17914,666.0
587.0,347,47966,934.0
3308.0,1069,13104,4377.0
515.0,410,24679,925.0
529.0,396,15873,925.0
531.0,371,26941,902.0
532.0,381,17914,913.0
608.0,316,47966,924.0
4362.0,311,13104,4673.0
486.0,197,24679,683.0
501.0,193,15873,694.0
503.0,176,26941,679.0
504.0,199,12432,703.0
602.0,94,47966,696.0
3564.0,1168,11547,4732.0
3564.0,1169,15235,4733.0
507.0,198,24679,705.0
521.0,198,15873,719.0
523.0,196,26941,719.0
524.0,183,12432,707.0
626.0,113,47966,739.0
3542.0,145,11547,3687.0
3542.0,1139,15235,4681.0
516.0,193,24679,709.0
530.0,189,15873,719.0
532.0,176,26941,708.0
533.0,175,12432,708.0
629.0,92,47966,721.0
1214.0,96,13104,1310.0
494.0,90,24679,584.0
510.0,72,15873,582.0
512.0,71,26941,583.0
574.0,144,12432,718.0
1074.0,38,47966,1112.0
2046.0,2172,11547,4218.0
2046.0,2170,15235,4216.0
511.0,193,24679,704.0
526.0,174,15873,700.0
527.0,186,26941,713.0
528.0,177,12432,705.0
605.0,113,47966,718.0
1202.0,101,13104,1303.0
498.0,191,24679,689.0
512.0,178,15873,690.0
513.0,186,26941,699.0
514.0,175,12432,689.0
611.0,93,47966,704.0
3426.0,136,13104,3562.0
576.0,291,24679,867.0
590.0,280,15873,870.0
592.0,279,26941,871.0
593.0,264,12432,857.0
825.0,132,47966,957.0
2475.0,11530,13104,14005.0
573.0,301,24679,874.0
587.0,188,15873,775.0
588.0,290,26941,878.0
590.0,283,12432,873.0
840.0,388,47966,1228.0
2286.0,9374,11547,11660.0
2286.0,9376,15235,11662.0
518.0,166,24679,684.0
533.0,255,15873,788.0
534.0,144,26941,678.0
535.0,150,12432,685.0
1067.0,106,47966,1173.0
6017.0,1389,13104,7406.0
519.0,200,24679,719.0
534.0,196,15873,730.0
535.0,177,26941,712.0
536.0,182,12432,718.0
634.0,98,47966,732.0
1203.0,95,13104,1298.0
673.0,138,24679,811.0
702.0,2378,15873,3080.0
704.0,2405,26941,3109.0
705.0,2374,12432,3079.0
782.0,105,47966,887.0
3090.0,1083,11547,4173.0
3090.0,1084,15235,4174.0
517.0,196,24679,713.0
531.0,180,15873,711.0
533.0,177,26941,710.0
534.0,177,12432,711.0
629.0,94,47966,723.0
3541.0,1382,13104,4923.0
512.0,201,24679,713.0
526.0,179,15873,705.0
527.0,178,26941,705.0
529.0,172,12432,701.0
619.0,95,47966,714.0
3612.0,1315,11547,4927.0
3613.0,1317,15235,4930.0
509.0,201,24679,710.0
523.0,186,15873,709.0
525.0,184,26941,709.0
546.0,386,12432,932.0
1101.0,31,47966,1132.0
3649.0,148,11547,3797.0
3650.0,90,15235,3740.0
520.0,164,24679,684.0
534.0,159,15873,693.0
536.0,150,26941,686.0
537.0,149,12432,686.0
1170.0,65,47966,1235.0
2482.0,105,11547,2587.0
2483.0,108,15235,2591.0
444.0,192,24679,636.0
460.0,172,15873,632.0
461.0,185,26941,646.0
462.0,183,12432,645.0
607.0,40,47966,647.0
1465.0,176,13104,1641.0
512.0,203,24679,715.0
526.0,178,15873,704.0
527.0,188,26941,715.0
529.0,186,12432,715.0
627.0,127,47966,754.0
2698.0,2514,11547,5212.0
2698.0,2522,15235,5220.0
539.0,329,24679,868.0
553.0,312,15873,865.0
554.0,316,26941,870.0
555.0,314,12432,869.0
633.0,232,47966,865.0
3810.0,4794,13104,8604.0
532.0,201,24679,733.0
546.0,187,15873,733.0
547.0,189,26941,736.0
549.0,196,12432,745.0
648.0,98,47966,746.0
1240.0,177,13104,1417.0
522.0,166,24679,688.0
536.0,154,15873,690.0
537.0,151,26941,688.0
539.0,146,12432,685.0
1151.0,53,47966,1204.0
3879.0,89,13104,3968.0
511.0,163,24679,674.0
526.0,151,15873,677.0
527.0,148,26941,675.0
528.0,150,12432,678.0
1144.0,56,47966,1200.0
3932.0,1496,13104,5428.0
514.0,205,24679,719.0
529.0,183,15873,712.0
530.0,192,26941,722.0
531.0,188,12432,719.0
610.0,111,47966,721.0
1235.0,170,11547,1405.0
1235.0,167,15235,1402.0
583.0,295,24679,878.0
597.0,290,15873,887.0
599.0,276,26941,875.0
600.0,288,12432,888.0
679.0,197,47966,876.0
3916.0,9798,11547,13714.0
3916.0,9797,15235,13713.0
449.0,198,24679,647.0
463.0,183,15873,646.0
464.0,188,26941,652.0
466.0,180,12432,646.0
617.0,38,47966,655.0
1494.0,155,13104,1649.0
580.0,343,24679,923.0
594.0,328,15873,922.0
596.0,328,26941,924.0
597.0,325,12432,922.0
673.0,251,47966,924.0
1126.0,394,11547,1520.0
1126.0,397,15235,1523.0
468.0,169,24679,637.0
482.0,159,15873,641.0
484.0,153,26941,637.0
485.0,146,12432,631.0
1335.0,57,47966,1392.0
2992.0,49,13104,3041.0
453.0,171,24679,624.0
469.0,147,15873,616.0
471.0,154,26941,625.0
473.0,157,12432,630.0
1313.0,47,47966,1360.0
2816.0,2647,11547,5463.0
2816.0,2646,15235,5462.0
531.0,163,24679,694.0
545.0,146,15873,691.0
547.0,158,26941,705.0
548.0,145,12432,693.0
1130.0,53,47966,1183.0
2530.0,2987,11547,5517.0
2530.0,2985,15235,5515.0
440.0,203,24679,643.0
454.0,181,15873,635.0
456.0,185,26941,641.0
457.0,185,12432,642.0
606.0,38,47966,644.0
1678.0,4345,13104,6023.0
447.0,170,24679,617.0
462.0,156,15873,618.0
464.0,154,26941,618.0
465.0,160,12432,625.0
1438.0,93,47966,1531.0
3399.0,241,11547,3640.0
3399.0,236,15235,3635.0
670.0,178,24679,848.0
717.0,145,15873,862.0
720.0,215,26941,935.0
721.0,215,12432,936.0
797.0,140,47966,937.0
2265.0,3065,13104,5330.0
540.0,103,24679,643.0
559.0,354,15873,913.0
560.0,349,26941,909.0
562.0,82,12432,644.0
1092.0,104,47966,1196.0
4081.0,4444,13104,8525.0
462.0,166,24679,628.0
476.0,152,15873,628.0
478.0,158,26941,636.0
479.0,168,12432,647.0
1396.0,88,47966,1484.0
3142.0,110,13104,3252.0
495.0,293,24679,788.0
509.0,278,15873,787.0
511.0,179,26941,690.0
512.0,177,12432,689.0
664.0,122,47966,786.0
5254.0,151,13104,5405.0
449.0,176,24679,625.0
463.0,162,15873,625.0
465.0,155,26941,620.0
466.0,158,12432,624.0
1344.0,56,47966,1400.0
2987.0,72,11547,3059.0
2988.0,70,15235,3058.0
548.0,96,24679,644.0
562.0,81,15873,643.0
564.0,85,26941,649.0
565.0,203,12432,768.0
1102.0,166,47966,1268.0
5463.0,3376,13104,8839.0
529.0,205,24679,734.0
544.0,189,15873,733.0
545.0,181,26941,726.0
546.0,188,12432,734.0
622.0,114,47966,736.0
4111.0,163,13104,4274.0
454.0,169,24679,623.0
470.0,163,15873,633.0
472.0,160,26941,632.0
473.0,160,12432,633.0
1328.0,46,47966,1374.0
3087.0,2968,11547,6055.0
3087.0,3106,15235,6193.0
517.0,171,24679,688.0
531.0,153,15873,684.0
533.0,155,26941,688.0
534.0,151,12432,685.0
1263.0,56,47966,1319.0
3030.0,3302,11547,6332.0
3030.0,3310,15235,6340.0
470.0,167,24679,637.0
484.0,153,15873,637.0
486.0,158,26941,644.0
487.0,157,12432,644.0
1358.0,124,47966,1482.0
1732.0,1614,11547,3346.0
1732.0,4800,15235,6532.0
456.0,177,24679,633.0
471.0,179,15873,650.0
472.0,161,26941,633.0
474.0,160,12432,634.0
1448.0,90,47966,1538.0
3374.0,132,11547,3506.0
3375.0,134,15235,3509.0
452.0,181,24679,633.0
466.0,167,15873,633.0
468.0,164,26941,632.0
469.0,165,12432,634.0
1521.0,55,47966,1576.0
3524.0,116,11547,3640.0
3524.0,269,15235,3793.0
