20	11
40	71
60	179
80	158
100	48
120	50
140	36
160	30
180	34
200	10
220	4
240	4
260	4
280	5
300	3
320	1
340	3
360	1
380	0
400	0
420	1
440	1
460	4
480	0
500	1
520	2
540	1
560	7
580	2
600	0
620	1
640	0
660	0
680	0
700	1
720	0
740	1
760	2
780	1
800	0
820	0
840	0
860	0
880	0
900	1
920	1
940	4
960	2
980	0
1000	1
1020	3
1040	2
1060	1
1080	1
1100	2
1120	1
1140	0
1160	1
1180	1
1200	3
1220	1
1240	1
1260	0
1280	2
1300	2
1320	0
1340	0
1360	1
1380	0
1400	0
1420	1
1440	0
1460	1
1480	2
1500	0
1520	0
1540	0
1560	1
1580	0
1600	1
1620	5
1640	3
1660	1
1680	1
1700	0
1720	0
1740	0
1760	2
1780	0
1800	0
1820	0
1840	2
1860	0
1880	0
1900	0
1920	0
1940	1
1960	0
1980	1
2000	0
2020	0
2040	1
2060	0
2080	0
2100	0
2120	0
2140	1
2160	0
2180	0
2200	0
2220	0
2240	0
2260	0
2280	2
2300	1
2320	1
2340	0
2360	1
2380	0
2400	1
2420	2
2440	0
2460	0
2480	1
2500	1
2520	0
2540	1
2560	0
2580	0
2600	1
2620	0
2640	1
2660	1
2680	1
2700	1
2720	2
2740	2
2760	2
2780	1
2800	3
2820	2
2840	2
2860	2
2880	2
2900	3
2920	1
2940	0
2960	2
2980	1
3000	1
3020	0
3040	1
3060	2
3080	0
3100	2
3120	0
3140	0
3160	0
3180	0
3200	2
3220	1
3240	1
3260	0
3280	1
3300	0
3320	1
3340	0
3360	0
3380	0
3400	0
3420	0
3440	0
3460	0
3480	0
3500	1
3520	0
3540	0
3560	0
3580	0
3600	0
3620	0
3640	0
3660	0
3680	0
3700	0
3720	0
3740	0
3760	0
3780	0
3800	0
3820	1
