520	2
540	8
560	4
580	2
600	15
620	18
640	28
660	14
680	13
700	18
720	17
740	27
760	21
780	28
800	17
820	18
840	10
860	7
880	8
900	9
920	10
940	10
960	8
980	5
1000	6
1020	3
1040	4
1060	7
1080	4
1100	5
1120	4
1140	3
1160	4
1180	2
1200	6
1220	2
1240	0
1260	1
1280	4
1300	1
1320	0
1340	0
1360	1
1380	0
1400	2
1420	0
1440	0
1460	1
1480	0
1500	0
1520	0
1540	0
1560	0
1580	1
1600	1
1620	0
1640	0
1660	0
1680	2
1700	0
1720	0
1740	0
1760	0
1780	0
1800	0
1820	2
1840	0
1860	0
1880	0
1900	0
1920	2
1940	0
1960	1
1980	0
2000	0
2020	0
2040	3
2060	0
2080	0
2100	2
2120	1
2140	0
2160	1
2180	1
2200	0
2220	0
2240	3
2260	0
2280	0
2300	0
2320	2
2340	2
2360	2
2380	0
2400	0
2420	0
2440	0
2460	0
2480	0
2500	0
2520	0
2540	0
2560	0
2580	0
2600	4
2620	1
2640	1
2660	0
2680	1
2700	0
2720	0
2740	0
2760	0
2780	0
2800	0
2820	0
2840	0
2860	1
2880	0
2900	0
2920	0
2940	0
2960	1
2980	0
3000	0
3020	0
3040	0
3060	0
3080	0
3100	0
3120	1
3140	0
3160	1
3180	0
3200	0
3220	0
3240	0
3260	0
3280	0
3300	1
3320	0
3340	0
3360	0
3380	0
3400	1
3420	0
3440	0
3460	0
3480	0
3500	2
3520	1
3540	0
3560	0
3580	0
3600	0
3620	1
3640	0
3660	0
3680	0
3700	0
3720	0
3740	0
3760	0
3780	0
3800	0
3820	0
3840	0
3860	0
3880	0
3900	2
3920	0
3940	0
3960	0
3980	0
4000	0
4020	0
4040	0
4060	0
4080	0
4100	0
4120	0
4140	0
4160	0
4180	0
4200	0
4220	0
4240	0
4260	0
4280	1
4300	0
4320	0
4340	0
4360	0
4380	0
4400	0
4420	0
4440	0
4460	0
4480	0
4500	0
4520	0
4540	0
4560	0
4580	1
