0	93
50	488
100	851
150	1242
200	898
250	462
300	314
350	108
400	53
450	22
500	11
550	20
600	26
650	8
700	6
750	20
800	9
850	7
900	7
950	6
1000	3
1050	2
1100	0
1150	9
1200	12
1250	14
1300	0
1350	5
1400	0
1450	0
1500	0
1550	5
1600	2
1650	1
1700	5
1750	0
1800	0
1850	0
1900	0
1950	0
2000	1
2050	3
2100	0
2150	6
2200	0
2250	0
2300	8
2350	1
2400	5
2450	3
2500	1
2550	2
2600	0
2650	0
2700	0
2750	0
2800	5
2850	3
2900	1
2950	0
3000	0
3050	0
3100	0
3150	1
3200	1
3250	0
3300	0
3350	0
3400	0
3450	1
3500	0
3550	1
3600	0
3650	13
3700	10
3750	0
3800	0
3850	0
3900	0
3950	0
4000	0
4050	0
4100	0
4150	0
4200	0
4250	0
4300	0
4350	0
4400	0
4450	1
4500	0
4550	0
4600	0
4650	0
4700	0
4750	0
4800	1
4850	0
4900	0
4950	0
5000	1
5050	0
5100	0
5150	0
5200	0
5250	0
5300	0
5350	0
5400	0
5450	0
5500	0
5550	0
5600	0
5650	0
5700	0
5750	0
5800	1
5850	0
5900	0
5950	0
6000	0
6050	0
6100	0
6150	0
6200	1
6250	0
6300	0
6350	0
6400	0
6450	1
6500	0
6550	2
6600	0
6650	5
6700	0
6750	0
6800	9
6850	0
6900	3
6950	0
7000	0
7050	0
7100	0
7150	0
7200	0
7250	0
7300	0
7350	0
7400	0
7450	8
7500	0
7550	0
7600	0
7650	0
7700	0
7750	0
7800	0
7850	0
7900	0
7950	0
8000	0
8050	0
8100	0
8150	0
8200	0
8250	1
8300	1
8350	0
8400	1
8450	0
8500	0
8550	0
8600	0
8650	0
8700	0
8750	0
8800	0
8850	0
8900	0
8950	6
9000	5
9050	0
9100	0
9150	1
9200	0
9250	0
9300	0
9350	0
9400	0
9450	0
9500	0
9550	0
9600	1
9650	0
9700	0
9750	0
9800	1
9850	2
9900	0
9950	0
10000	0
10050	0
10100	0
10150	0
10200	0
10250	0
10300	0
10350	0
10400	0
10450	0
10500	0
10550	0
10600	0
10650	0
10700	0
10750	0
10800	0
10850	0
10900	0
10950	0
11000	0
11050	0
11100	0
11150	0
11200	0
11250	4
11300	1
