70	1
80	9
90	0
100	0
110	0
120	0
130	0
140	4
150	3
160	0
170	2
180	0
190	1
200	1
210	1
220	2
230	4
240	4
250	0
260	3
270	1
280	1
290	0
300	0
310	1
320	1
330	1
340	0
350	0
360	1
370	0
380	2
390	0
400	0
410	0
420	0
430	1
440	0
450	0
460	2
470	3
480	5
490	3
500	7
510	5
520	6
530	10
540	6
550	7
560	5
570	10
580	4
590	7
600	3
610	1
620	2
630	1
640	0
650	0
660	1
670	0
680	0
690	0
700	0
710	0
720	1
730	0
740	0
750	0
760	1
770	1
780	1
790	0
800	0
810	0
820	0
830	0
840	0
850	3
860	0
870	0
880	0
890	0
900	0
910	0
920	1
930	4
940	1
950	2
960	0
970	0
980	0
990	0
1000	0
1010	0
1020	0
1030	0
1040	0
1050	0
1060	2
1070	1
1080	0
1090	1
1100	1
1110	0
1120	3
1130	1
1140	0
1150	0
1160	1
1170	1
1180	0
1190	0
1200	3
1210	2
1220	0
1230	0
1240	0
1250	0
1260	0
1270	0
1280	0
1290	0
1300	2
1310	0
1320	0
1330	0
1340	0
1350	0
1360	0
1370	0
1380	0
1390	0
1400	0
1410	0
1420	0
1430	0
1440	0
1450	0
1460	1
1470	2
1480	0
1490	0
1500	1
1510	0
1520	0
1530	0
1540	1
1550	0
1560	0
1570	0
1580	0
1590	0
1600	0
1610	0
1620	0
1630	0
1640	2
1650	0
1660	0
1670	0
1680	0
1690	0
1700	0
1710	0
1720	0
1730	1
1740	0
1750	0
1760	0
1770	1
1780	0
1790	1
1800	1
1810	0
1820	0
1830	1
1840	0
1850	0
1860	0
1870	0
1880	0
1890	0
1900	0
1910	1
1920	0
1930	0
1940	0
1950	0
1960	0
1970	0
1980	0
1990	0
2000	0
2010	0
2020	0
2030	0
2040	0
2050	0
2060	1
2070	0
2080	0
2090	0
2100	0
2110	0
2120	3
2130	0
2140	0
2150	0
2160	0
2170	0
2180	0
2190	0
2200	0
2210	0
2220	0
2230	0
2240	0
2250	0
2260	0
2270	0
2280	0
2290	0
2300	0
2310	0
2320	0
2330	0
2340	0
2350	0
2360	0
2370	1
2380	1
