0	10
50	59
100	37
150	52
200	104
250	110
300	61
350	27
400	8
450	2
500	3
550	5
600	12
650	6
700	0
750	3
800	1
850	7
900	3
950	8
1000	13
1050	6
1100	5
1150	3
1200	1
1250	3
1300	4
1350	4
1400	8
1450	4
1500	19
1550	17
1600	3
1650	17
1700	7
1750	18
1800	4
1850	16
1900	20
1950	26
2000	8
2050	8
2100	12
2150	21
2200	22
2250	19
2300	10
2350	2
2400	22
2450	14
2500	11
2550	15
2600	10
2650	20
2700	20
2750	12
2800	6
2850	10
2900	18
2950	4
3000	2
3050	1
3100	2
3150	4
3200	2
3250	0
3300	2
3350	4
3400	1
3450	0
3500	0
3550	4
3600	0
3650	2
3700	6
3750	3
3800	6
3850	9
3900	14
3950	11
4000	6
4050	9
4100	12
4150	5
4200	1
4250	2
4300	4
4350	14
4400	13
4450	0
4500	11
4550	4
4600	1
4650	1
4700	8
4750	3
4800	0
4850	7
4900	6
4950	2
5000	13
5050	4
5100	3
5150	1
5200	5
5250	4
5300	0
5350	3
5400	1
5450	8
5500	1
5550	0
5600	2
5650	3
5700	0
5750	2
5800	0
5850	1
5900	8
5950	0
6000	3
6050	0
6100	4
6150	3
6200	0
6250	0
6300	0
6350	0
6400	0
6450	0
6500	2
6550	0
6600	4
6650	1
6700	0
6750	0
6800	0
6850	4
6900	3
