100	94
150	415
200	184
250	40
300	11
350	0
400	7
450	3
500	0
550	0
600	0
650	0
700	1
750	28
800	142
850	131
900	55
950	17
1000	1
1050	1
1100	1
1150	2
1200	0
1250	1
1300	1
1350	2
1400	0
1450	2
1500	6
1550	7
1600	8
1650	1
1700	3
1750	0
1800	6
1850	2
1900	1
1950	8
2000	5
2050	5
2100	3
2150	4
2200	2
2250	2
2300	3
2350	3
2400	0
2450	1
2500	2
2550	3
2600	2
2650	0
2700	0
2750	2
2800	1
2850	0
2900	2
2950	1
3000	0
3050	1
3100	0
3150	0
3200	0
3250	0
3300	0
3350	0
3400	0
3450	0
3500	2
3550	0
3600	0
3650	0
3700	2
3750	1
3800	0
3850	0
3900	0
3950	0
4000	0
4050	1
4100	0
4150	0
4200	2
4250	0
4300	0
4350	1
4400	0
4450	0
4500	0
4550	0
4600	1
4650	3
4700	2
4750	0
4800	0
4850	1
4900	0
4950	0
5000	0
5050	0
5100	0
5150	0
5200	0
5250	0
5300	0
5350	0
5400	0
5450	0
5500	1
5550	0
5600	0
5650	0
5700	1
5750	0
5800	0
5850	1
5900	2
5950	0
6000	0
6050	0
6100	0
6150	0
6200	1
