starttime,duration,size,total
750.0,272,15391,2284
767.0,361,16159,2373
771.0,438,19361,2450
772.0,436,19474,2448
773.0,434,35363,2446
775.0,587,17368,2599
776.0,589,25452,2601
799.0,877,31861,2889
800.0,884,11376,2896
801.0,980,27884,2992
804.0,976,21282,2988
806.0,972,44396,2984
1607.0,63,13217,2075
2639.0,58,41567,2070
132.0,174,15391,2186
147.0,221,16159,2233
152.0,213,19361,2225
152.0,272,19474,2284
154.0,269,35363,2281
156.0,236,17368,2248
156.0,272,25452,2284
179.0,967,31861,2979
180.0,963,11376,2975
181.0,967,27884,2979
184.0,1009,21282,3021
187.0,970,44396,2982
870.0,71,13217,2083
118.0,196,15391,2208
133.0,252,16159,2264
137.0,244,19361,2256
138.0,242,19474,2254
139.0,267,35363,2279
141.0,248,17368,2260
141.0,269,25452,2281
167.0,938,31861,2950
168.0,943,11376,2955
168.0,938,27884,2950
172.0,1032,21282,3044
174.0,1032,44396,3044
995.0,111,13217,2123
812.0,185,15391,2197
827.0,234,16159,2246
831.0,231,19361,2243
832.0,243,19474,2255
833.0,240,35363,2252
835.0,239,17368,2251
836.0,259,25452,2271
862.0,960,34408,2972
863.0,1081,14762,3093
863.0,1078,32943,3090
865.0,1074,14451,3086
867.0,1077,21282,3089
869.0,1087,44396,3099
1717.0,67,13217,2079
123.0,94,15391,2106
139.0,206,16159,2218
143.0,203,19361,2215
144.0,264,19474,2276
145.0,245,35363,2257
147.0,203,17368,2215
148.0,247,25452,2259
172.0,1003,34408,3015
172.0,1012,14762,3024
173.0,1009,32943,3021
175.0,1129,14451,3141
176.0,1128,21282,3140
179.0,1128,44396,3140
1074.0,62,13217,2074
151.0,184,15391,2196
169.0,2481,16159,4493
174.0,2477,19361,4489
175.0,2409,19474,4421
176.0,2422,35363,4434
178.0,2421,17368,4433
179.0,2417,25452,4429
204.0,2649,34408,4661
205.0,2676,14762,4688
205.0,2703,32943,4715
207.0,2703,14451,4715
209.0,2655,21282,4667
211.0,2652,44396,4664
3059.0,298,13217,2310
810.0,126,15391,2138
819.0,168,10377,2180
824.0,622,16159,2634
828.0,175,19361,2187
829.0,616,19474,2628
830.0,249,35363,2261
832.0,610,17368,2622
833.0,169,25452,2181
857.0,1564,34408,3576
857.0,1565,14762,3577
858.0,1652,32943,3664
860.0,1654,14451,3666
862.0,1595,21282,3607
864.0,1591,44396,3603
1541.0,69,13217,2081
133.0,206,15391,2218
143.0,314,10377,2326
151.0,251,15710,2263
154.0,304,19361,2316
155.0,267,19474,2279
156.0,299,35363,2311
158.0,298,17368,2310
159.0,303,25452,2315
183.0,1405,34408,3417
184.0,1454,14762,3466
184.0,1456,32943,3468
186.0,1432,14451,3444
188.0,1448,24681,3460
190.0,1432,44396,3444
901.0,374,13217,2386
142.0,186,15391,2198
153.0,643,10377,2655
160.0,1040,15710,3052
163.0,1036,19361,3048
164.0,1038,19474,3050
166.0,1041,35363,3053
167.0,1036,17368,3048
168.0,1103,25452,3115
192.0,1361,34408,3373
193.0,1343,14762,3355
193.0,1362,32943,3374
195.0,1338,14451,3350
197.0,1382,24681,3394
200.0,1345,44396,3357
1198.0,66,13217,2078
149.0,191,15391,2203
158.0,186,10377,2198
166.0,249,15710,2261
170.0,249,19361,2261
171.0,307,19474,2319
174.0,309,35363,2321
176.0,304,17368,2316
177.0,310,25452,2322
202.0,1525,34408,3537
203.0,1517,14762,3529
203.0,1519,32943,3531
205.0,1528,14451,3540
207.0,1561,24681,3573
209.0,1531,44396,3543
1359.0,170,13217,2182
266.0,190,15391,2202
276.0,182,10377,2194
283.0,234,15710,2246
287.0,236,19361,2248
288.0,624,19474,2636
289.0,621,35363,2633
291.0,620,17368,2632
292.0,630,25452,2642
315.0,1686,34408,3698
316.0,1689,14762,3701
317.0,1743,32943,3755
319.0,1799,14451,3811
320.0,1747,24681,3759
323.0,1741,44396,3753
1002.0,79,13217,2091
871.0,188,15391,2200
881.0,181,10377,2193
888.0,230,15710,2242
892.0,595,19361,2607
892.0,681,19474,2693
894.0,594,35363,2606
895.0,675,17368,2687
896.0,673,25452,2685
920.0,1659,34408,3671
921.0,1655,14762,3667
922.0,1664,32943,3676
923.0,1657,14451,3669
925.0,1689,24681,3701
928.0,1664,44396,3676
6244.0,19,13217,2031
785.0,188,15391,2200
794.0,195,10377,2207
802.0,266,15710,2278
806.0,257,14451,2269
807.0,257,24681,2269
809.0,292,17368,2304
810.0,289,25452,2301
833.0,1563,19361,3575
834.0,1669,19474,3681
835.0,1560,35363,3572
837.0,1668,34408,3680
838.0,1775,14762,3787
838.0,1769,32943,3781
841.0,1769,44396,3781
1806.0,486,13217,2498
152.0,185,15391,2197
161.0,247,10377,2259
168.0,235,15710,2247
171.0,308,14451,2320
173.0,306,24681,2318
175.0,296,17368,2308
176.0,300,25452,2312
199.0,1787,19361,3799
200.0,1800,19474,3812
201.0,1800,35363,3812
203.0,1861,34408,3873
204.0,1801,14762,3813
204.0,1799,32943,3811
207.0,1800,44396,3812
1718.0,76,13217,2088
178.0,191,15391,2203
187.0,183,10377,2195
194.0,256,15710,2268
198.0,245,14451,2257
199.0,872,24681,2884
201.0,309,17368,2321
202.0,313,25452,2325
225.0,2797,19361,4809
226.0,2797,19474,4809
227.0,2796,35363,4808
229.0,2801,34408,4813
230.0,2874,14762,4886
230.0,2870,32943,4882
233.0,2808,44396,4820
1821.0,98,13217,2110
134.0,193,15391,2205
149.0,252,15710,2264
152.0,241,14451,2253
154.0,286,24681,2298
156.0,900,17368,2912
157.0,897,25452,2909
183.0,1767,19361,3779
184.0,1794,19474,3806
185.0,1784,35363,3796
187.0,1841,34408,3853
187.0,1793,14762,3805
188.0,1798,32943,3810
190.0,1793,44396,3805
1149.0,512,13217,2524
1573.0,512,15391,2524
1590.0,619,15710,2631
1593.0,622,14451,2634
1595.0,759,24681,2771
1598.0,649,17368,2661
1599.0,655,25452,2667
1624.0,1882,19361,3894
1625.0,1819,19474,3831
1626.0,1877,35363,3889
1628.0,1965,34408,3977
1629.0,1959,14762,3971
1629.0,1966,32943,3978
1632.0,1959,44396,3971
2314.0,107,13217,2119
130.0,106,15391,2118
139.0,227,16990,2239
146.0,252,15710,2264
150.0,296,14451,2308
151.0,289,24681,2301
154.0,333,17368,2345
154.0,1012,25452,3024
178.0,1941,19361,3953
178.0,1944,19474,3956
180.0,1942,35363,3954
181.0,1940,34408,3952
182.0,1980,14762,3992
183.0,1977,32943,3989
185.0,1980,44396,3992
1251.0,576,13217,2588
163.0,202,15391,2214
173.0,184,16990,2196
180.0,258,15710,2270
184.0,260,14451,2272
186.0,333,24681,2345
188.0,327,17368,2339
189.0,325,25452,2337
212.0,1923,19361,3935
213.0,1919,19474,3931
214.0,1921,35363,3933
216.0,1936,34408,3948
217.0,1961,14762,3973
218.0,1965,32943,3977
220.0,1930,44396,3942
1873.0,35,13217,2047
784.0,205,15391,2217
794.0,192,16990,2204
802.0,200,15710,2212
805.0,260,14451,2272
807.0,274,24681,2286
809.0,302,17368,2314
810.0,300,25452,2312
835.0,2610,19361,4622
836.0,2129,19474,4141
837.0,2130,35363,4142
839.0,2610,34408,4622
839.0,2139,14762,4151
840.0,2142,32943,4154
843.0,2600,44396,4612
1936.0,544,13217,2556
164.0,203,15391,2215
173.0,192,16990,2204
180.0,255,15710,2267
184.0,246,17368,2258
185.0,256,25452,2268
209.0,2165,14451,4177
211.0,2733,24681,4745
213.0,2728,13963,4740
214.0,2730,21685,4742
215.0,2177,35363,4189
217.0,2174,34408,4186
217.0,2726,14762,4738
218.0,2721,32943,4733
220.0,2188,44396,4200
1307.0,611,13217,2623
148.0,94,15391,2106
157.0,293,17255,2305
167.0,281,15710,2293
170.0,279,17368,2291
171.0,283,25452,2295
195.0,1872,14451,3884
197.0,1876,24681,3888
199.0,1869,13963,3881
200.0,2852,21685,4864
202.0,1912,35363,3924
203.0,2847,34408,4859
204.0,1912,14762,3924
205.0,1913,32943,3925
207.0,1905,44396,3917
1172.0,772,13217,2784
154.0,204,15391,2216
164.0,203,17255,2215
173.0,259,15710,2271
177.0,201,17368,2213
178.0,262,25452,2274
201.0,2095,14451,4107
202.0,2193,24681,4205
204.0,2275,13963,4287
205.0,2274,21685,4286
207.0,2266,35363,4278
208.0,2267,34408,4279
209.0,2269,14762,4281
210.0,2275,32943,4287
212.0,2314,44396,4326
1469.0,683,13217,2695
129.0,136,15391,2148
138.0,195,17255,2207
144.0,160,15710,2172
148.0,159,17368,2171
149.0,170,25452,2182
172.0,2455,14451,4467
174.0,2452,24681,4464
176.0,2454,13963,4466
176.0,2465,21685,4477
178.0,2465,35363,4477
180.0,2501,34408,4513
180.0,2493,14762,4505
181.0,2497,32943,4509
183.0,2492,44396,4504
2557.0,71,13217,2083
790.0,216,15391,2228
800.0,288,17255,2300
807.0,283,15710,2295
810.0,318,17368,2330
811.0,1420,25452,3432
836.0,2414,14451,4426
838.0,2442,24681,4454
840.0,2422,13963,4434
840.0,2445,21685,4457
842.0,2418,35363,4430
844.0,2420,34408,4432
844.0,2459,14762,4471
845.0,2430,32943,4442
847.0,2421,44396,4433
2925.0,69,13217,2081
137.0,220,15391,2232
146.0,276,11052,2288
153.0,270,15710,2282
156.0,274,17368,2286
158.0,296,25452,2308
182.0,2534,14451,4546
184.0,2534,24681,4546
186.0,2629,13963,4641
187.0,2568,21685,4580
188.0,2568,35363,4580
190.0,2633,33242,4645
191.0,2636,34170,4648
193.0,2627,44396,4639
1686.0,67,13217,2079
783.0,123,15391,2135
792.0,115,11052,2127
799.0,259,15710,2271
803.0,254,17368,2266
804.0,299,25452,2311
827.0,2090,14451,4102
829.0,2325,24681,4337
831.0,2131,13963,4143
832.0,2330,21685,4342
834.0,2129,35363,4141
836.0,2325,33242,4337
837.0,2319,34170,4331
840.0,3120,44396,5132
2168.0,697,13217,2709
797.0,210,15391,2222
806.0,273,18990,2285
813.0,269,15710,2281
816.0,342,17368,2354
817.0,340,25452,2352
841.0,2426,14451,4438
843.0,2441,24681,4453
845.0,2462,13963,4474
846.0,2436,21685,4448
847.0,2435,35363,4447
849.0,2457,33242,4469
850.0,2439,34170,4451
852.0,2447,44396,4459
2929.0,68,13217,2080
127.0,306,15391,2318
138.0,353,18990,2365
145.0,1145,15710,3157
148.0,345,17368,2357
149.0,1174,25452,3186
175.0,1521,14451,3533
176.0,1574,24681,3586
178.0,1571,13963,3583
179.0,1569,21685,3581
181.0,1571,35363,3583
183.0,2755,33242,4767
184.0,1575,34170,3587
187.0,1569,44396,3581
1387.0,80,13217,2092
150.0,135,15391,2147
159.0,209,18990,2221
166.0,268,15710,2280
169.0,337,17368,2349
171.0,348,25452,2360
194.0,2596,13536,4608
196.0,2692,19676,4704
198.0,2693,13963,4705
199.0,2654,21685,4666
200.0,2653,35363,4665
202.0,2686,33242,4698
203.0,2655,34170,4667
205.0,2662,44396,4674
2584.0,36,13217,2048
817.0,211,15391,2223
826.0,274,18990,2286
835.0,262,17368,2274
836.0,288,25452,2300
859.0,2436,13536,4448
861.0,2494,19676,4506
863.0,2527,13963,4539
864.0,2530,21685,4542
865.0,2526,35363,4538
867.0,2648,33242,4660
869.0,2525,34170,4537
871.0,2525,44396,4537
2487.0,790,13217,2802
129.0,88,15391,2100
138.0,296,18990,2308
147.0,287,17368,2299
148.0,281,25452,2293
171.0,2592,13536,4604
173.0,2587,19676,4599
175.0,2535,13963,4547
176.0,2532,21685,4544
177.0,2532,35363,4544
179.0,2588,33242,4600
180.0,2736,34170,4748
182.0,2729,44396,4741
1719.0,894,13217,2906
157.0,208,15391,2220
168.0,261,18990,2273
177.0,247,17368,2259
178.0,301,25452,2313
202.0,2661,13536,4673
203.0,2655,19676,4667
205.0,2737,13963,4749
206.0,2733,21685,4745
208.0,2671,35363,4683
209.0,2732,33242,4744
211.0,2668,34170,4680
213.0,2731,44396,4743
1453.0,1249,13217,3261
802.0,205,15391,2217
812.0,190,18990,2202
820.0,193,17368,2205
821.0,256,25452,2268
846.0,2561,13536,4573
847.0,2717,19676,4729
849.0,2595,13963,4607
850.0,2593,21685,4605
851.0,2595,35363,4607
853.0,2710,33242,4722
855.0,2595,34170,4607
857.0,2597,44396,4609
2513.0,839,13217,2851
128.0,136,15391,2148
138.0,197,18990,2209
146.0,164,17368,2176
147.0,181,25452,2193
171.0,2599,13536,4611
173.0,2602,19676,4614
175.0,2653,13963,4665
176.0,2651,21685,4663
177.0,2656,35363,4668
179.0,2652,33242,4664
180.0,2713,34170,4725
182.0,2717,44396,4729
1538.0,26,13217,2038
125.0,114,15391,2126
134.0,158,18990,2170
146.0,163,17368,2175
148.0,166,25452,2178
171.0,2704,13536,4716
173.0,2695,19676,4707
175.0,2695,13963,4707
176.0,2771,21685,4783
177.0,2769,35363,4781
179.0,2772,33242,4784
180.0,2765,34170,4777
182.0,2811,44396,4823
1524.0,1289,13217,3301
145.0,93,15391,2105
155.0,151,18990,2163
164.0,155,17368,2167
166.0,158,25452,2170
191.0,1543,13963,3555
192.0,1537,21685,3549
193.0,1539,35363,3551
195.0,1541,33242,3553
196.0,1546,34170,3558
198.0,2907,13536,4919
199.0,2906,19676,4918
202.0,2901,44396,4913
1549.0,76,13217,2088
148.0,144,15391,2156
158.0,229,18990,2241
167.0,142,17368,2154
168.0,148,25452,2160
191.0,1490,13963,3502
192.0,1527,21685,3539
194.0,1522,35363,3534
196.0,1590,33242,3602
197.0,1528,34170,3540
199.0,1524,13536,3536
200.0,1526,19676,3538
203.0,1586,44396,3598
1543.0,72,13217,2084
178.0,213,15391,2225
188.0,268,18990,2280
197.0,258,17368,2270
198.0,337,25452,2349
222.0,2836,13963,4848
223.0,2831,21685,4843
224.0,2866,35363,4878
226.0,2861,33242,4873
227.0,2862,34170,4874
229.0,2855,13536,4867
231.0,2925,19676,4937
233.0,2927,44396,4939
2827.0,149,13217,2161
892.0,217,15391,2229
902.0,204,18990,2216
912.0,1007,17368,3019
913.0,1069,25452,3081
927.0,1192,10746,3204
938.0,3732,13240,5744
939.0,3730,44891,5742
941.0,3732,33242,5744
942.0,3749,34170,5761
944.0,3791,13536,5803
946.0,3787,19676,5799
949.0,3845,44396,5857
2106.0,15,13217,2027
177.0,215,15391,2227
187.0,283,18990,2295
196.0,266,17368,2278
197.0,343,25452,2355
211.0,331,10746,2343
222.0,2946,13240,4958
224.0,2946,44891,4958
225.0,2946,33242,4958
227.0,2948,34170,4960
228.0,2950,13536,4962
230.0,2946,19676,4958
232.0,2948,44396,4960
2791.0,154,13217,2166
773.0,205,15391,2217
783.0,199,18990,2211
791.0,259,17368,2271
793.0,262,25452,2274
807.0,333,10746,2345
818.0,2739,13240,4751
819.0,2739,44891,4751
821.0,2940,33242,4952
822.0,2791,34170,4803
824.0,2794,13536,4806
825.0,2945,19676,4957
828.0,2942,44396,4954
2592.0,871,13217,2883
846.0,207,15391,2219
856.0,264,18990,2276
865.0,257,17368,2269
866.0,278,25452,2290
880.0,1174,10746,3186
891.0,2863,13240,4875
893.0,2862,44891,4874
894.0,2855,33242,4867
896.0,3581,34170,5593
897.0,3582,13536,5594
899.0,3574,19676,5586
901.0,3574,44396,5586
2039.0,71,13217,2083
156.0,224,15391,2236
166.0,211,18990,2223
175.0,214,17368,2226
177.0,290,25452,2302
191.0,353,10746,2365
202.0,2940,13240,4952
203.0,2937,44891,4949
205.0,2940,33242,4952
206.0,2960,34170,4972
208.0,2955,13536,4967
209.0,2961,19676,4973
212.0,2957,44396,4969
1578.0,1422,13217,3434
196.0,222,15391,2234
206.0,210,18990,2222
215.0,292,17368,2304
216.0,289,25452,2301
230.0,1251,10746,3263
243.0,3973,13240,5985
245.0,3973,44891,5985
247.0,3969,33242,5981
248.0,3965,34170,5977
249.0,4395,13536,6407
251.0,4391,19676,6403
254.0,4405,44396,6417
1543.0,73,13217,2085
876.0,214,15391,2226
885.0,266,18990,2278
896.0,254,17368,2266
898.0,270,25452,2282
913.0,373,10746,2385
922.0,3338,13240,5350
923.0,3336,44891,5348
925.0,3390,33242,5402
927.0,3391,34170,5403
928.0,3397,13536,5409
930.0,3430,19676,5442
932.0,3400,44396,5412
2997.0,1260,13217,3272
127.0,120,15391,2132
137.0,117,18990,2129
203.0,1419,17368,3431
204.0,270,25452,2282
228.0,4004,13240,6016
230.0,4004,44891,6016
232.0,4044,33242,6056
233.0,4040,34170,6052
235.0,4035,13536,6047
236.0,4096,19676,6108
239.0,4092,44396,6104
3506.0,110,13217,2122
192.0,234,15391,2246
202.0,228,18990,2240
212.0,292,17368,2304
213.0,297,25452,2309
240.0,3887,13240,5899
241.0,3885,44891,5897
243.0,3962,33242,5974
244.0,4873,34170,6885
246.0,4874,13536,6886
248.0,4865,19676,6877
250.0,4865,44396,6877
1997.0,48,13217,2060
827.0,212,15391,2224
838.0,207,18990,2219
848.0,255,17368,2267
849.0,260,25452,2272
874.0,3823,13240,5835
875.0,3823,44891,5835
877.0,3880,33242,5892
879.0,3920,34170,5932
880.0,3921,13536,5933
882.0,3915,19676,5927
884.0,3912,44396,5924
4678.0,85,12308,2097
4681.0,1887,220934,3899
4683.0,1883,49122,3895
131.0,108,15391,2120
141.0,242,18990,2254
151.0,240,17368,2252
153.0,243,25452,2255
177.0,1952,13240,3964
178.0,2004,44891,4016
180.0,1999,33242,4011
181.0,2000,34170,4012
183.0,4122,13536,6134
184.0,1999,19676,4011
187.0,2000,44396,4012
1993.0,67,13217,2079
172.0,269,15391,2281
182.0,313,18990,2325
191.0,305,17368,2317
192.0,1529,25452,3541
217.0,4121,13240,6133
219.0,3958,44891,5970
221.0,3962,33242,5974
222.0,3966,34170,5978
224.0,3969,13536,5981
225.0,4115,19676,6127
228.0,4114,44396,6126
1809.0,2141,13217,4153
205.0,232,15391,2244
215.0,219,18990,2231
224.0,283,17368,2295
225.0,272,25452,2284
250.0,3683,13240,5695
252.0,3683,44891,5695
253.0,3735,33242,5747
255.0,3872,34170,5884
256.0,3873,13536,5885
258.0,3864,19676,5876
261.0,5005,44396,7017
1846.0,93,13217,2105
138.0,114,15391,2126
147.0,329,18990,2341
156.0,242,17368,2254
157.0,255,25452,2267
182.0,1962,13240,3974
183.0,1960,44891,3972
185.0,1962,33242,3974
186.0,1965,34170,3977
188.0,1966,13536,3978
189.0,2034,19676,4046
191.0,2034,44396,4046
1968.0,67,13217,2079
132.0,187,15391,2199
141.0,340,18990,2352
150.0,330,17368,2342
151.0,358,25452,2370
176.0,4514,13240,6526
177.0,4511,44891,6523
179.0,4509,33242,6521
180.0,4516,34170,6528
182.0,4553,13536,6565
183.0,4534,19676,6546
186.0,4534,44396,6546
3741.0,154,13217,2166
818.0,127,15391,2139
828.0,202,18990,2214
837.0,209,17368,2221
839.0,290,25452,2302
864.0,4027,13240,6039
865.0,3996,44891,6008
867.0,3963,33242,5975
869.0,4137,34170,6149
870.0,4134,13536,6146
872.0,4128,19676,6140
875.0,4168,44396,6180
4887.0,121,13217,2133
136.0,130,15391,2142
146.0,316,12166,2328
155.0,249,17368,2261
156.0,370,25452,2382
183.0,4141,13240,6153
185.0,4139,44891,6151
187.0,4140,33242,6152
188.0,4135,34170,6147
190.0,5379,13536,7391
191.0,5374,19676,7386
194.0,5371,44396,7383
1824.0,69,13217,2081
776.0,238,15391,2250
786.0,226,12166,2238
794.0,229,17368,2241
796.0,235,25452,2247
812.0,2613,10533,4625
821.0,4080,13240,6092
822.0,4081,44891,6093
824.0,4076,33242,6088
825.0,4082,34170,6094
827.0,4084,13536,6096
828.0,4084,19676,6096
831.0,4083,44396,6095
3510.0,1302,13217,3314
838.0,296,15391,2308
848.0,363,12166,2375
859.0,292,17368,2304
860.0,426,25452,2438
881.0,2777,10533,4789
894.0,4311,13240,6323
896.0,4308,44891,6320
898.0,4361,33242,6373
900.0,4398,34170,6410
902.0,4393,13536,6405
904.0,4394,19676,6406
907.0,4393,44396,6405
3784.0,1407,13217,3419
137.0,217,15391,2229
146.0,311,12166,2323
155.0,399,31505,2411
157.0,403,21795,2415
173.0,1931,10533,3943
181.0,2197,25097,4209
183.0,4547,44891,6559
185.0,4544,33242,6556
186.0,4540,34170,6552
188.0,4607,13536,6619
189.0,4552,19676,6564
192.0,4547,44396,6559
1963.0,92,12308,2104
1968.0,89,49122,2101
173.0,226,15391,2238
183.0,309,12166,2321
192.0,306,31505,2318
194.0,1493,21795,3505
210.0,1666,10533,3678
218.0,3906,25097,5918
220.0,3830,44891,5842
222.0,3827,33242,5839
224.0,3908,34170,5920
225.0,3910,13536,5922
227.0,4890,19676,6902
230.0,5406,44396,7418
1802.0,74,13217,2086
848.0,226,15391,2238
859.0,217,12166,2229
868.0,267,31505,2279
869.0,272,21795,2284
886.0,1655,10533,3667
894.0,1877,25097,3889
897.0,1883,44891,3895
899.0,1892,33242,3904
900.0,1909,34170,3921
902.0,1898,13536,3910
904.0,1903,19676,3915
907.0,1905,44396,3917
2622.0,36,13217,2048
132.0,159,15391,2171
141.0,216,12166,2228
150.0,401,31505,2413
151.0,243,21795,2255
168.0,1986,10533,3998
175.0,4289,25097,6301
178.0,4404,44891,6416
180.0,4401,33242,6413
181.0,4397,34170,6409
183.0,5460,13536,7472
184.0,4402,19676,6414
187.0,5458,44396,7470
2055.0,104,13217,2116
185.0,235,15391,2247
195.0,222,12166,2234
205.0,322,31505,2334
206.0,238,21795,2250
223.0,1771,10533,3783
231.0,1987,25097,3999
233.0,4329,44891,6341
235.0,4326,33242,6338
236.0,4403,34170,6415
238.0,4396,13536,6408
239.0,4395,19676,6407
242.0,4395,44396,6407
1982.0,70,13217,2082
815.0,226,15391,2238
826.0,284,12166,2296
835.0,352,31505,2364
836.0,343,21795,2355
853.0,2799,10533,4811
861.0,4407,25097,6419
863.0,4405,44891,6417
865.0,4406,33242,6418
866.0,4440,34170,6452
868.0,4541,13536,6553
870.0,4435,19676,6447
872.0,4432,44396,6444
3742.0,68,13217,2080
138.0,90,15391,2102
147.0,243,12166,2255
156.0,319,31505,2331
158.0,322,21795,2334
174.0,1885,10533,3897
181.0,2233,25097,4245
183.0,2163,44891,4175
186.0,2156,33242,4168
187.0,2227,34170,4239
188.0,2229,13536,4241
190.0,2221,19676,4233
192.0,2278,44396,4290
2150.0,80,13217,2092
835.0,251,15391,2263
847.0,236,12166,2248
859.0,363,31505,2375
861.0,307,21795,2319
878.0,1523,10533,3535
887.0,3813,25097,5825
889.0,3752,44891,5764
892.0,3883,33242,5895
893.0,3879,34170,5891
895.0,3884,13536,5896
897.0,5084,19676,7096
900.0,5083,44396,7095
2389.0,66,13217,2078
860.0,124,15391,2136
869.0,191,12166,2203
878.0,281,31505,2293
880.0,284,21795,2296
896.0,1647,10533,3659
905.0,3924,25097,5936
907.0,3931,44891,5943
909.0,3926,33242,5938
910.0,3927,34170,5939
912.0,3930,13536,5942
913.0,3929,19676,5941
916.0,3929,44396,5941
2529.0,72,13217,2084
127.0,172,15391,2184
137.0,165,12166,2177
150.0,338,31505,2350
151.0,344,21795,2356
172.0,1949,10533,3961
180.0,2180,25097,4192
183.0,2106,44891,4118
185.0,2178,33242,4190
186.0,2244,34170,4256
188.0,2239,13536,4251
189.0,2235,19676,4247
192.0,2243,44396,4255
2111.0,72,13217,2084
149.0,232,15391,2244
159.0,388,12166,2400
169.0,1570,31505,3582
171.0,1578,21795,3590
188.0,1855,10533,3867
196.0,6141,25097,8153
198.0,6141,44891,8153
201.0,6134,33242,8146
202.0,6150,34170,8162
204.0,6152,13536,8164
206.0,6153,19676,8165
208.0,6153,44396,8165
1857.0,109,13217,2121
837.0,241,15391,2253
846.0,236,12166,2248
856.0,262,31505,2274
857.0,265,21795,2277
874.0,382,10533,2394
883.0,3047,25097,5059
886.0,3043,44891,5055
889.0,3194,33242,5206
890.0,3195,34170,5207
892.0,3186,13536,5198
894.0,3245,19676,5257
896.0,5181,44396,7193
4069.0,2010,13217,4022
246.0,242,15391,2254
256.0,237,12166,2249
265.0,287,31505,2299
266.0,302,21795,2314
283.0,1698,10533,3710
291.0,1978,25097,3990
293.0,1975,44891,3987
295.0,1971,33242,3983
297.0,2092,34170,4104
298.0,2094,13536,4106
300.0,2090,19676,4102
303.0,2085,44396,4097
1968.0,70,13217,2082
135.0,109,15391,2121
146.0,247,12166,2259
155.0,244,31505,2256
156.0,250,21795,2262
172.0,1891,10533,3903
180.0,4286,25097,6298
181.0,4367,44891,6379
184.0,4367,33242,6379
185.0,4362,34170,6374
186.0,5025,13536,7037
188.0,5026,19676,7038
190.0,5023,44396,7035
4383.0,81,13217,2093
156.0,166,15391,2178
167.0,224,12166,2236
175.0,215,31505,2227
176.0,308,21795,2320
192.0,1851,10533,3863
201.0,2088,25097,4100
203.0,2174,44891,4186
205.0,2174,33242,4186
207.0,2292,34170,4304
208.0,2288,13536,4300
210.0,2289,19676,4301
213.0,2293,44396,4305
2032.0,69,13217,2081
138.0,362,15391,2374
150.0,350,12166,2362
159.0,412,31505,2424
161.0,1714,21795,3726
180.0,1917,10533,3929
187.0,4709,25097,6721
189.0,4708,44891,6720
191.0,4791,33242,6803
193.0,4788,34170,6800
194.0,4784,13536,6796
196.0,6535,19676,8547
199.0,6534,44396,8546
2081.0,18,13217,2030
139.0,168,15391,2180
149.0,352,12166,2364
157.0,1743,31505,3755
158.0,1754,21795,3766
177.0,1954,10533,3966
185.0,2127,25097,4139
187.0,2249,44891,4261
189.0,2240,33242,4252
191.0,2245,34170,4257
192.0,4918,13536,6930
194.0,4914,19676,6926
196.0,4917,44396,6929
1997.0,71,13217,2083
812.0,142,15391,2154
822.0,299,12166,2311
831.0,347,31505,2359
832.0,356,21795,2368
848.0,4748,10533,6760
856.0,5217,25097,7229
858.0,5226,44891,7238
860.0,5262,33242,7274
862.0,5244,34170,7256
863.0,5278,13536,7290
865.0,5254,19676,7266
867.0,5257,44396,7269
5705.0,135,13217,2147
140.0,107,15391,2119
150.0,267,12166,2279
159.0,314,31505,2326
160.0,317,21795,2329
176.0,1978,10533,3990
184.0,2203,13887,4215
185.0,2194,44891,4206
187.0,2196,33242,4208
188.0,2242,34170,4254
190.0,2239,13536,4251
192.0,2308,19676,4320
194.0,2231,44396,4243
2242.0,73,13217,2085
790.0,207,15391,2219
799.0,270,12166,2282
808.0,258,31505,2270
809.0,275,21795,2287
826.0,4688,10533,6700
834.0,5608,13887,7620
835.0,5609,44891,7621
837.0,5677,33242,7689
838.0,5685,34170,7697
840.0,5678,13536,7690
842.0,5765,19676,7777
844.0,5766,44396,7778
5530.0,166,13217,2178
918.0,222,15391,2234
928.0,282,12166,2294
937.0,361,31505,2373
938.0,1643,21795,3655
954.0,1843,10533,3855
962.0,4910,13887,6922
963.0,4905,44891,6917
966.0,4905,33242,6917
967.0,6633,34170,8645
969.0,6637,13536,8649
970.0,6633,19676,8645
973.0,6644,44396,8656
2788.0,28,13217,2040
134.0,135,15391,2147
144.0,128,12166,2140
152.0,388,31505,2400
154.0,383,21795,2395
242.0,1928,10533,3940
250.0,4593,13887,6605
251.0,4715,44891,6727
253.0,4713,33242,6725
254.0,4723,34170,6735
256.0,4716,13536,6728
257.0,6045,19676,8057
260.0,4716,44396,6728
2042.0,154,13217,2166
137.0,150,15391,2162
146.0,1732,12166,3744
155.0,319,31505,2331
157.0,1772,21795,3784
173.0,2062,10533,4074
181.0,4876,13887,6888
182.0,4875,44891,6887
184.0,5005,33242,7017
185.0,5010,34170,7022
187.0,5005,13536,7017
188.0,5008,19676,7020
191.0,6699,44396,8711
2069.0,67,12308,2079
2071.0,66,220934,2078
2073.0,55,49122,2067
827.0,201,15391,2213
837.0,271,12166,2283
846.0,269,31505,2281
847.0,349,21795,2361
863.0,390,10533,2402
871.0,5003,13887,7015
873.0,5002,44891,7014
875.0,5107,33242,7119
876.0,5109,34170,7121
878.0,5119,13536,7131
880.0,5229,19676,7241
882.0,5229,44396,7241
5900.0,98,12308,2110
5903.0,91,220934,2103
5904.0,84,49122,2096
144.0,108,15391,2120
153.0,261,12166,2273
162.0,356,31505,2368
163.0,358,21795,2370
180.0,2020,10533,4032
187.0,2245,13887,4257
188.0,2178,44891,4190
190.0,2179,33242,4191
192.0,2243,34170,4255
193.0,2245,13536,4257
195.0,2305,19676,4317
197.0,2442,44396,4454
2179.0,83,12308,2095
2182.0,75,220934,2087
143.0,101,15391,2113
152.0,253,12166,2265
161.0,322,31505,2334
163.0,325,21795,2337
179.0,2014,10533,4026
189.0,2248,13887,4260
190.0,2243,44891,4255
192.0,2318,33242,4330
193.0,2314,34170,4326
195.0,2310,13536,4322
196.0,2446,19676,4458
199.0,2443,44396,4455
2177.0,83,12308,2095
856.0,241,15391,2253
867.0,312,12166,2324
875.0,3218,31505,5230
879.0,308,21795,2320
895.0,3195,10533,5207
902.0,4984,13887,6996
904.0,4981,44891,6993
906.0,5047,33242,7059
908.0,5043,34170,7055
909.0,5039,13536,7051
911.0,5071,19676,7083
913.0,5070,44396,7082
4214.0,1673,12308,3685
4218.0,1668,13066,3680
144.0,109,15391,2121
155.0,247,12166,2259
164.0,249,31505,2261
165.0,304,21795,2316
181.0,399,10533,2411
189.0,2231,13887,4243
190.0,2233,44891,4245
192.0,2283,33242,4295
194.0,2278,34170,4290
195.0,2283,13536,4295
197.0,2352,19676,4364
199.0,2352,44396,4364
2275.0,76,12308,2088
2278.0,80,220934,2092
142.0,201,15391,2213
151.0,1627,12166,3639
160.0,4434,31505,6446
162.0,4426,21795,6438
178.0,4590,10533,6602
188.0,5473,13887,7485
189.0,5474,44891,7486
191.0,5476,33242,7488
192.0,5485,34170,7497
194.0,5481,13536,7493
195.0,5482,19676,7494
198.0,5537,44396,7549
4645.0,121,12308,2133
175.0,246,15391,2258
185.0,311,12166,2323
195.0,306,31505,2318
197.0,412,21795,2424
217.0,2010,10533,4022
225.0,2167,13887,4179
226.0,2165,44891,4177
229.0,2275,33242,4287
230.0,2168,34170,4180
232.0,2170,13536,4182
234.0,2268,19676,4280
236.0,2269,44396,4281
2209.0,84,12308,2096
135.0,37,15391,2049
146.0,85,12166,2097
414.0,1354,31505,3366
415.0,1526,21795,3538
431.0,1726,10533,3738
439.0,4151,13887,6163
441.0,2009,44891,4021
443.0,4164,33242,6176
444.0,4170,34170,6182
465.0,4146,13536,6158
468.0,4200,19676,6212
470.0,4202,44396,6214
2002.0,84,12308,2096
2006.0,2587,25655,4599
194.0,306,15391,2318
203.0,290,12166,2302
213.0,365,31505,2377
214.0,357,21795,2369
230.0,2117,10533,4129
238.0,6864,13887,8876
239.0,6864,44891,8876
241.0,6872,33242,8884
243.0,6874,34170,8886
244.0,6950,13536,8962
246.0,6945,19676,8957
248.0,6949,44396,8961
2330.0,3110,12308,5122
2333.0,3073,35741,5085
914.0,223,15391,2235
924.0,270,12166,2282
933.0,369,31505,2381
935.0,277,21795,2289
951.0,470,10533,2482
959.0,3705,13887,5717
961.0,5904,44891,7916
963.0,5900,33242,7912
964.0,5908,34170,7920
966.0,5938,13536,7950
967.0,5950,19676,7962
970.0,5946,44396,7958
4715.0,2150,12308,4162
4718.0,2156,35741,4168
251.0,120,15391,2132
261.0,381,12166,2393
271.0,297,31505,2309
272.0,302,21795,2314
288.0,2101,10533,4113
296.0,2274,13887,4286
297.0,2272,44891,4284
299.0,5939,33242,7951
301.0,5950,34170,7962
302.0,5946,13536,7958
304.0,6009,19676,8021
307.0,6005,44396,8017
2371.0,88,12308,2100
2376.0,77,220934,2089
