640	5
660	1
680	4
700	5
720	5
740	1
760	0
780	2
800	8
820	14
840	33
860	19
880	27
900	24
920	26
940	34
960	45
980	26
1000	11
1020	19
1040	37
1060	28
1080	8
1100	8
1120	4
1140	24
1160	8
1180	16
1200	26
1220	22
1240	18
1260	9
1280	2
1300	6
1320	2
1340	3
1360	6
1380	1
1400	5
1420	6
1440	7
1460	18
1480	7
1500	20
1520	12
1540	2
1560	8
1580	9
1600	13
1620	0
1640	3
1660	12
1680	12
1700	10
1720	8
1740	3
1760	11
1780	13
1800	4
1820	7
1840	1
1860	5
1880	3
1900	2
1920	1
1940	3
1960	5
1980	4
2000	5
2020	3
2040	3
2060	0
2080	0
2100	1
2120	0
2140	0
2160	0
2180	0
2200	0
2220	1
2240	1
2260	1
2280	0
2300	0
2320	0
2340	0
2360	0
2380	0
2400	0
2420	0
2440	0
2460	0
2480	1
2500	1
2520	0
2540	0
2560	0
2580	0
2600	0
2620	0
2640	1
2660	1
2680	0
2700	0
2720	0
2740	0
2760	0
2780	0
2800	0
2820	0
2840	0
2860	0
2880	0
2900	0
2920	0
2940	0
2960	0
2980	0
3000	0
3020	0
3040	0
3060	0
3080	1
3100	0
3120	0
3140	0
3160	0
3180	0
3200	0
3220	0
3240	0
3260	0
3280	0
3300	0
3320	0
3340	0
3360	0
3380	0
3400	0
3420	0
3440	0
3460	0
3480	0
3500	0
3520	0
3540	0
3560	0
3580	1
3600	0
3620	0
3640	0
3660	0
3680	0
3700	1
3720	0
3740	0
3760	0
3780	0
3800	1
3820	0
3840	0
3860	0
3880	0
3900	1
3920	2
3940	0
3960	0
3980	1
4000	0
4020	0
4040	0
4060	0
4080	0
4100	1
4120	0
4140	0
4160	0
4180	0
4200	1
4220	0
4240	0
4260	0
4280	0
4300	1
4320	1
4340	0
4360	0
4380	0
4400	0
4420	0
4440	0
4460	0
4480	0
4500	0
4520	0
4540	0
4560	0
4580	0
4600	0
4620	1
4640	0
4660	0
4680	1
4700	1
4720	0
4740	0
4760	0
4780	0
4800	0
4820	1
4840	0
4860	0
4880	0
4900	0
4920	0
4940	0
4960	0
4980	0
5000	0
5020	1
