10000	87
10500	90
11000	0
11500	0
12000	0
12500	1
13000	0
13500	0
14000	1
14500	90
15000	0
15500	0
16000	0
16500	0
17000	0
17500	1
18000	6
18500	0
19000	88
19500	92
20000	3
20500	1
21000	91
21500	0
22000	232
22500	1
23000	143
23500	68
24000	279
24500	134
25000	112
25500	3
26000	0
26500	3
27000	0
27500	108
28000	0
28500	208
29000	625
29500	92
30000	2
30500	140
31000	118
31500	0
32000	0
32500	3
33000	0
33500	0
34000	0
34500	0
35000	93
35500	0
36000	138
36500	0
37000	0
37500	0
38000	0
38500	0
39000	0
39500	0
40000	0
40500	0
41000	0
41500	0
42000	0
42500	14
43000	0
43500	0
44000	0
44500	0
45000	0
45500	0
46000	0
46500	0
47000	0
47500	0
48000	0
48500	0
49000	0
49500	0
50000	0
50500	0
51000	0
51500	0
52000	0
52500	0
53000	0
53500	0
54000	0
54500	0
55000	0
55500	0
56000	0
56500	0
57000	0
57500	0
58000	0
58500	0
59000	0
59500	0
60000	0
60500	0
61000	0
61500	0
62000	0
62500	0
63000	0
63500	0
64000	0
64500	0
65000	0
65500	0
66000	0
66500	0
67000	0
67500	0
68000	0
68500	0
69000	0
69500	0
70000	0
70500	0
71000	0
71500	0
72000	0
72500	0
73000	0
73500	0
74000	0
74500	0
75000	0
75500	0
76000	0
76500	0
77000	0
77500	0
78000	0
78500	0
79000	0
79500	0
80000	0
80500	0
81000	0
81500	0
82000	0
82500	0
83000	0
83500	37
