1300	1
1350	0
1400	22
1450	74
1500	176
1550	263
1600	376
1650	449
1700	557
1750	336
1800	415
1850	243
1900	160
1950	122
2000	147
2050	98
2100	55
2150	51
2200	81
2250	72
2300	147
2350	137
2400	92
2450	89
2500	44
2550	35
2600	42
2650	16
2700	39
2750	23
2800	26
2850	3
2900	0
2950	3
3000	12
3050	13
3100	33
3150	14
3200	7
3250	2
3300	1
3350	8
3400	2
3450	5
3500	8
3550	15
3600	39
3650	13
3700	11
3750	4
3800	3
3850	9
3900	6
3950	1
4000	4
4050	2
4100	1
4150	0
4200	13
4250	1
4300	2
4350	2
4400	0
4450	1
4500	1
4550	0
4600	4
4650	6
4700	2
4750	1
4800	0
4850	1
4900	0
4950	0
5000	1
5050	0
5100	6
5150	0
5200	1
5250	17
5300	6
5350	0
5400	0
5450	1
5500	0
5550	1
5600	0
5650	2
5700	1
5750	0
5800	0
5850	0
5900	2
5950	3
6000	1
6050	0
6100	1
6150	0
6200	1
6250	2
6300	2
6350	1
6400	1
6450	1
6500	1
6550	1
6600	1
6650	2
6700	1
6750	0
6800	1
6850	1
6900	0
6950	1
7000	2
7050	1
7100	1
7150	3
7200	1
7250	0
7300	1
7350	2
7400	0
7450	1
7500	1
7550	1
7600	0
7650	0
7700	1
7750	0
7800	2
7850	0
7900	0
7950	1
8000	0
8050	0
8100	2
8150	1
8200	1
8250	1
8300	0
8350	1
8400	12
8450	3
8500	1
8550	2
8600	1
8650	5
8700	1
8750	1
8800	1
8850	0
8900	1
8950	1
9000	0
9050	1
9100	2
9150	1
9200	1
9250	0
9300	0
9350	0
9400	0
9450	8
9500	2
9550	0
9600	0
9650	0
9700	1
9750	0
9800	0
9850	0
9900	2
9950	2
10000	4
10050	0
10100	1
10150	0
10200	1
10250	2
10300	1
10350	1
10400	0
10450	1
10500	1
10550	3
10600	1
10650	2
10700	0
10750	4
10800	2
10850	1
10900	0
10950	5
11000	6
11050	2
11100	1
11150	1
11200	1
11250	0
11300	0
11350	1
11400	1
11450	0
11500	0
11550	2
11600	2
11650	0
11700	2
11750	0
11800	0
11850	2
11900	1
11950	0
12000	0
12050	0
12100	0
12150	0
12200	0
12250	0
12300	0
12350	0
12400	0
12450	0
12500	0
12550	0
12600	0
12650	0
12700	0
12750	0
12800	0
12850	0
12900	0
12950	0
13000	0
13050	0
13100	0
13150	0
13200	0
13250	2
13300	4
