starttime,duration,size,total
622.0,730,22310,1352.0
875.0,476,24188,1351.0
1031.0,484,10113,1515.0
1458.0,160,29425,1618.0
1464.0,262,31199,1726.0
1466.0,261,29036,1727.0
1468.0,259,29188,1727.0
1470.0,341,36460,1811.0
1473.0,317,22462,1790.0
1484.0,339,24288,1823.0
1486.0,338,23056,1824.0
1580.0,152,31044,1732.0
2195.0,286,19073,2481.0
2202.0,279,29425,2481.0
2202.0,278,31199,2480.0
2203.0,264,29036,2467.0
2203.0,263,29188,2466.0
2204.0,476,36460,2680.0
2204.0,478,22462,2682.0
2204.0,477,24288,2681.0
2205.0,479,23056,2684.0
2221.0,462,17542,2683.0
3192.0,95,28931,3287.0
3193.0,84,35003,3277.0
3193.0,85,29126,3278.0
3199.0,85,25359,3284.0
3250.0,73,24570,3323.0
3277.0,74,29880,3351.0
3279.0,66,29447,3345.0
3284.0,69,28902,3353.0
3288.0,68,29085,3356.0
3324.0,77,24385,3401.0
3346.0,67,19902,3413.0
3352.0,73,30657,3425.0
3426.0,156,21266,3582.0
3654.0,133,31044,3787.0
3746.0,63,14808,3809.0
3778.0,65,10979,3843.0
813.0,31,22310,844.0
1045.0,84,24188,1129.0
1058.0,141,10113,1199.0
1133.0,545,31044,1678.0
1687.0,121,19073,1808.0
1743.0,77,29425,1820.0
1746.0,150,23737,1896.0
1748.0,74,31199,1822.0
1751.0,67,29036,1818.0
1753.0,71,29188,1824.0
1755.0,85,36460,1840.0
1757.0,137,22462,1894.0
1769.0,73,24288,1842.0
1772.0,70,23056,1842.0
2685.0,24,28931,2709.0
2686.0,10,35003,2696.0
2687.0,21,29126,2708.0
2693.0,16,25359,2709.0
2702.0,16,24570,2718.0
2703.0,10,29880,2713.0
2711.0,8,29447,2719.0
2712.0,11,28902,2723.0
2712.0,10,29085,2722.0
2716.0,7,24385,2723.0
2720.0,4,19902,2724.0
2720.0,4,30657,2724.0
2735.0,4,21266,2739.0
2747.0,5,14808,2752.0
2748.0,5,10979,2753.0
2758.0,0,31044,2758.0
8145.0,66,42576,8211.0
581.0,6,22310,587.0
858.0,194,24724,1052.0
979.0,49,10113,1028.0
1353.0,151,31044,1504.0
1398.0,159,29425,1557.0
1404.0,154,31199,1558.0
1406.0,147,29036,1553.0
1408.0,148,29188,1556.0
1411.0,144,36460,1555.0
1413.0,163,22462,1576.0
1425.0,151,24288,1576.0
1428.0,149,23056,1577.0
2205.0,42,19073,2247.0
2212.0,53,29425,2265.0
2213.0,50,31199,2263.0
2213.0,51,29036,2264.0
2213.0,49,29188,2262.0
2214.0,145,36460,2359.0
2214.0,87,22462,2301.0
2214.0,143,24288,2357.0
2215.0,94,23056,2309.0
2909.0,0,31044,2909.0
3197.0,14,28931,3211.0
3197.0,13,35003,3210.0
3198.0,5,29126,3203.0
3201.0,10,25359,3211.0
3208.0,5,24570,3213.0
3208.0,4,29880,3212.0
3213.0,8,29447,3221.0
3214.0,7,28902,3221.0
3214.0,6,29085,3220.0
3215.0,7,24385,3222.0
3215.0,5,19902,3220.0
3222.0,6,30657,3228.0
3232.0,6,21266,3238.0
3241.0,7,14808,3248.0
3247.0,4,10979,3251.0
8460.0,74,42576,8534.0
625.0,12,22310,637.0
891.0,14,24724,905.0
913.0,6,31044,919.0
1021.0,81,10113,1102.0
1632.0,84,29425,1716.0
1638.0,77,31199,1715.0
1641.0,73,29036,1714.0
1643.0,357,27626,2000.0
1645.0,357,36460,2002.0
1648.0,353,22462,2001.0
1661.0,342,24288,2003.0
1663.0,341,23056,2004.0
2367.0,25,29425,2392.0
2368.0,84,31199,2452.0
2368.0,81,29036,2449.0
2369.0,79,27626,2448.0
2369.0,73,36460,2442.0
2370.0,154,22462,2524.0
2370.0,307,24288,2677.0
2370.0,308,23056,2678.0
3358.0,169,28931,3527.0
3359.0,154,35003,3513.0
3359.0,152,29126,3511.0
3361.0,150,25359,3511.0
3513.0,17,24570,3530.0
3514.0,15,29880,3529.0
3515.0,14,29447,3529.0
3515.0,14,28902,3529.0
3519.0,0,31044,3519.0
3535.0,10,29085,3545.0
3536.0,4,24385,3540.0
3537.0,10,19902,3547.0
3537.0,8,30657,3545.0
3550.0,8,21266,3558.0
3568.0,4,14808,3572.0
3568.0,4,10979,3572.0
575.0,11,22310,586.0
834.0,22,24724,856.0
847.0,127,10113,974.0
941.0,32,31044,973.0
1517.0,91,19073,1608.0
1543.0,157,29425,1700.0
1548.0,159,31199,1707.0
1550.0,150,29036,1700.0
1553.0,153,27626,1706.0
1555.0,166,36460,1721.0
1557.0,162,22462,1719.0
1570.0,150,24288,1720.0
1572.0,149,23056,1721.0
2513.0,16,28931,2529.0
2514.0,14,35003,2528.0
2514.0,6,29126,2520.0
2515.0,4,25359,2519.0
2526.0,12,24570,2538.0
2526.0,7,29880,2533.0
2531.0,7,29447,2538.0
2531.0,7,28902,2538.0
2532.0,7,29085,2539.0
2536.0,10,24385,2546.0
2542.0,9,19902,2551.0
2543.0,9,30657,2552.0
2556.0,6,21266,2562.0
2595.0,12,14808,2607.0
2596.0,12,10979,2608.0
2781.0,0,31044,2781.0
8010.0,64,42576,8074.0
711.0,6,22310,717.0
958.0,23,24724,981.0
971.0,137,10113,1108.0
1057.0,49,31044,1106.0
1532.0,81,29425,1613.0
1539.0,71,31199,1610.0
1542.0,68,29036,1610.0
1544.0,70,29188,1614.0
1547.0,65,36460,1612.0
1549.0,91,22462,1640.0
1560.0,80,24288,1640.0
1563.0,77,23056,1640.0
2281.0,111,19073,2392.0
2289.0,101,29425,2390.0
2290.0,106,31199,2396.0
2290.0,101,29036,2391.0
2291.0,19,29188,2310.0
2291.0,159,36460,2450.0
2291.0,159,22462,2450.0
2292.0,158,24288,2450.0
2292.0,159,23056,2451.0
3259.0,0,31044,3259.0
3275.0,36,28931,3311.0
3276.0,55,35003,3331.0
3276.0,57,29126,3333.0
3279.0,31,25359,3310.0
3310.0,24,24570,3334.0
3313.0,22,29880,3335.0
3332.0,4,29447,3336.0
3336.0,9,28902,3345.0
3337.0,6,29085,3343.0
3337.0,7,24385,3344.0
3338.0,7,19902,3345.0
3338.0,6,30657,3344.0
3355.0,5,21266,3360.0
3367.0,5,14808,3372.0
3367.0,3,10979,3370.0
9087.0,102,42576,9189.0
593.0,6,22310,599.0
838.0,23,24724,861.0
852.0,103,10113,955.0
940.0,99,31044,1039.0
1397.0,43,19073,1440.0
1487.0,98,29425,1585.0
1490.0,553,23737,2043.0
1492.0,800,31199,2292.0
1494.0,547,29036,2041.0
1497.0,796,27626,2293.0
1499.0,792,36460,2291.0
1501.0,792,22462,2293.0
1513.0,781,24288,2294.0
1515.0,779,23056,2294.0
2458.0,20,28931,2478.0
2458.0,20,35003,2478.0
2459.0,19,29126,2478.0
2473.0,7,25359,2480.0
2481.0,8,24570,2489.0
2482.0,8,29880,2490.0
2482.0,6,29447,2488.0
2483.0,7,28902,2490.0
2483.0,6,29085,2489.0
2491.0,7,24385,2498.0
2491.0,7,19902,2498.0
2492.0,6,30657,2498.0
2502.0,10,21266,2512.0
2516.0,3,14808,2519.0
2521.0,3,10979,2524.0
3125.0,0,31044,3125.0
7953.0,88,42576,8041.0
695.0,11,22310,706.0
943.0,22,24188,965.0
956.0,133,10113,1089.0
1051.0,56,31044,1107.0
1504.0,102,19073,1606.0
1530.0,149,29425,1679.0
1533.0,140,23737,1673.0
1535.0,137,31199,1672.0
1538.0,138,29036,1676.0
1540.0,138,27626,1678.0
1543.0,134,36460,1677.0
1545.0,207,22462,1752.0
1557.0,196,24288,1753.0
1559.0,194,23056,1753.0
2685.0,49,28931,2734.0
2686.0,33,35003,2719.0
2686.0,48,29126,2734.0
2701.0,34,25359,2735.0
2731.0,11,24570,2742.0
2732.0,4,29880,2736.0
2738.0,5,29447,2743.0
2739.0,8,28902,2747.0
2739.0,8,29085,2747.0
2740.0,8,24385,2748.0
2745.0,8,19902,2753.0
2745.0,7,30657,2752.0
2757.0,42,21266,2799.0
2803.0,7,14808,2810.0
2811.0,4,10979,2815.0
2894.0,0,31044,2894.0
8211.0,68,42576,8279.0
678.0,7,22310,685.0
932.0,23,24724,955.0
945.0,428,10113,1373.0
1035.0,342,31044,1377.0
1444.0,64,29425,1508.0
1448.0,56,23737,1504.0
1450.0,55,31199,1505.0
1453.0,53,29036,1506.0
1455.0,47,29188,1502.0
1458.0,49,36460,1507.0
1460.0,107,22462,1567.0
1472.0,93,24288,1565.0
1475.0,91,23056,1566.0
2308.0,26,19073,2334.0
2316.0,54,29425,2370.0
2316.0,47,23737,2363.0
2317.0,54,31199,2371.0
2317.0,28,29036,2345.0
2317.0,47,29188,2364.0
2318.0,57,36460,2375.0
2318.0,57,22462,2375.0
2318.0,56,24288,2374.0
2319.0,57,23056,2376.0
3304.0,12,28931,3316.0
3305.0,11,35003,3316.0
3305.0,10,29126,3315.0
3307.0,10,25359,3317.0
3314.0,9,24570,3323.0
3319.0,5,29880,3324.0
3319.0,9,29447,3328.0
3320.0,9,28902,3329.0
3320.0,7,29085,3327.0
3326.0,9,24385,3335.0
3326.0,3,19902,3329.0
3331.0,5,30657,3336.0
3338.0,4,21266,3342.0
3349.0,0,31044,3349.0
3364.0,5,14808,3369.0
3364.0,6,10979,3370.0
8910.0,123,42576,9033.0
626.0,8,22310,634.0
854.0,25,24724,879.0
869.0,197,10113,1066.0
961.0,108,31044,1069.0
1474.0,198,19073,1672.0
1524.0,644,29425,2168.0
1527.0,644,23737,2171.0
1530.0,647,31199,2177.0
1532.0,642,29036,2174.0
1535.0,641,29188,2176.0
1537.0,849,36460,2386.0
1539.0,863,22462,2402.0
1551.0,851,24288,2402.0
1554.0,833,23056,2387.0
2473.0,9,28931,2482.0
2474.0,7,35003,2481.0
2475.0,6,29126,2481.0
2478.0,11,25359,2489.0
2483.0,6,24570,2489.0
2484.0,13,29880,2497.0
2484.0,13,29447,2497.0
2486.0,4,28902,2490.0
2494.0,10,29085,2504.0
2494.0,4,24385,2498.0
2495.0,9,19902,2504.0
2501.0,10,30657,2511.0
2514.0,4,21266,2518.0
2530.0,6,14808,2536.0
2531.0,6,10979,2537.0
2897.0,0,31044,2897.0
8163.0,67,42576,8230.0
653.0,5,22310,658.0
952.0,8,31044,960.0
1020.0,19,24724,1039.0
1036.0,409,10113,1445.0
1570.0,505,29425,2075.0
1576.0,783,31199,2359.0
1579.0,782,29036,2361.0
1581.0,779,29188,2360.0
1583.0,776,36460,2359.0
1586.0,785,22462,2371.0
1597.0,772,24288,2369.0
1599.0,794,23056,2393.0
2381.0,136,19073,2517.0
2389.0,102,29425,2491.0
2390.0,95,31199,2485.0
2390.0,107,29036,2497.0
2391.0,207,29188,2598.0
2391.0,203,36460,2594.0
2392.0,199,22462,2591.0
2392.0,203,24288,2595.0
2392.0,205,23056,2597.0
3283.0,0,31044,3283.0
3435.0,63,28931,3498.0
3436.0,60,35003,3496.0
3436.0,61,29126,3497.0
3450.0,47,25359,3497.0
3489.0,24,24570,3513.0
3513.0,10,29880,3523.0
3514.0,10,29447,3524.0
3514.0,8,28902,3522.0
3515.0,7,29085,3522.0
3516.0,8,24385,3524.0
3525.0,8,19902,3533.0
3525.0,8,30657,3533.0
3536.0,8,21266,3544.0
3546.0,7,14808,3553.0
3552.0,3,10979,3555.0
8738.0,213,42576,8951.0
576.0,7,22310,583.0
821.0,21,24724,842.0
944.0,97,10113,1041.0
1498.0,100,31044,1598.0
1546.0,54,29425,1600.0
1550.0,58,23737,1608.0
1553.0,58,31199,1611.0
1555.0,55,29036,1610.0
1558.0,52,27626,1610.0
1560.0,40,36460,1600.0
1563.0,618,22462,2181.0
1575.0,661,24288,2236.0
1578.0,655,23056,2233.0
2456.0,34,19073,2490.0
2464.0,27,29425,2491.0
2464.0,38,23737,2502.0
2465.0,39,31199,2504.0
2465.0,42,29036,2507.0
2465.0,21,27626,2486.0
2466.0,56,36460,2522.0
2466.0,56,22462,2522.0
2466.0,58,24288,2524.0
2467.0,57,23056,2524.0
3377.0,0,31044,3377.0
3497.0,27,28931,3524.0
3497.0,27,35003,3524.0
3497.0,12,29126,3509.0
3498.0,12,25359,3510.0
3520.0,5,24570,3525.0
3521.0,38,29880,3559.0
3521.0,4,29447,3525.0
3553.0,13,28902,3566.0
3553.0,12,29085,3565.0
3554.0,11,24385,3565.0
3554.0,9,19902,3563.0
3561.0,14,30657,3575.0
3577.0,9,21266,3586.0
3591.0,8,14808,3599.0
3596.0,3,10979,3599.0
9156.0,68,42576,9224.0
640.0,26,22310,666.0
900.0,13,24188,913.0
918.0,101,10113,1019.0
937.0,79,31044,1016.0
1528.0,75,19073,1603.0
1556.0,81,29425,1637.0
1560.0,74,23737,1634.0
1561.0,76,31199,1637.0
1564.0,71,29036,1635.0
1567.0,68,27626,1635.0
1569.0,67,36460,1636.0
1572.0,190,22462,1762.0
1584.0,175,24288,1759.0
1586.0,171,23056,1757.0
2851.0,43,28931,2894.0
2851.0,40,35003,2891.0
2851.0,43,29126,2894.0
2871.0,22,25359,2893.0
2951.0,12,24570,2963.0
2951.0,11,29880,2962.0
2952.0,12,29447,2964.0
2952.0,11,28902,2963.0
2953.0,11,29085,2964.0
2965.0,8,24385,2973.0
2965.0,8,19902,2973.0
2966.0,8,30657,2974.0
2977.0,7,21266,2984.0
2988.0,8,14808,2996.0
2997.0,4,10979,3001.0
3102.0,0,31044,3102.0
8105.0,249,42576,8354.0
601.0,22,22310,623.0
971.0,21,24188,992.0
1067.0,29,10113,1096.0
1421.0,121,31044,1542.0
1492.0,109,29425,1601.0
1498.0,142,31199,1640.0
1501.0,135,29036,1636.0
1503.0,137,29188,1640.0
1506.0,131,36460,1637.0
1508.0,133,22462,1641.0
1520.0,123,24288,1643.0
1522.0,153,23056,1675.0
2310.0,65,19073,2375.0
2318.0,51,29425,2369.0
2319.0,53,31199,2372.0
2320.0,55,29036,2375.0
2320.0,55,29188,2375.0
2320.0,72,36460,2392.0
2321.0,71,22462,2392.0
2321.0,70,24288,2391.0
2321.0,69,23056,2390.0
3650.0,0,31044,3650.0
3704.0,58,28931,3762.0
3705.0,57,35003,3762.0
3705.0,80,29126,3785.0
3750.0,36,25359,3786.0
3781.0,33,24570,3814.0
3782.0,5,29880,3787.0
3782.0,5,29447,3787.0
3807.0,13,28902,3820.0
3807.0,13,29085,3820.0
3808.0,14,24385,3822.0
3808.0,13,19902,3821.0
3817.0,6,30657,3823.0
3835.0,11,21266,3846.0
3848.0,7,14808,3855.0
3848.0,6,10979,3854.0
671.0,21,22310,692.0
919.0,21,24188,940.0
1012.0,49,10113,1061.0
1020.0,30,31044,1050.0
1788.0,46,19073,1834.0
1880.0,60,29425,1940.0
1886.0,194,31199,2080.0
1889.0,185,29036,2074.0
1891.0,185,29188,2076.0
1894.0,184,36460,2078.0
1896.0,257,22462,2153.0
1909.0,249,24288,2158.0
1911.0,242,23056,2153.0
3230.0,139,28931,3369.0
3230.0,137,35003,3367.0
3230.0,139,29126,3369.0
3353.0,19,25359,3372.0
3353.0,19,24570,3372.0
3423.0,12,29880,3435.0
3425.0,11,29447,3436.0
3426.0,11,28902,3437.0
3427.0,8,29085,3435.0
3427.0,10,24385,3437.0
3438.0,11,19902,3449.0
3439.0,9,30657,3448.0
3452.0,7,21266,3459.0
3464.0,8,14808,3472.0
3475.0,6,10979,3481.0
3571.0,0,31044,3571.0
8918.0,67,42576,8985.0
599.0,17,22310,616.0
958.0,15,24724,973.0
1082.0,375,10113,1457.0
1089.0,367,31044,1456.0
1641.0,682,19073,2323.0
2413.0,50,29425,2463.0
2419.0,392,31199,2811.0
2421.0,391,27626,2812.0
2424.0,386,36460,2810.0
2435.0,376,24288,2811.0
2438.0,450,22645,2888.0
2920.0,55,28931,2975.0
2921.0,57,35003,2978.0
2921.0,56,29126,2977.0
2945.0,32,25359,2977.0
2995.0,19,24570,3014.0
2996.0,18,29880,3014.0
2997.0,16,29447,3013.0
2998.0,17,28902,3015.0
2999.0,13,29085,3012.0
3016.0,9,24385,3025.0
3016.0,10,19902,3026.0
3017.0,8,30657,3025.0
3029.0,10,21266,3039.0
3044.0,10,14808,3054.0
3054.0,5,10979,3059.0
3986.0,0,31044,3986.0
8808.0,90,42576,8898.0
558.0,14,22310,572.0
799.0,13,24188,812.0
894.0,29,31044,923.0
935.0,29,10113,964.0
1729.0,121,29425,1850.0
1733.0,111,23737,1844.0
1735.0,115,31199,1850.0
1738.0,110,29036,1848.0
1740.0,107,29188,1847.0
1742.0,103,36460,1845.0
1745.0,166,22462,1911.0
1758.0,153,24288,1911.0
1761.0,152,23056,1913.0
2679.0,381,19073,3060.0
2690.0,370,29425,3060.0
2690.0,368,23737,3058.0
2691.0,365,31199,3056.0
2691.0,364,29036,3055.0
2691.0,367,29188,3058.0
2692.0,435,36460,3127.0
2692.0,434,22462,3126.0
2693.0,431,24288,3124.0
2693.0,432,23056,3125.0
4036.0,0,31044,4036.0
4062.0,45,28931,4107.0
4062.0,45,35003,4107.0
4063.0,23,29126,4086.0
4079.0,5,25359,4084.0
4102.0,6,24570,4108.0
4102.0,15,29880,4117.0
4103.0,6,29447,4109.0
4111.0,13,28902,4124.0
4112.0,12,29085,4124.0
4112.0,13,24385,4125.0
4113.0,5,19902,4118.0
4122.0,4,30657,4126.0
4172.0,9,21266,4181.0
4185.0,8,14808,4193.0
4185.0,7,10979,4192.0
669.0,12,22310,681.0
917.0,19,24724,936.0
933.0,114,10113,1047.0
1040.0,522,31044,1562.0
1636.0,63,29425,1699.0
1640.0,161,23737,1801.0
1643.0,116,31199,1759.0
1645.0,147,29036,1792.0
1647.0,107,29188,1754.0
1650.0,149,36460,1799.0
1652.0,152,22462,1804.0
1665.0,140,24288,1805.0
1667.0,137,23056,1804.0
2507.0,18,19073,2525.0
2515.0,11,29425,2526.0
2515.0,332,23737,2847.0
2516.0,334,31199,2850.0
2516.0,351,29036,2867.0
2516.0,347,29188,2863.0
2517.0,329,36460,2846.0
2517.0,351,22462,2868.0
2518.0,382,24288,2900.0
2518.0,382,23056,2900.0
3808.0,0,31044,3808.0
3870.0,75,28931,3945.0
3870.0,75,35003,3945.0
3871.0,73,29126,3944.0
3955.0,29,25359,3984.0
3957.0,28,24570,3985.0
3957.0,27,29880,3984.0
3958.0,28,29447,3986.0
3958.0,28,28902,3986.0
3987.0,37,29085,4024.0
3988.0,34,24385,4022.0
3989.0,37,19902,4026.0
3989.0,36,30657,4025.0
4034.0,4,21266,4038.0
4048.0,4,14808,4052.0
4048.0,3,10979,4051.0
652.0,16,22310,668.0
891.0,27,24724,918.0
905.0,128,10113,1033.0
920.0,99,31044,1019.0
1343.0,63,29425,1406.0
1347.0,60,23737,1407.0
1349.0,55,31199,1404.0
1352.0,55,29036,1407.0
1354.0,54,27626,1408.0
1357.0,593,36460,1950.0
1359.0,569,22462,1928.0
1372.0,553,24288,1925.0
1374.0,553,23056,1927.0
1936.0,48,19073,1984.0
1944.0,38,29425,1982.0
1944.0,39,23737,1983.0
1945.0,34,31199,1979.0
1945.0,34,29036,1979.0
1945.0,68,27626,2013.0
1946.0,69,36460,2015.0
1946.0,69,22462,2015.0
1946.0,67,24288,2013.0
1947.0,69,23056,2016.0
3639.0,115,28931,3754.0
3639.0,125,35003,3764.0
3640.0,114,29126,3754.0
3641.0,112,25359,3753.0
3771.0,62,24570,3833.0
3772.0,60,29880,3832.0
3772.0,61,29447,3833.0
3773.0,59,28902,3832.0
3773.0,58,29085,3831.0
3866.0,16,24385,3882.0
3867.0,16,19902,3883.0
3868.0,14,30657,3882.0
3885.0,10,21266,3895.0
3904.0,8,14808,3912.0
3904.0,8,10979,3912.0
4025.0,0,31044,4025.0
676.0,17,22310,693.0
930.0,25,24188,955.0
1036.0,20,31044,1056.0
1077.0,683,10113,1760.0
1780.0,65,19073,1845.0
1867.0,113,29425,1980.0
1871.0,52,23737,1923.0
1873.0,51,31199,1924.0
1876.0,51,29036,1927.0
1879.0,47,29188,1926.0
1881.0,45,36460,1926.0
1883.0,159,22462,2042.0
1896.0,142,24288,2038.0
1898.0,141,23056,2039.0
3468.0,0,31044,3468.0
3486.0,189,28931,3675.0
3486.0,185,35003,3671.0
3487.0,178,29126,3665.0
3705.0,27,25359,3732.0
3706.0,24,24570,3730.0
3707.0,24,29880,3731.0
3707.0,24,29447,3731.0
3708.0,25,28902,3733.0
3772.0,15,29085,3787.0
3773.0,12,24385,3785.0
3774.0,12,19902,3786.0
3774.0,13,30657,3787.0
3799.0,17,21266,3816.0
3818.0,9,14808,3827.0
3818.0,9,10979,3827.0
635.0,20,22310,655.0
849.0,76,24188,925.0
936.0,47,31044,983.0
978.0,19,10113,997.0
1654.0,135,19073,1789.0
1741.0,84,29425,1825.0
1744.0,78,23737,1822.0
1746.0,75,31199,1821.0
1749.0,71,29036,1820.0
1751.0,73,29188,1824.0
1754.0,71,36460,1825.0
1756.0,222,22462,1978.0
1768.0,211,24288,1979.0
1770.0,207,23056,1977.0
3218.0,173,28931,3391.0
3219.0,171,35003,3390.0
3219.0,168,29126,3387.0
3375.0,18,25359,3393.0
3375.0,18,24570,3393.0
3411.0,48,29880,3459.0
3413.0,47,29447,3460.0
3414.0,46,28902,3460.0
3414.0,47,29085,3461.0
3415.0,47,24385,3462.0
3468.0,9,19902,3477.0
3469.0,8,30657,3477.0
3481.0,12,21266,3493.0
3498.0,5,14808,3503.0
3499.0,8,10979,3507.0
3597.0,644,25359,4241.0
9195.0,137,42576,9332.0
616.0,11,22310,627.0
952.0,9,31044,961.0
996.0,18,24188,1014.0
1029.0,555,10113,1584.0
1655.0,121,19073,1776.0
1696.0,159,29425,1855.0
1699.0,159,23737,1858.0
1702.0,154,31199,1856.0
1705.0,153,29036,1858.0
1708.0,149,27626,1857.0
1710.0,160,36460,1870.0
1713.0,159,22462,1872.0
1725.0,147,24288,1872.0
1728.0,145,23056,1873.0
3405.0,241,28931,3646.0
3406.0,201,35003,3607.0
3407.0,199,29126,3606.0
3604.0,44,25359,3648.0
3604.0,82,24570,3686.0
3643.0,4,29880,3647.0
3644.0,5,29447,3649.0
3689.0,17,28902,3706.0
3690.0,10,29085,3700.0
3691.0,10,24385,3701.0
3691.0,15,19902,3706.0
3692.0,10,30657,3702.0
3713.0,7,21266,3720.0
3725.0,8,14808,3733.0
3725.0,7,10979,3732.0
3746.0,10,25359,3756.0
558.0,16,22310,574.0
800.0,28,24188,828.0
814.0,107,10113,921.0
1736.0,33,31044,1769.0
1785.0,57,29425,1842.0
1793.0,1062,31199,2855.0
1796.0,1061,29036,2857.0
1798.0,1056,27626,2854.0
1801.0,1058,36460,2859.0
1803.0,1056,22462,2859.0
1815.0,1106,24288,2921.0
1818.0,1125,23056,2943.0
2930.0,23,19073,2953.0
2937.0,87,29425,3024.0
2938.0,87,31199,3025.0
2938.0,92,29036,3030.0
2939.0,107,27626,3046.0
2939.0,105,36460,3044.0
2939.0,166,22462,3105.0
2940.0,165,24288,3105.0
2940.0,163,23056,3103.0
4261.0,91,25359,4352.0
4285.0,55,28931,4340.0
4285.0,56,35003,4341.0
4286.0,29,29126,4315.0
4307.0,6,25359,4313.0
4343.0,27,24570,4370.0
4343.0,27,29880,4370.0
4344.0,25,29447,4369.0
4344.0,27,28902,4371.0
4363.0,3,29085,4366.0
4367.0,5,24385,4372.0
4374.0,10,19902,4384.0
4374.0,10,30657,4384.0
4387.0,10,21266,4397.0
4402.0,9,14808,4411.0
4402.0,9,10979,4411.0
655.0,28,22310,683.0
956.0,11,31044,967.0
1018.0,28,24188,1046.0
1034.0,673,10113,1707.0
1745.0,1177,19073,2922.0
1791.0,1168,29425,2959.0
1794.0,1162,23737,2956.0
1796.0,1163,31199,2959.0
1799.0,1158,29036,2957.0
1801.0,1157,27626,2958.0
1804.0,1176,36460,2980.0
1806.0,1174,22462,2980.0
1818.0,1164,24288,2982.0
1820.0,1161,23056,2981.0
3623.0,59,28931,3682.0
3623.0,111,35003,3734.0
3624.0,56,29126,3680.0
3716.0,35,25359,3751.0
3717.0,36,24570,3753.0
3717.0,34,29880,3751.0
3717.0,28,29447,3745.0
3772.0,25,28902,3797.0
3773.0,25,29085,3798.0
3774.0,22,24385,3796.0
3775.0,21,19902,3796.0
3775.0,20,30657,3795.0
3819.0,13,21266,3832.0
3834.0,9,14808,3843.0
3834.0,8,10979,3842.0
5014.0,19,25359,5033.0
688.0,25,22310,713.0
917.0,91,24724,1008.0
930.0,182,10113,1112.0
1900.0,26,31044,1926.0
1939.0,57,29425,1996.0
1944.0,198,23737,2142.0
1946.0,199,31199,2145.0
1949.0,189,29036,2138.0
1951.0,187,29188,2138.0
1953.0,181,36460,2134.0
1956.0,1322,22462,3278.0
1969.0,1309,24288,3278.0
1971.0,1332,23056,3303.0
3289.0,369,19073,3658.0
3297.0,339,29425,3636.0
3297.0,343,23737,3640.0
3298.0,339,31199,3637.0
3298.0,343,29036,3641.0
3299.0,370,29188,3669.0
3299.0,427,36460,3726.0
3299.0,429,22462,3728.0
3300.0,432,24288,3732.0
3300.0,431,23056,3731.0
4799.0,60,25359,4859.0
4870.0,100,28931,4970.0
4871.0,99,35003,4970.0
4871.0,105,29126,4976.0
4953.0,58,25359,5011.0
4954.0,56,24570,5010.0
4972.0,44,29880,5016.0
4973.0,43,29447,5016.0
5006.0,9,28902,5015.0
5012.0,10,29085,5022.0
5013.0,10,24385,5023.0
5019.0,5,19902,5024.0
5019.0,15,30657,5034.0
5042.0,13,21266,5055.0
5058.0,7,14808,5065.0
5058.0,6,10979,5064.0
620.0,17,22310,637.0
981.0,7,24188,988.0
1053.0,11,31044,1064.0
1404.0,208,10113,1612.0
1732.0,1174,19073,2906.0
3023.0,56,29425,3079.0
3027.0,702,23737,3729.0
3029.0,702,31199,3731.0
3032.0,698,29036,3730.0
3035.0,694,29188,3729.0
3037.0,690,36460,3727.0
3040.0,703,22462,3743.0
3052.0,691,24288,3743.0
3054.0,689,23056,3743.0
3747.0,170,28931,3917.0
3747.0,169,35003,3916.0
3748.0,167,29126,3915.0
3750.0,165,25359,3915.0
3909.0,8,24570,3917.0
3920.0,12,29880,3932.0
3921.0,12,29447,3933.0
3921.0,12,28902,3933.0
3922.0,12,29085,3934.0
3922.0,12,24385,3934.0
3936.0,13,19902,3949.0
3938.0,10,30657,3948.0
3952.0,7,21266,3959.0
3967.0,15,14808,3982.0
3988.0,6,10979,3994.0
5256.0,71,25359,5327.0
723.0,8,22310,731.0
988.0,25,24724,1013.0
1001.0,130,10113,1131.0
1026.0,591,30924,1617.0
1637.0,99,29425,1736.0
1642.0,382,23737,2024.0
1644.0,381,31199,2025.0
1647.0,375,29036,2022.0
1649.0,373,27626,2022.0
1651.0,371,36460,2022.0
1654.0,366,22462,2020.0
1666.0,416,24288,2082.0
1668.0,415,23056,2083.0
3130.0,39,29425,3169.0
3131.0,37,23737,3168.0
3131.0,36,31199,3167.0
3132.0,57,29036,3189.0
3132.0,40,27626,3172.0
3132.0,57,36460,3189.0
3133.0,679,22462,3812.0
3133.0,680,24288,3813.0
3133.0,679,23056,3812.0
3137.0,676,19073,3813.0
4171.0,30,28931,4201.0
4172.0,28,35003,4200.0
4173.0,29,29126,4202.0
4204.0,23,25359,4227.0
4206.0,20,24570,4226.0
4209.0,16,29880,4225.0
4209.0,17,29447,4226.0
4210.0,17,28902,4227.0
4229.0,22,29085,4251.0
4230.0,17,24385,4247.0
4231.0,17,19902,4248.0
4235.0,11,30657,4246.0
4277.0,13,21266,4290.0
4291.0,6,14808,4297.0
4292.0,7,10979,4299.0
5307.0,26,25359,5333.0
713.0,16,22310,729.0
957.0,9,24724,966.0
1097.0,83,10113,1180.0
1636.0,187,83780,1823.0
1698.0,62,29425,1760.0
1703.0,123,23737,1826.0
1706.0,178,31199,1884.0
1709.0,119,29036,1828.0
1712.0,116,27626,1828.0
1714.0,110,36460,1824.0
1716.0,165,22462,1881.0
1731.0,195,24288,1926.0
1733.0,153,23056,1886.0
3041.0,39,19073,3080.0
3049.0,30,29425,3079.0
3050.0,31,23737,3081.0
3050.0,26,31199,3076.0
3050.0,31,29036,3081.0
3051.0,9,27626,3060.0
3051.0,710,36460,3761.0
3051.0,709,22462,3760.0
3052.0,709,24288,3761.0
3052.0,714,23056,3766.0
4125.0,12,28931,4137.0
4126.0,13,35003,4139.0
4126.0,12,29126,4138.0
4142.0,24,25359,4166.0
4143.0,24,24570,4167.0
4144.0,24,29880,4168.0
4148.0,21,29447,4169.0
4148.0,21,28902,4169.0
4170.0,11,29085,4181.0
4170.0,11,24385,4181.0
4171.0,9,19902,4180.0
4171.0,10,30657,4181.0
4187.0,10,21266,4197.0
4212.0,8,14808,4220.0
4213.0,3,10979,4216.0
5350.0,19,25359,5369.0
664.0,30,22310,694.0
905.0,44,24724,949.0
917.0,119,10113,1036.0
1033.0,785,30924,1818.0
1830.0,48,19073,1878.0
1916.0,104,29425,2020.0
1919.0,174,23737,2093.0
1922.0,172,31199,2094.0
1925.0,170,29036,2095.0
1928.0,176,29188,2104.0
1930.0,168,36460,2098.0
1933.0,167,22462,2100.0
1945.0,1430,24288,3375.0
1948.0,1427,23056,3375.0
4054.0,20,25359,4074.0
4080.0,200,28931,4280.0
4080.0,195,35003,4275.0
4081.0,196,29126,4277.0
4266.0,16,25359,4282.0
4267.0,41,24570,4308.0
4329.0,35,29880,4364.0
4330.0,35,29447,4365.0
4330.0,37,28902,4367.0
4330.0,35,29085,4365.0
4331.0,35,24385,4366.0
4374.0,13,19902,4387.0
4374.0,14,30657,4388.0
4390.0,12,21266,4402.0
4405.0,10,14808,4415.0
4405.0,8,10979,4413.0
647.0,28,22310,675.0
856.0,33,24724,889.0
869.0,183,10113,1052.0
961.0,90,30924,1051.0
1892.0,49,19073,1941.0
1974.0,102,29425,2076.0
1978.0,97,23737,2075.0
1980.0,99,31199,2079.0
1983.0,94,29036,2077.0
1985.0,96,29188,2081.0
1988.0,92,36460,2080.0
1990.0,1422,22462,3412.0
2003.0,1411,24288,3414.0
2005.0,1407,23056,3412.0
4019.0,178,28931,4197.0
4020.0,176,35003,4196.0
4021.0,171,29126,4192.0
4023.0,167,25359,4190.0
4149.0,49,24570,4198.0
4233.0,16,29880,4249.0
4234.0,16,29447,4250.0
4234.0,17,28902,4251.0
4235.0,17,29085,4252.0
4235.0,15,24385,4250.0
4252.0,12,19902,4264.0
4253.0,10,30657,4263.0
4267.0,10,21266,4277.0
4283.0,9,14808,4292.0
4283.0,10,10979,4293.0
4383.0,10,25359,4393.0
658.0,17,22310,675.0
907.0,100,24188,1007.0
922.0,211,10113,1133.0
1021.0,133,83780,1154.0
1826.0,150,19073,1976.0
1902.0,1179,29425,3081.0
1905.0,1170,23737,3075.0
1907.0,1173,31199,3080.0
1910.0,1166,29036,3076.0
1912.0,1165,29188,3077.0
1914.0,1164,36460,3078.0
1916.0,1229,22462,3145.0
1929.0,1216,24288,3145.0
1931.0,1215,23056,3146.0
3664.0,100,28931,3764.0
3665.0,100,35003,3765.0
3667.0,99,29126,3766.0
3669.0,98,25359,3767.0
3776.0,79,24570,3855.0
3776.0,80,29880,3856.0
3777.0,79,29447,3856.0
3777.0,76,28902,3853.0
3778.0,77,29085,3855.0
3884.0,13,24385,3897.0
3885.0,13,19902,3898.0
3886.0,11,30657,3897.0
3901.0,10,21266,3911.0
3917.0,10,14808,3927.0
3927.0,6,10979,3933.0
4058.0,12,25359,4070.0
601.0,23,22310,624.0
839.0,34,24188,873.0
943.0,39,83780,982.0
985.0,23,10113,1008.0
2095.0,39,19073,2134.0
2180.0,55,29425,2235.0
2186.0,59,31199,2245.0
2189.0,55,29036,2244.0
2192.0,51,27626,2243.0
2194.0,50,36460,2244.0
2197.0,100,22462,2297.0
2210.0,94,24288,2304.0
2212.0,162,23056,2374.0
4542.0,19,25359,4561.0
4565.0,117,28931,4682.0
4565.0,121,35003,4686.0
4566.0,115,29126,4681.0
4705.0,31,25359,4736.0
4707.0,31,24570,4738.0
4707.0,73,29880,4780.0
4708.0,72,29447,4780.0
4708.0,67,28902,4775.0
4785.0,19,29085,4804.0
4785.0,19,24385,4804.0
4786.0,20,19902,4806.0
4786.0,21,30657,4807.0
4823.0,13,21266,4836.0
4846.0,11,14808,4857.0
4847.0,9,10979,4856.0
659.0,15,22310,674.0
913.0,39,24724,952.0
927.0,184,10113,1111.0
1048.0,646,30924,1694.0
1792.0,59,29425,1851.0
1796.0,119,23737,1915.0
1798.0,111,31199,1909.0
1801.0,113,29036,1914.0
1803.0,110,29188,1913.0
1806.0,106,36460,1912.0
1808.0,107,22462,1915.0
1821.0,145,24288,1966.0
1824.0,143,23056,1967.0
3324.0,52,19073,3376.0
3333.0,44,29425,3377.0
3333.0,44,23737,3377.0
3334.0,45,31199,3379.0
3334.0,22,29036,3356.0
3334.0,22,29188,3356.0
3335.0,56,36460,3391.0
3335.0,55,22462,3390.0
3335.0,54,24288,3389.0
3336.0,54,23056,3390.0
4450.0,12,28931,4462.0
4450.0,13,35003,4463.0
4451.0,12,29126,4463.0
4465.0,13,25359,4478.0
4466.0,11,24570,4477.0
4467.0,11,29880,4478.0
4467.0,12,29447,4479.0
4468.0,10,28902,4478.0
4487.0,9,29085,4496.0
4488.0,7,24385,4495.0
4488.0,9,19902,4497.0
4488.0,9,30657,4497.0
4517.0,13,21266,4530.0
4532.0,7,14808,4539.0
4533.0,6,10979,4539.0
5768.0,82,25359,5850.0
564.0,11,22310,575.0
807.0,17,24188,824.0
852.0,12,30924,864.0
948.0,85,10113,1033.0
2081.0,30,19073,2111.0
2148.0,54,29425,2202.0
2154.0,105,31199,2259.0
2156.0,159,29036,2315.0
2159.0,99,29188,2258.0
2161.0,102,36460,2263.0
2164.0,157,22462,2321.0
2177.0,142,24288,2319.0
2179.0,142,23056,2321.0
4362.0,21,25359,4383.0
4386.0,108,28931,4494.0
4387.0,102,35003,4489.0
4387.0,107,29126,4494.0
4481.0,36,25359,4517.0
4481.0,36,24570,4517.0
4511.0,7,29880,4518.0
4511.0,44,29447,4555.0
4512.0,6,28902,4518.0
4548.0,10,29085,4558.0
4549.0,11,24385,4560.0
4549.0,9,19902,4558.0
4550.0,9,30657,4559.0
4576.0,8,21266,4584.0
4600.0,11,14808,4611.0
4601.0,11,10979,4612.0
615.0,16,22310,631.0
866.0,50,24188,916.0
880.0,126,10113,1006.0
1002.0,122,30924,1124.0
1938.0,109,19073,2047.0
1979.0,125,29425,2104.0
1983.0,118,23737,2101.0
1985.0,117,31199,2102.0
1988.0,116,29036,2104.0
1990.0,111,27626,2101.0
1993.0,114,36460,2107.0
1995.0,178,22462,2173.0
2008.0,159,24288,2167.0
2010.0,162,23056,2172.0
4203.0,61,28931,4264.0
4204.0,65,35003,4269.0
4204.0,192,29126,4396.0
4206.0,55,25359,4261.0
4414.0,30,24570,4444.0
4414.0,28,29880,4442.0
4415.0,29,29447,4444.0
4415.0,28,28902,4443.0
4416.0,26,29085,4442.0
4492.0,13,24385,4505.0
4493.0,12,19902,4505.0
4494.0,13,30657,4507.0
4509.0,12,21266,4521.0
4528.0,9,14808,4537.0
4528.0,10,10979,4538.0
5454.0,20,25359,5474.0
623.0,20,22310,643.0
953.0,9,24188,962.0
1007.0,765,10113,1772.0
1102.0,696,83780,1798.0
1806.0,113,29425,1919.0
1812.0,102,23737,1914.0
1814.0,103,31199,1917.0
1817.0,99,29036,1916.0
1819.0,99,29188,1918.0
1822.0,106,36460,1928.0
1824.0,104,22462,1928.0
1836.0,88,24288,1924.0
1839.0,142,23056,1981.0
3425.0,16,19073,3441.0
3434.0,43,29425,3477.0
3434.0,40,23737,3474.0
3435.0,8,31199,3443.0
3435.0,21,29036,3456.0
3435.0,40,29188,3475.0
3436.0,41,36460,3477.0
3436.0,765,22462,4201.0
3436.0,761,24288,4197.0
3437.0,760,23056,4197.0
4636.0,19,28931,4655.0
4637.0,20,35003,4657.0
4637.0,19,29126,4656.0
4647.0,10,25359,4657.0
4658.0,24,24570,4682.0
4658.0,23,29880,4681.0
4659.0,7,29447,4666.0
4659.0,7,28902,4666.0
4660.0,10,29085,4670.0
4675.0,17,24385,4692.0
4675.0,15,19902,4690.0
4676.0,16,30657,4692.0
4698.0,16,21266,4714.0
4732.0,7,14808,4739.0
4733.0,7,10979,4740.0
5996.0,71,25359,6067.0
624.0,7,22310,631.0
856.0,15,24188,871.0
921.0,13,30924,934.0
986.0,81,10113,1067.0
2329.0,187,29425,2516.0
2336.0,181,31199,2517.0
2339.0,176,29036,2515.0
2341.0,179,29188,2520.0
2344.0,175,36460,2519.0
2346.0,208,22462,2554.0
2360.0,196,24288,2556.0
2362.0,194,23056,2556.0
3951.0,20,19073,3971.0
3959.0,13,29425,3972.0
3960.0,10,31199,3970.0
3960.0,8,29036,3968.0
3960.0,9,29188,3969.0
3961.0,39,36460,4000.0
3961.0,33,22462,3994.0
3961.0,37,24288,3998.0
3962.0,38,23056,4000.0
5095.0,26,28931,5121.0
5096.0,25,35003,5121.0
5097.0,24,29126,5121.0
5125.0,738,25359,5863.0
5127.0,736,24570,5863.0
5128.0,733,29880,5861.0
5128.0,736,29447,5864.0
5129.0,732,28902,5861.0
5978.0,48,29085,6026.0
5979.0,49,24385,6028.0
5979.0,49,19902,6028.0
5980.0,47,30657,6027.0
6063.0,10,21266,6073.0
6091.0,7,14808,6098.0
6092.0,7,10979,6099.0
6332.0,10,25359,6342.0
676.0,19,22310,695.0
1060.0,16,24188,1076.0
1097.0,18,83780,1115.0
1403.0,220,10113,1623.0
1742.0,75,19073,1817.0
1841.0,66,29425,1907.0
1846.0,62,31199,1908.0
1849.0,57,29036,1906.0
1851.0,58,29188,1909.0
1854.0,56,36460,1910.0
1856.0,1328,22462,3184.0
1869.0,1315,24288,3184.0
1871.0,1312,23056,3183.0
4435.0,189,28931,4624.0
4436.0,190,35003,4626.0
4436.0,181,29126,4617.0
4452.0,186,25359,4638.0
4666.0,62,24570,4728.0
4667.0,62,29880,4729.0
4667.0,60,29447,4727.0
4667.0,51,28902,4718.0
4668.0,51,29085,4719.0
4724.0,5,24385,4729.0
4725.0,4,19902,4729.0
4733.0,11,30657,4744.0
4747.0,14,21266,4761.0
4803.0,12,14808,4815.0
4803.0,10,10979,4813.0
5784.0,75,25359,5859.0
659.0,35,22310,694.0
905.0,13,24188,918.0
998.0,38,30924,1036.0
1062.0,15,10113,1077.0
1867.0,136,19073,2003.0
1888.0,275,29425,2163.0
1892.0,273,23737,2165.0
1895.0,265,31199,2160.0
1898.0,269,29036,2167.0
1900.0,265,27626,2165.0
1903.0,258,36460,2161.0
1906.0,324,22462,2230.0
1918.0,310,24288,2228.0
1921.0,308,23056,2229.0
4636.0,112,28931,4748.0
4637.0,56,35003,4693.0
4637.0,118,29126,4755.0
4776.0,28,25359,4804.0
4776.0,29,24570,4805.0
4777.0,59,29880,4836.0
4777.0,58,29447,4835.0
4778.0,28,28902,4806.0
4842.0,12,29085,4854.0
4843.0,11,24385,4854.0
4843.0,12,19902,4855.0
4843.0,10,30657,4853.0
4867.0,10,21266,4877.0
4888.0,4,14808,4892.0
4888.0,8,10979,4896.0
5061.0,11,25359,5072.0
622.0,8,22310,630.0
881.0,30,24724,911.0
895.0,130,10113,1025.0
992.0,139,30924,1131.0
1986.0,87,19073,2073.0
2024.0,143,29425,2167.0
2028.0,143,23737,2171.0
2030.0,135,31199,2165.0
2033.0,137,29036,2170.0
2036.0,136,27626,2172.0
2039.0,134,36460,2173.0
2041.0,196,22462,2237.0
2054.0,181,24288,2235.0
2056.0,177,23056,2233.0
4369.0,120,28931,4489.0
4369.0,153,35003,4522.0
4370.0,118,29126,4488.0
4374.0,117,25359,4491.0
4516.0,50,24570,4566.0
4517.0,50,29880,4567.0
4517.0,50,29447,4567.0
4518.0,48,28902,4566.0
4579.0,11,29085,4590.0
4580.0,11,24385,4591.0
4580.0,11,19902,4591.0
4581.0,11,30657,4592.0
4603.0,12,21266,4615.0
4620.0,9,14808,4629.0
4620.0,9,10979,4629.0
4638.0,10,25359,4648.0
655.0,18,22310,673.0
881.0,102,24724,983.0
999.0,129,30924,1128.0
1881.0,42,19073,1923.0
1962.0,107,29425,2069.0
1966.0,106,23737,2072.0
1968.0,105,31199,2073.0
1971.0,99,29036,2070.0
1974.0,95,29188,2069.0
1976.0,98,36460,2074.0
1979.0,161,22462,2140.0
1992.0,148,24288,2140.0
1995.0,144,23056,2139.0
4518.0,26,83780,4544.0
4618.0,140,28931,4758.0
4619.0,134,35003,4753.0
4619.0,137,29126,4756.0
4776.0,55,25359,4831.0
4777.0,16,24570,4793.0
4777.0,51,29880,4828.0
4777.0,54,29447,4831.0
4778.0,52,28902,4830.0
4838.0,13,29085,4851.0
4839.0,13,24385,4852.0
4839.0,11,19902,4850.0
4840.0,11,30657,4851.0
4864.0,11,21266,4875.0
4881.0,8,14808,4889.0
4881.0,9,10979,4890.0
727.0,10,22310,737.0
987.0,31,24188,1018.0
1000,692,10113,1692
1693.0,85,83780,1778.0
1953.0,64,29425,2017.0
1961.0,121,31199,2082.0
1964.0,117,29036,2081.0
1967.0,115,29188,2082.0
1969.0,94,36460,2063.0
1972.0,111,22462,2083.0
1985.0,1543,24288,3528.0
1988.0,1540,23056,3528.0
3538.0,44,19073,3582.0
3547.0,38,29425,3585.0
3548.0,8,31199,3556.0
3548.0,8,29036,3556.0
3548.0,36,29188,3584.0
3549.0,37,36460,3586.0
3549.0,37,22462,3586.0
3549.0,36,24288,3585.0
3550.0,88,23056,3638.0
4710.0,52,28931,4762.0
4710.0,59,35003,4769.0
4711.0,58,29126,4769.0
4716.0,47,25359,4763.0
4779.0,15,24570,4794.0
4780.0,15,29880,4795.0
4780.0,15,29447,4795.0
4781.0,12,28902,4793.0
4781.0,13,29085,4794.0
4798.0,14,24385,4812.0
4800.0,13,19902,4813.0
4800.0,13,30657,4813.0
4817.0,14,21266,4831.0
4844.0,8,14808,4852.0
4844.0,7,10979,4851.0
6287.0,0,83780,6287.0
789.0,18,22310,807.0
1120.0,16,24188,1136.0
1184.0,440,10113,1624.0
1553.0,80,30924,1633.0
1876.0,103,29425,1979.0
1881.0,1481,23737,3362.0
1884.0,1477,31199,3361.0
1887.0,93,29036,1980.0
1889.0,1471,27626,3360.0
1892.0,1471,36460,3363.0
1895.0,1471,22462,3366.0
1908.0,2296,24288,4204.0
1910.0,2270,23056,4180.0
4190.0,62,19073,4252.0
4198.0,53,29425,4251.0
4198.0,57,23737,4255.0
4198.0,56,31199,4254.0
4199.0,43,29036,4242.0
4199.0,114,27626,4313.0
4199.0,120,36460,4319.0
4200.0,115,22462,4315.0
4200.0,117,24288,4317.0
4200.0,113,23056,4313.0
5562.0,84,83780,5646.0
5695.0,78,28931,5773.0
5696.0,77,35003,5773.0
5696.0,75,29126,5771.0
5715.0,57,25359,5772.0
5741.0,33,24570,5774.0
5774.0,14,29880,5788.0
5775.0,13,29447,5788.0
5775.0,12,28902,5787.0
5775.0,13,29085,5788.0
5776.0,11,24385,5787.0
5795.0,14,19902,5809.0
5796.0,12,30657,5808.0
5812.0,10,21266,5822.0
5827.0,9,14808,5836.0
5836.0,8,10979,5844.0
620.0,13,22310,633.0
880.0,9,30924,889.0
984.0,35,24188,1019.0
997.0,124,10113,1121.0
1857.0,113,29425,1970.0
1864.0,165,31199,2029.0
1867.0,163,29036,2030.0
1870.0,158,27626,2028.0
1874.0,162,36460,2036.0
1877.0,162,22462,2039.0
1890.0,150,24288,2040.0
1892.0,149,23056,2041.0
3628.0,15,19073,3643.0
3637.0,32,29425,3669.0
3638.0,12,31199,3650.0
3638.0,31,29036,3669.0
3639.0,8,27626,3647.0
3639.0,48,36460,3687.0
3639.0,47,22462,3686.0
3640.0,46,24288,3686.0
3640.0,49,23056,3689.0
4823.0,19,28931,4842.0
4824.0,17,35003,4841.0
4824.0,19,29126,4843.0
4837.0,18,25359,4855.0
4849.0,17,24570,4866.0
4849.0,18,29880,4867.0
4849.0,17,29447,4866.0
4850.0,16,28902,4866.0
4863.0,7,29085,4870.0
4871.0,14,24385,4885.0
4872.0,14,19902,4886.0
4873.0,13,30657,4886.0
4889.0,4,21266,4893.0
4912.0,12,14808,4924.0
4912.0,10,10979,4922.0
6307.0,91,83780,6398.0
665.0,54,22310,719.0
871.0,101,24188,972.0
883.0,151,10113,1034.0
904.0,92,30924,996.0
2069.0,23,19073,2092.0
2120.0,115,29425,2235.0
2125.0,176,23737,2301.0
2127.0,183,31199,2310.0
2130.0,170,29036,2300.0
2132.0,172,27626,2304.0
2135.0,169,36460,2304.0
2137.0,164,22462,2301.0
2150.0,185,24288,2335.0
2153.0,182,23056,2335.0
4886.0,81,83780,4967.0
5005.0,113,28931,5118.0
5006.0,118,35003,5124.0
5006.0,111,29126,5117.0
5158.0,35,25359,5193.0
5159.0,34,24570,5193.0
5159.0,35,29880,5194.0
5160.0,33,29447,5193.0
5164.0,28,28902,5192.0
5195.0,13,29085,5208.0
5196.0,13,24385,5209.0
5196.0,12,19902,5208.0
5196.0,13,30657,5209.0
5221.0,5,21266,5226.0
5243.0,8,14808,5251.0
5243.0,8,10979,5251.0
733.0,9,22310,742.0
985.0,38,24724,1023.0
998.0,147,10113,1145.0
1095.0,60,83780,1155.0
2075.0,83,19073,2158.0
2206.0,58,29425,2264.0
2209.0,109,23737,2318.0
2211.0,111,31199,2322.0
2215.0,109,29036,2324.0
2217.0,104,29188,2321.0
2220.0,100,36460,2320.0
2222.0,109,22462,2331.0
2235.0,98,24288,2333.0
2238.0,94,23056,2332.0
5456.0,0,83780,5456.0
5520.0,115,28931,5635.0
5520.0,116,35003,5636.0
5520.0,118,29126,5638.0
5675.0,39,25359,5714.0
5675.0,37,24570,5712.0
5676.0,37,29880,5713.0
5676.0,35,29447,5711.0
5677.0,35,28902,5712.0
5756.0,16,29085,5772.0
5758.0,13,24385,5771.0
5759.0,13,19902,5772.0
5759.0,13,30657,5772.0
5786.0,15,21266,5801.0
5807.0,9,14808,5816.0
5808.0,10,10979,5818.0
670.0,31,22310,701.0
929.0,25,24724,954.0
1029.0,28,83780,1057.0
1077.0,30,10113,1107.0
2382.0,33,19073,2415.0
2435.0,82,29425,2517.0
2442.0,74,31199,2516.0
2445.0,68,29036,2513.0
2448.0,67,27626,2515.0
2451.0,63,36460,2514.0
2453.0,178,22462,2631.0
2466.0,167,24288,2633.0
2469.0,160,23056,2629.0
5883.0,0,83780,5883.0
5901.0,120,28931,6021.0
5902.0,116,35003,6018.0
5902.0,114,29126,6016.0
6033.0,29,25359,6062.0
6033.0,27,24570,6060.0
6034.0,29,29880,6063.0
6034.0,26,29447,6060.0
6035.0,27,28902,6062.0
6095.0,16,29085,6111.0
6096.0,15,24385,6111.0
6097.0,14,19902,6111.0
6097.0,14,30657,6111.0
6133.0,15,21266,6148.0
6151.0,22,14808,6173.0
6152.0,24,10979,6176.0
610.0,17,22310,627.0
795.0,16,24724,811.0
868.0,12,30924,880.0
939.0,91,10113,1030.0
2335.0,117,29425,2452.0
2339.0,116,23737,2455.0
2341.0,113,31199,2454.0
2344.0,105,29036,2449.0
2346.0,105,27626,2451.0
2349.0,126,36460,2475.0
2351.0,182,22462,2533.0
2363.0,169,24288,2532.0
2366.0,168,23056,2534.0
4591.0,80,19073,4671.0
4600.0,74,29425,4674.0
4600.0,72,23737,4672.0
4601.0,89,31199,4690.0
4601.0,89,29036,4690.0
4601.0,98,27626,4699.0
4602.0,799,36460,5401.0
4602.0,802,22462,5404.0
4602.0,801,24288,5403.0
4603.0,802,23056,5405.0
5643.0,10,28931,5653.0
5644.0,9,35003,5653.0
5644.0,45,29126,5689.0
5693.0,22,25359,5715.0
5694.0,18,24570,5712.0
5695.0,20,29880,5715.0
5696.0,15,29447,5711.0
5696.0,13,28902,5709.0
5747.0,14,29085,5761.0
5748.0,16,24385,5764.0
5749.0,12,19902,5761.0
5749.0,13,30657,5762.0
5795.0,6,21266,5801.0
5807.0,12,14808,5819.0
5817.0,3,10979,5820.0
7569.0,98,83780,7667.0
690.0,31,22310,721.0
939.0,36,24188,975.0
952.0,1235,10113,2187.0
1058.0,1128,30924,2186.0
2265.0,60,29425,2325.0
2273.0,182,31199,2455.0
2276.0,185,29036,2461.0
2278.0,179,29188,2457.0
2281.0,175,36460,2456.0
2283.0,210,22462,2493.0
2296.0,198,24288,2494.0
2298.0,196,23056,2494.0
4633.0,18,19073,4651.0
4642.0,160,29425,4802.0
4643.0,158,31199,4801.0
4644.0,151,29036,4795.0
4644.0,158,29188,4802.0
4644.0,942,36460,5586.0
4645.0,943,22462,5588.0
4645.0,941,24288,5586.0
4645.0,943,23056,5588.0
5785.0,114,28931,5899.0
5785.0,114,35003,5899.0
5785.0,112,29126,5897.0
5890.0,22,25359,5912.0
5918.0,18,24570,5936.0
5919.0,19,29880,5938.0
5920.0,19,29447,5939.0
5920.0,17,28902,5937.0
5920.0,18,29085,5938.0
5941.0,15,24385,5956.0
5942.0,13,19902,5955.0
5942.0,13,30657,5955.0
5959.0,11,21266,5970.0
5995.0,11,14808,6006.0
5995.0,11,10979,6006.0
7828.0,93,83780,7921.0
632.0,30,22310,662.0
870.0,41,24188,911.0
883.0,217,10113,1100.0
903.0,100,30924,1003.0
2461.0,31,19073,2492.0
2508.0,72,29425,2580.0
2514.0,235,27643,2749.0
2517.0,120,29036,2637.0
2520.0,119,29188,2639.0
2523.0,112,36460,2635.0
2526.0,235,22462,2761.0
2539.0,218,24288,2757.0
2542.0,210,23056,2752.0
6065.0,120,28931,6185.0
6066.0,124,35003,6190.0
6067.0,129,29126,6196.0
6072.0,117,25359,6189.0
6192.0,37,24570,6229.0
6193.0,38,29880,6231.0
6193.0,36,29447,6229.0
6193.0,37,28902,6230.0
6257.0,55,29085,6312.0
6258.0,52,24385,6310.0
6259.0,51,19902,6310.0
6259.0,52,30657,6311.0
6338.0,15,21266,6353.0
6357.0,11,14808,6368.0
6358.0,11,10979,6369.0
6404.0,19,83780,6423.0
880.0,20,22310,900.0
1163.0,52,30924,1215.0
1174.0,119,24188,1293.0
2243.0,112,29425,2355.0
2248.0,170,23737,2418.0
2250.0,167,27643,2417.0
2252.0,167,29036,2419.0
2254.0,161,27626,2415.0
2256.0,161,36460,2417.0
2258.0,167,22462,2425.0
2270.0,173,24288,2443.0
2272.0,152,23056,2424.0
4760.0,20,19073,4780.0
4769.0,21,29425,4790.0
4769.0,21,23737,4790.0
4770.0,10,27643,4780.0
4770.0,6,29036,4776.0
4770.0,6,27626,4776.0
4771.0,35,36460,4806.0
4771.0,37,22462,4808.0
4771.0,36,24288,4807.0
4772.0,36,23056,4808.0
6218.0,105,28931,6323.0
6218.0,112,35003,6330.0
6219.0,106,29126,6325.0
6308.0,69,25359,6377.0
6385.0,28,24570,6413.0
6385.0,27,29880,6412.0
6386.0,25,29447,6411.0
6387.0,24,28902,6411.0
6387.0,24,29085,6411.0
6413.0,11,24385,6424.0
6414.0,9,19902,6423.0
6414.0,10,30657,6424.0
6430.0,18,21266,6448.0
6469.0,7,14808,6476.0
6470.0,7,10979,6477.0
8386.0,74,83780,8460.0
626.0,12,22310,638.0
862.0,9,24724,871.0
925.0,19,83780,944.0
983.0,167,10113,1150.0
2362.0,129,19073,2491.0
2442.0,78,29425,2520.0
2445.0,78,23737,2523.0
2447.0,77,27643,2524.0
2450.0,74,29036,2524.0
2452.0,70,29188,2522.0
2454.0,67,36460,2521.0
2457.0,125,22462,2582.0
2468.0,118,24288,2586.0
2471.0,115,23056,2586.0
6459.0,118,28931,6577.0
6459.0,120,35003,6579.0
6460.0,118,29126,6578.0
6585.0,50,25359,6635.0
6586.0,11,24570,6597.0
6586.0,47,29880,6633.0
6587.0,46,29447,6633.0
6587.0,47,28902,6634.0
6629.0,14,29085,6643.0
6638.0,55,24385,6693.0
6639.0,56,19902,6695.0
6639.0,54,30657,6693.0
6700.0,15,21266,6715.0
6720.0,16,14808,6736.0
6737.0,8,10979,6745.0
6769.0,0,83780,6769.0
681.0,38,22310,719.0
1008.0,13,24188,1021.0
1116.0,609,10113,1725.0
1555.0,168,30924,1723.0
1663.0,177,29425,1840.0
1670.0,175,27643,1845.0
1673.0,185,29036,1858.0
1675.0,251,29188,1926.0
1678.0,245,36460,1923.0
1680.0,242,22462,1922.0
1692.0,232,24288,1924.0
1695.0,229,23056,1924.0
3727.0,89,19073,3816.0
3735.0,81,29425,3816.0
3736.0,62,27643,3798.0
3737.0,88,29036,3825.0
3737.0,87,29188,3824.0
3737.0,1194,36460,4931.0
3738.0,1192,22462,4930.0
3738.0,1192,24288,4930.0
3738.0,1192,23056,4930.0
5217.0,118,28931,5335.0
5220.0,124,35003,5344.0
5220.0,117,29126,5337.0
5367.0,30,25359,5397.0
5368.0,27,24570,5395.0
5369.0,38,29880,5407.0
5370.0,26,29447,5396.0
5371.0,27,28902,5398.0
5416.0,16,29085,5432.0
5416.0,16,24385,5432.0
5417.0,15,19902,5432.0
5417.0,15,30657,5432.0
5446.0,5,21266,5451.0
5457.0,13,14808,5470.0
5473.0,7,10979,5480.0
7059.0,33,83780,7092.0
615.0,12,22310,627.0
849.0,32,24724,881.0
862.0,140,10113,1002.0
2346.0,248,19073,2594.0
2611.0,81,29425,2692.0
2616.0,141,28988,2757.0
2620.0,131,29036,2751.0
2622.0,127,29188,2749.0
2625.0,127,36460,2752.0
2627.0,193,22462,2820.0
2650.0,168,24288,2818.0
2653.0,166,23056,2819.0
5994.0,104,28931,6098.0
5995.0,104,35003,6099.0
5995.0,98,29126,6093.0
6088.0,70,25359,6158.0
6089.0,75,24570,6164.0
6160.0,22,29880,6182.0
6161.0,21,29447,6182.0
6161.0,22,28902,6183.0
6162.0,20,29085,6182.0
6178.0,14,24385,6192.0
6186.0,6,19902,6192.0
6187.0,7,30657,6194.0
6253.0,5,21266,6258.0
6283.0,11,14808,6294.0
6284.0,10,10979,6294.0
6325.0,21,83780,6346.0
645.0,15,22310,660.0
861.0,27,24188,888.0
970.0,41,30924,1011.0
1017.0,114,10113,1131.0
2539.0,56,19073,2595.0
2643.0,49,29425,2692.0
2649.0,102,28988,2751.0
2652.0,100,29036,2752.0
2654.0,92,29188,2746.0
2657.0,90,36460,2747.0
2659.0,156,22462,2815.0
2671.0,143,24288,2814.0
2674.0,139,23056,2813.0
5996.0,116,28931,6112.0
5997.0,114,35003,6111.0
5997.0,117,29126,6114.0
5998.0,113,25359,6111.0
6126.0,18,24570,6144.0
6127.0,63,29880,6190.0
6128.0,18,29447,6146.0
6128.0,19,28902,6147.0
6129.0,15,29085,6144.0
6227.0,15,24385,6242.0
6228.0,16,19902,6244.0
6229.0,15,30657,6244.0
6248.0,15,21266,6263.0
6269.0,5,14808,6274.0
6281.0,5,10979,6286.0
694.0,31,22310,725.0
1040.0,47,24188,1087.0
1079.0,96,83780,1175.0
1938.0,108,29425,2046.0
1944.0,165,27643,2109.0
1946.0,161,29036,2107.0
1948.0,104,29188,2052.0
1950.0,155,36460,2105.0
1952.0,155,22462,2107.0
1965.0,145,24288,2110.0
1967.0,263,23056,2230.0
4480.0,172,19073,4652.0
4489.0,144,29425,4633.0
4490.0,140,27643,4630.0
4490.0,7,29036,4497.0
4490.0,139,29188,4629.0
4491.0,1388,36460,5879.0
4491.0,1386,22462,5877.0
4492.0,1386,24288,5878.0
4492.0,1384,23056,5876.0
6075.0,40,28931,6115.0
6076.0,41,35003,6117.0
6076.0,41,29126,6117.0
6232.0,62,25359,6294.0
6233.0,60,24570,6293.0
6234.0,61,29880,6295.0
6234.0,61,29447,6295.0
6235.0,60,28902,6295.0
6308.0,23,29085,6331.0
6309.0,23,24385,6332.0
6309.0,22,19902,6331.0
6310.0,23,30657,6333.0
6350.0,15,21266,6365.0
6374.0,5,14808,6379.0
6374.0,17,10979,6391.0
8288.0,0,83780,8288.0
894.0,21,22310,915.0
1122.0,9,24188,1131.0
1167.0,17,83780,1184.0
1262.0,77,10113,1339.0
2344.0,197,29425,2541.0
2350.0,190,27643,2540.0
2353.0,113,29036,2466.0
2355.0,184,29188,2539.0
2357.0,186,36460,2543.0
2360.0,185,22462,2545.0
2372.0,174,24288,2546.0
2374.0,171,23056,2545.0
4975.0,17,19073,4992.0
4983.0,7,29425,4990.0
4984.0,9,27643,4993.0
4984.0,37,29036,5021.0
4985.0,32,29188,5017.0
4985.0,38,36460,5023.0
4986.0,37,22462,5023.0
4986.0,37,24288,5023.0
4986.0,102,23056,5088.0
6727.0,190,28931,6917.0
6727.0,186,35003,6913.0
6728.0,188,29126,6916.0
6999.0,40,25359,7039.0
7000,40,24570,7040
7001.0,38,29880,7039.0
7001.0,38,29447,7039.0
7001.0,36,28902,7037.0
7041.0,21,29085,7062.0
7042.0,19,24385,7061.0
7042.0,21,19902,7063.0
7042.0,16,30657,7058.0
8695.0,54,21266,8749.0
8810.0,50,14808,8860.0
8810.0,46,10979,8856.0
9154.0,0,83780,9154.0
616.0,32,22310,648.0
826.0,35,24724,861.0
839.0,241,10113,1080.0
864.0,144,83780,1008.0
2565.0,29,19073,2594.0
2604.0,131,29425,2735.0
2607.0,128,23737,2735.0
2609.0,124,28988,2733.0
2613.0,119,29036,2732.0
2616.0,115,27626,2731.0
2619.0,114,36460,2733.0
2622.0,240,22462,2862.0
2635.0,224,24288,2859.0
2639.0,226,23056,2865.0
6516.0,116,28931,6632.0
6517.0,119,35003,6636.0
6518.0,115,29126,6633.0
6627.0,10,25359,6637.0
6628.0,11,24570,6639.0
6666.0,56,29880,6722.0
6667.0,56,29447,6723.0
6667.0,54,28902,6721.0
6667.0,55,29085,6722.0
6668.0,52,24385,6720.0
6731.0,15,19902,6746.0
6732.0,16,30657,6748.0
6751.0,13,21266,6764.0
6770.0,6,14808,6776.0
6785.0,6,10979,6791.0
6855.0,0,83780,6855.0
768.0,10,22310,778.0
1017.0,87,24724,1104.0
1117.0,1179,30332,2296.0
1123.0,119,10113,1242.0
2323.0,98,19073,2421.0
2427.0,124,29425,2551.0
2433.0,116,27643,2549.0
2436.0,117,29036,2553.0
2439.0,111,29188,2550.0
2442.0,106,36460,2548.0
2444.0,312,22462,2756.0
2457.0,300,24288,2757.0
2460.0,251,23056,2711.0
6856.0,133,28931,6989.0
6857.0,136,35003,6993.0
6858.0,124,29126,6982.0
7036.0,21,25359,7057.0
7037.0,22,24570,7059.0
7037.0,22,29880,7059.0
7038.0,50,29447,7088.0
7038.0,21,28902,7059.0
7082.0,43,29085,7125.0
7082.0,44,24385,7126.0
7083.0,45,19902,7128.0
7083.0,43,30657,7126.0
7157.0,18,21266,7175.0
7180.0,11,14808,7191.0
7181.0,11,10979,7192.0
7258.0,20,83780,7278.0
599.0,39,22310,638.0
843.0,44,24724,887.0
873.0,118,10113,991.0
987.0,82,30924,1069.0
2464.0,29,19073,2493.0
2505.0,76,29425,2581.0
2512.0,123,27643,2635.0
2516.0,122,29036,2638.0
2519.0,120,27626,2639.0
2521.0,115,36460,2636.0
2524.0,127,22462,2651.0
2537.0,176,24288,2713.0
2540.0,174,23056,2714.0
5924.0,116,28931,6040.0
5925.0,110,35003,6035.0
5925.0,117,29126,6042.0
5934.0,105,25359,6039.0
6048.0,64,24570,6112.0
6049.0,22,29880,6071.0
6050.0,22,29447,6072.0
6050.0,22,28902,6072.0
6050.0,64,29085,6114.0
6123.0,18,24385,6141.0
6123.0,9,19902,6132.0
6124.0,18,30657,6142.0
6148.0,14,21266,6162.0
6166.0,16,14808,6182.0
6166.0,14,10979,6180.0
6288.0,19,83780,6307.0
846.0,22,22310,868.0
1198.0,20,83780,1218.0
1223.0,18,24724,1241.0
1239.0,708,10113,1947.0
2171.0,37,19073,2208.0
2224.0,53,29425,2277.0
2228.0,68,23737,2296.0
2230.0,67,27643,2297.0
2233.0,64,29036,2297.0
2236.0,63,27626,2299.0
2239.0,59,36460,2298.0
2241.0,135,22462,2376.0
2254.0,121,24288,2375.0
2257.0,120,23056,2377.0
6443.0,110,28931,6553.0
6443.0,113,35003,6556.0
6444.0,110,29126,6554.0
6450.0,191,25359,6641.0
6637.0,50,24570,6687.0
6638.0,50,29880,6688.0
6638.0,49,29447,6687.0
6639.0,50,28902,6689.0
6685.0,5,29085,6690.0
6733.0,17,24385,6750.0
6734.0,15,19902,6749.0
6735.0,15,30657,6750.0
6755.0,12,21266,6767.0
6775.0,14,14808,6789.0
6791.0,9,10979,6800.0
6838.0,0,83780,6838.0
643.0,15,22310,658.0
884.0,4,24188,888.0
899.0,19,83780,918.0
1024.0,142,10113,1166.0
2505.0,196,29425,2701.0
2512.0,121,27643,2633.0
2515.0,116,29036,2631.0
2519.0,179,29188,2698.0
2522.0,110,36460,2632.0
2525.0,162,22462,2687.0
2538.0,161,24288,2699.0
2541.0,217,23056,2758.0
5138.0,51,19073,5189.0
5146.0,42,29425,5188.0
5147.0,43,27643,5190.0
5147.0,33,29036,5180.0
5147.0,16,29188,5163.0
5148.0,44,36460,5192.0
5148.0,113,22462,5261.0
5149.0,113,24288,5262.0
5149.0,113,23056,5262.0
6689.0,88,28931,6777.0
6690.0,86,35003,6776.0
6690.0,92,29126,6782.0
6810.0,37,25359,6847.0
6811.0,32,24570,6843.0
6812.0,33,29880,6845.0
6813.0,34,29447,6847.0
6814.0,38,28902,6852.0
6909.0,21,29085,6930.0
6910.0,20,24385,6930.0
6910.0,18,19902,6928.0
6911.0,21,30657,6932.0
8485.0,135,30924,8620.0
8506.0,120,21266,8626.0
8667.0,22,14808,8689.0
8668.0,58,10979,8726.0
749.0,16,22310,765.0
1019.0,108,24724,1127.0
1035.0,201,10113,1236.0
1161.0,10,30924,1171.0
1975.0,59,29425,2034.0
1981.0,173,27643,2154.0
1984.0,169,29036,2153.0
1986.0,165,29188,2151.0
1989.0,163,36460,2152.0
1991.0,265,22462,2256.0
2003.0,250,24288,2253.0
2005.0,254,23056,2259.0
4731.0,15,19073,4746.0
4738.0,131,29425,4869.0
4739.0,135,27643,4874.0
4740.0,129,29036,4869.0
4740.0,134,29188,4874.0
4740.0,1561,36460,6301.0
4741.0,1562,22462,6303.0
4741.0,1561,24288,6302.0
4741.0,1561,23056,6302.0
6476.0,165,28931,6641.0
6476.0,173,35003,6649.0
6477.0,173,29126,6650.0
6760.0,37,25359,6797.0
6761.0,37,24570,6798.0
6764.0,34,29880,6798.0
6764.0,35,29447,6799.0
6765.0,29,28902,6794.0
6796.0,12,29085,6808.0
6802.0,9,24385,6811.0
6802.0,9,19902,6811.0
6803.0,5,30657,6808.0
8462.0,0,30924,8462.0
8463.0,78,21266,8541.0
8727.0,46,14808,8773.0
8727.0,46,10979,8773.0
10233.0,249,18478,10482.0
10245.0,53,18478,10298.0
10246.0,307,12610,10553.0
10265.0,263,18478,10528.0
10339.0,223,18478,10562.0
10353.0,47,18478,10400.0
10475.0,87,18478,10562.0
696.0,41,22310,737.0
915.0,7,24724,922.0
975.0,117,83780,1092.0
1047.0,118,10113,1165.0
2387.0,43,19073,2430.0
2502.0,107,29425,2609.0
2507.0,103,27643,2610.0
2510.0,97,29036,2607.0
2512.0,97,29188,2609.0
2514.0,88,36460,2602.0
2517.0,112,22462,2629.0
2528.0,103,24288,2631.0
2530.0,103,23056,2633.0
6938.0,43,30924,6981.0
6994.0,73,28931,7067.0
6994.0,73,35003,7067.0
6995.0,73,29126,7068.0
7129.0,37,25359,7166.0
7130.0,35,24570,7165.0
7131.0,34,29880,7165.0
7132.0,35,29447,7167.0
7133.0,33,28902,7166.0
7212.0,21,29085,7233.0
7212.0,18,24385,7230.0
7213.0,19,19902,7232.0
7213.0,18,30657,7231.0
7249.0,4,21266,7253.0
7277.0,11,14808,7288.0
7278.0,10,10979,7288.0
653.0,23,22310,676.0
903.0,21,83780,924.0
997.0,31,24188,1028.0
1015.0,133,10113,1148.0
2265.0,82,19073,2347.0
2362.0,110,29425,2472.0
2366.0,112,23737,2478.0
2368.0,113,27643,2481.0
2372.0,107,29036,2479.0
2375.0,100,27626,2475.0
2377.0,93,36460,2470.0
2380.0,168,22462,2548.0
2394.0,154,24288,2548.0
2396.0,153,23056,2549.0
7115.0,14,30924,7129.0
7144.0,113,28931,7257.0
7144.0,115,35003,7259.0
7145.0,110,29126,7255.0
7328.0,38,25359,7366.0
7329.0,38,24570,7367.0
7330.0,38,29880,7368.0
7330.0,36,29447,7366.0
7331.0,37,28902,7368.0
7405.0,20,29085,7425.0
7406.0,19,24385,7425.0
7407.0,16,19902,7423.0
7408.0,16,30657,7424.0
7441.0,18,21266,7459.0
7469.0,10,14808,7479.0
7469.0,10,10979,7479.0
701.0,29,22310,730.0
943.0,13,30924,956.0
1504.0,112,24724,1616.0
1516.0,184,10113,1700.0
2146.0,97,19073,2243.0
2167.0,82,29425,2249.0
2174.0,79,27643,2253.0
2177.0,77,29036,2254.0
2179.0,1433,27626,3612.0
2182.0,1434,36460,3616.0
2185.0,1432,22462,3617.0
2197.0,1342,24288,3539.0
2200.0,1413,23056,3613.0
3717.0,2265,28931,5982.0
3717.0,2262,35003,5979.0
3718.0,2263,29126,5981.0
3778.0,2205,25359,5983.0
6132.0,983,24570,7115.0
6133.0,986,29880,7119.0
6133.0,987,29447,7120.0
6134.0,985,28902,7119.0
6134.0,985,29085,7119.0
7147.0,32,24385,7179.0
7147.0,92,19902,7239.0
7148.0,93,30657,7241.0
7290.0,14,21266,7304.0
7313.0,14,14808,7327.0
7314.0,12,10979,7326.0
7474.0,0,30924,7474.0
761.0,15,22310,776.0
1042.0,25,24724,1067.0
1063.0,859,10113,1922.0
1188.0,731,83780,1919.0
1975.0,62,29425,2037.0
1983.0,165,27643,2148.0
1986.0,163,29036,2149.0
1989.0,158,27626,2147.0
1992.0,151,36460,2143.0
1994.0,183,22462,2177.0
2007.0,169,24288,2176.0
2010.0,169,23056,2179.0
4660.0,60,19073,4720.0
4669.0,52,29425,4721.0
4670.0,8,27643,4678.0
4671.0,49,29036,4720.0
4671.0,45,27626,4716.0
4671.0,119,36460,4790.0
4672.0,119,22462,4791.0
4672.0,118,24288,4790.0
4672.0,119,23056,4791.0
6441.0,44,28931,6485.0
6442.0,48,35003,6490.0
6442.0,47,29126,6489.0
6658.0,90,25359,6748.0
6659.0,41,24570,6700.0
6659.0,43,29880,6702.0
6660.0,42,29447,6702.0
6660.0,40,28902,6700.0
6761.0,15,29085,6776.0
6762.0,15,24385,6777.0
6762.0,16,19902,6778.0
6763.0,15,30657,6778.0
8234.0,30,30924,8264.0
8254.0,57,21266,8311.0
8428.0,42,14808,8470.0
8428.0,40,10979,8468.0
706.0,47,22310,753.0
875.0,27,24188,902.0
888.0,158,10113,1046.0
1008.0,177,30924,1185.0
2681.0,86,19073,2767.0
2699.0,205,29425,2904.0
2702.0,208,23737,2910.0
2705.0,206,27643,2911.0
2708.0,197,29036,2905.0
2711.0,204,27626,2915.0
2714.0,194,36460,2908.0
2716.0,260,22462,2976.0
2730.0,248,24288,2978.0
2732.0,246,23056,2978.0
6893.0,120,28931,7013.0
6893.0,125,35003,7018.0
6893.0,124,29126,7017.0
6997.0,96,25359,7093.0
6998.0,96,24570,7094.0
7048.0,47,29880,7095.0
7048.0,46,29447,7094.0
7049.0,45,28902,7094.0
7102.0,17,29085,7119.0
7103.0,17,24385,7120.0
7103.0,15,19902,7118.0
7103.0,16,30657,7119.0
7139.0,18,21266,7157.0
7163.0,13,14808,7176.0
7164.0,12,10979,7176.0
8718.0,0,30924,8718.0
708.0,52,22310,760.0
953.0,101,24724,1054.0
968.0,1468,10113,2436.0
1055.0,57,30924,1112.0
2501.0,132,29425,2633.0
2508.0,194,28988,2702.0
2511.0,186,29036,2697.0
2513.0,187,27626,2700.0
2516.0,175,36460,2691.0
2519.0,185,22462,2704.0
2532.0,194,24288,2726.0
2535.0,190,23056,2725.0
5372.0,95,19073,5467.0
5381.0,106,29425,5487.0
5382.0,88,28988,5470.0
5382.0,79,29036,5461.0
5382.0,89,27626,5471.0
5383.0,1167,36460,6550.0
5383.0,1166,22462,6549.0
5383.0,1168,24288,6551.0
5384.0,1167,23056,6551.0
6734.0,71,28931,6805.0
6734.0,69,35003,6803.0
6734.0,68,29126,6802.0
6789.0,16,25359,6805.0
6790.0,15,24570,6805.0
6875.0,18,29880,6893.0
6875.0,17,29447,6892.0
6876.0,18,28902,6894.0
6876.0,15,29085,6891.0
6876.0,17,24385,6893.0
6910.0,20,19902,6930.0
6911.0,20,30657,6931.0
6936.0,7,21266,6943.0
6957.0,20,14808,6977.0
6977.0,7,10979,6984.0
9172.0,0,30924,9172.0
638.0,16,22310,654.0
835.0,46,24724,881.0
849.0,132,10113,981.0
873.0,36,30924,909.0
2942.0,132,29425,3074.0
2947.0,126,23737,3073.0
2949.0,126,27643,3075.0
2954.0,111,29036,3065.0
2957.0,113,29188,3070.0
2960.0,117,36460,3077.0
2962.0,135,22462,3097.0
2975.0,125,24288,3100.0
2978.0,117,23056,3095.0
5841.0,199,19073,6040.0
5849.0,190,29425,6039.0
5850.0,191,23737,6041.0
5850.0,193,27643,6043.0
5851.0,161,29036,6012.0
5851.0,168,29188,6019.0
5851.0,1294,36460,7145.0
5852.0,1292,22462,7144.0
5852.0,1291,24288,7143.0
5852.0,1291,23056,7143.0
7326.0,81,28931,7407.0
7326.0,80,35003,7406.0
7327.0,80,29126,7407.0
7476.0,31,25359,7507.0
7477.0,31,24570,7508.0
7477.0,36,29880,7513.0
7479.0,30,29447,7509.0
7479.0,35,28902,7514.0
7525.0,18,29085,7543.0
7526.0,18,24385,7544.0
7527.0,17,19902,7544.0
7527.0,15,30657,7542.0
7562.0,6,21266,7568.0
7591.0,13,14808,7604.0
7592.0,12,10979,7604.0
9872.0,0,30924,9872.0
806.0,10,22310,816.0
1060.0,41,24724,1101.0
1074.0,1046,10113,2120.0
1181.0,975,30924,2156.0
2175.0,356,29425,2531.0
2182.0,430,27643,2612.0
2184.0,427,29036,2611.0
2188.0,425,29188,2613.0
2190.0,424,36460,2614.0
2193.0,424,22462,2617.0
2204.0,421,24288,2625.0
2206.0,418,23056,2624.0
4198.0,67,29425,4265.0
4198.0,27,27643,4225.0
4199.0,26,29036,4225.0
4199.0,21,29188,4220.0
4200.0,28,36460,4228.0
4200.0,71,22462,4271.0
4200.0,71,24288,4271.0
4201.0,70,23056,4271.0
4204.0,66,19073,4270.0
7478.0,117,28931,7595.0
7479.0,115,35003,7594.0
7480.0,113,29126,7593.0
7567.0,30,25359,7597.0
7601.0,31,24570,7632.0
7602.0,28,29880,7630.0
7603.0,29,29447,7632.0
7604.0,27,28902,7631.0
7605.0,26,29085,7631.0
7633.0,12,24385,7645.0
7634.0,13,19902,7647.0
7635.0,14,30657,7649.0
7656.0,26,21266,7682.0
7715.0,19,14808,7734.0
7716.0,19,10979,7735.0
10003.0,0,30924,10003.0
630.0,16,22310,646.0
883.0,14,30924,897.0
1038.0,22,24724,1060.0
1864.0,87,10113,1951.0
2290.0,132,29425,2422.0
2293.0,131,23737,2424.0
2295.0,128,28988,2423.0
2298.0,127,29036,2425.0
2300.0,121,29188,2421.0
2302.0,129,36460,2431.0
2305.0,129,22462,2434.0
2317.0,118,24288,2435.0
2319.0,111,23056,2430.0
3563.0,36,29425,3599.0
3564.0,101,23737,3665.0
3564.0,99,28988,3663.0
3564.0,36,29036,3600.0
3565.0,30,29188,3595.0
3565.0,101,36460,3666.0
3565.0,105,22462,3670.0
3566.0,106,24288,3672.0
3566.0,169,23056,3735.0
7790.0,132,28931,7922.0
7790.0,128,35003,7918.0
7791.0,129,29126,7920.0
7911.0,21,25359,7932.0
7912.0,18,24570,7930.0
7974.0,33,29880,8007.0
7975.0,77,29447,8052.0
7975.0,37,28902,8012.0
7975.0,35,29085,8010.0
7976.0,33,24385,8009.0
8052.0,28,19902,8080.0
8053.0,25,30657,8078.0
8063.0,0,30924,8063.0
8102.0,12,21266,8114.0
8148.0,9,14808,8157.0
8149.0,8,10979,8157.0
710.0,34,22310,744.0
963.0,9,24724,972.0
1020.0,12,30924,1032.0
1102.0,88,10113,1190.0
2133.0,169,29425,2302.0
2141.0,313,28988,2454.0
2144.0,216,29036,2360.0
2147.0,304,29188,2451.0
2149.0,306,26820,2455.0
2152.0,333,22462,2485.0
2164.0,322,24288,2486.0
2167.0,319,23056,2486.0
5109.0,16,19073,5125.0
5118.0,10,29425,5128.0
5119.0,176,28988,5295.0
5119.0,174,29036,5293.0
5120.0,175,29188,5295.0
5120.0,1609,26820,6729.0
5120.0,1606,22462,6726.0
5121.0,1607,24288,6728.0
5121.0,1607,23056,6728.0
6886.0,182,28931,7068.0
6886.0,181,35003,7067.0
6887.0,181,29126,7068.0
7117.0,36,25359,7153.0
7118.0,34,24570,7152.0
7118.0,35,29880,7153.0
7119.0,35,29447,7154.0
7119.0,34,28902,7153.0
7156.0,14,29085,7170.0
7157.0,12,24385,7169.0
7158.0,11,19902,7169.0
7158.0,25,30657,7183.0
7197.0,14,21266,7211.0
7224.0,2059,14808,9283.0
7225.0,2054,10979,9279.0
9271.0,0,30924,9271.0
638.0,18,22310,656.0
916.0,158,30603,1074.0
957.0,32,24188,989.0
1105.0,52,10113,1157.0
2558.0,117,29425,2675.0
2564.0,106,23737,2670.0
2566.0,106,27643,2672.0
2569.0,105,29036,2674.0
2572.0,100,27626,2672.0
2575.0,107,36460,2682.0
2578.0,113,22462,2691.0
2591.0,91,24288,2682.0
2593.0,91,23056,2684.0
5542.0,16,19073,5558.0
5551.0,9,29425,5560.0
5551.0,18,23737,5569.0
5551.0,20,27643,5571.0
5552.0,9,29036,5561.0
5552.0,19,27626,5571.0
5552.0,16,36460,5568.0
5553.0,38,22462,5591.0
5553.0,37,24288,5590.0
5553.0,38,23056,5591.0
6990.0,81,28931,7071.0
6990.0,80,35003,7070.0
6991.0,78,29126,7069.0
7147.0,29,25359,7176.0
7148.0,30,24570,7178.0
7148.0,34,29880,7182.0
7149.0,28,29447,7177.0
7149.0,30,28902,7179.0
7192.0,22,29085,7214.0
7193.0,21,24385,7214.0
7193.0,20,19902,7213.0
7193.0,19,30657,7212.0
7233.0,14,21266,7247.0
7264.0,13,14808,7277.0
7265.0,12,10979,7277.0
9396.0,90,20821,9486.0
864.0,22,22310,886.0
1119.0,5,24724,1124.0
1136.0,951,10113,2087.0
1252.0,2928,23439,4180.0
2127.0,59,29425,2186.0
2135.0,379,27643,2514.0
2138.0,377,29036,2515.0
2140.0,98,27626,2238.0
2142.0,96,36460,2238.0
2145.0,454,22462,2599.0
2159.0,439,24288,2598.0
2161.0,438,23056,2599.0
4165.0,90,29425,4255.0
4165.0,95,27643,4260.0
4166.0,34,29036,4200.0
4166.0,93,27626,4259.0
4167.0,153,36460,4320.0
4167.0,240,22462,4407.0
4167.0,242,24288,4409.0
4168.0,251,23056,4419.0
8679.0,93,28931,8772.0
8679.0,91,35003,8770.0
8680.0,90,29126,8770.0
8681.0,91,25359,8772.0
8798.0,25,24570,8823.0
8799.0,23,29880,8822.0
8800.0,23,29447,8823.0
8801.0,24,28902,8825.0
8801.0,23,29085,8824.0
8825.0,20,24385,8845.0
8826.0,19,19902,8845.0
8826.0,20,30657,8846.0
8850.0,5,21266,8855.0
8887.0,5,14808,8892.0
8887.0,13,10979,8900.0
10697.0,116,23914,10813.0
624.0,54,22310,678.0
891.0,39,24188,930.0
907.0,159,10113,1066.0
931.0,139,36140,1070.0
3203.0,142,29425,3345.0
3208.0,51,28988,3259.0
3211.0,50,29036,3261.0
3214.0,55,29188,3269.0
3217.0,42,36460,3259.0
3219.0,189,22462,3408.0
3233.0,96,24288,3329.0
3235.0,110,23056,3345.0
7963.0,115,25660,8078.0
8010.0,134,28931,8144.0
8010.0,75,35003,8085.0
8011.0,77,29126,8088.0
8067.0,78,25359,8145.0
8156.0,57,24570,8213.0
8157.0,23,29880,8180.0
8157.0,22,29447,8179.0
8158.0,54,28902,8212.0
8158.0,22,29085,8180.0
8223.0,20,24385,8243.0
8224.0,20,19902,8244.0
8224.0,19,30657,8243.0
8250.0,13,21266,8263.0
8289.0,12,14808,8301.0
8289.0,12,10979,8301.0
814.0,14,22310,828.0
1072.0,20,24724,1092.0
1189.0,837,32858,2026.0
1203.0,827,10113,2030.0
2346.0,117,29425,2463.0
2352.0,113,28988,2465.0
2355.0,111,29036,2466.0
2357.0,113,27626,2470.0
2360.0,166,36460,2526.0
2362.0,165,22462,2527.0
2374.0,151,24288,2525.0
2376.0,147,23056,2523.0
5247.0,95,19073,5342.0
5255.0,109,29425,5364.0
5256.0,85,28988,5341.0
5256.0,8,29036,5264.0
5257.0,103,27626,5360.0
5257.0,1821,36460,7078.0
5257.0,186,22462,5443.0
5258.0,1821,24288,7079.0
5258.0,185,23056,5443.0
7282.0,118,28931,7400.0
7282.0,118,35003,7400.0
7282.0,126,29126,7408.0
7452.0,63,25359,7515.0
7453.0,61,24570,7514.0
7453.0,61,29880,7514.0
7454.0,59,29447,7513.0
7454.0,58,28902,7512.0
7528.0,21,29085,7549.0
7529.0,22,24385,7551.0
7529.0,24,19902,7553.0
7530.0,22,30657,7552.0
7584.0,4,21266,7588.0
641.0,46,22310,687.0
825.0,108,24188,933.0
849.0,126,10113,975.0
970.0,154,36140,1124.0
2951.0,25,19073,2976.0
2998.0,2825,29425,5823.0
3001.0,2822,23737,5823.0
3003.0,2821,28988,5824.0
3006.0,2814,29036,5820.0
3009.0,2812,27626,5821.0
3012.0,2807,36460,5819.0
3014.0,2956,22462,5970.0
3027.0,2943,24288,5970.0
3029.0,2940,23056,5969.0
6935.0,89,28931,7024.0
6936.0,88,35003,7024.0
6936.0,88,29126,7024.0
7002.0,24,25359,7026.0
7003.0,26,24570,7029.0
7051.0,23,29880,7074.0
7052.0,21,29447,7073.0
7053.0,20,28902,7073.0
7053.0,18,29085,7071.0
7054.0,18,24385,7072.0
7075.0,28,19902,7103.0
7076.0,27,30657,7103.0
7112.0,18,21266,7130.0
7134.0,16,14808,7150.0
7134.0,16,10979,7150.0
7439.0,2023,20279,9462.0
720.0,40,22310,760.0
975.0,54,24188,1029.0
1123.0,1360,20279,2483.0
1124.0,1349,10113,2473.0
2535.0,58,29425,2593.0
2540.0,167,23737,2707.0
2543.0,170,28988,2713.0
2546.0,161,29036,2707.0
2548.0,163,27626,2711.0
2551.0,158,36460,2709.0
2553.0,271,22462,2824.0
2566.0,257,24288,2823.0
2569.0,253,23056,2822.0
5754.0,175,19073,5929.0
5763.0,161,29425,5924.0
5763.0,172,23737,5935.0
5763.0,186,28988,5949.0
5764.0,164,29036,5928.0
5764.0,165,27626,5929.0
5764.0,1379,36460,7143.0
5765.0,1380,22462,7145.0
5765.0,1380,24288,7145.0
5766.0,1377,23056,7143.0
7346.0,112,28931,7458.0
7347.0,110,35003,7457.0
7347.0,111,29126,7458.0
7546.0,31,25359,7577.0
7547.0,35,24570,7582.0
7548.0,34,29880,7582.0
7548.0,30,29447,7578.0
7548.0,29,28902,7577.0
7593.0,22,29085,7615.0
7594.0,20,24385,7614.0
7594.0,19,19902,7613.0
7595.0,20,30657,7615.0
7638.0,18,21266,7656.0
7662.0,2272,14808,9934.0
7662.0,2194,10979,9856.0
9851.0,136,28800,9987.0
551.0,92,22310,643.0
795.0,39,24188,834.0
808.0,244,10113,1052.0
914.0,159,30950,1073.0
2915.0,101,19073,3016.0
2968.0,87,29425,3055.0
2972.0,82,23737,3054.0
2974.0,76,27643,3050.0
2977.0,75,29036,3052.0
2979.0,72,29188,3051.0
2982.0,72,36460,3054.0
2984.0,130,22462,3114.0
2996.0,193,24288,3189.0
2999.0,190,23056,3189.0
7105.0,114,28931,7219.0
7106.0,109,35003,7215.0
7107.0,110,29126,7217.0
7204.0,14,25359,7218.0
7240.0,17,24570,7257.0
7241.0,65,29880,7306.0
7242.0,65,29447,7307.0
7242.0,63,28902,7305.0
7243.0,62,29085,7305.0
7321.0,20,24385,7341.0
7322.0,20,19902,7342.0
7322.0,18,30657,7340.0
7346.0,6,21266,7352.0
7372.0,16,14808,7388.0
7373.0,17,10979,7390.0
9105.0,67,32858,9172.0
829.0,8,22310,837.0
1156.0,552,24724,1708.0
1709.0,103,23439,1812.0
1716.0,99,10113,1815.0
2038.0,76,29425,2114.0
2045.0,88,28988,2133.0
2049.0,137,29036,2186.0
2051.0,136,27626,2187.0
2054.0,78,36460,2132.0
2057.0,131,22462,2188.0
2071.0,119,24288,2190.0
2073.0,125,23056,2198.0
4939.0,28,19073,4967.0
4947.0,18,29425,4965.0
4948.0,21,28988,4969.0
4948.0,38,29036,4986.0
4949.0,20,27626,4969.0
4949.0,113,36460,5062.0
4950.0,112,22462,5062.0
4950.0,112,24288,5062.0
4950.0,113,23056,5063.0
7279.0,97,28931,7376.0
7280.0,98,35003,7378.0
7280.0,95,29126,7375.0
7526.0,29,25359,7555.0
7527.0,27,24570,7554.0
7527.0,28,29880,7555.0
7528.0,26,29447,7554.0
7528.0,22,28902,7550.0
7565.0,28,29085,7593.0
7566.0,12,24385,7578.0
7567.0,13,19902,7580.0
7567.0,12,30657,7579.0
7603.0,16,21266,7619.0
9632.0,114,30950,9746.0
9738.0,66,14808,9804.0
9739.0,65,10979,9804.0
659.0,50,22310,709.0
840.0,52,24188,892.0
855.0,241,10113,1096.0
974.0,124,25660,1098.0
3002.0,33,19073,3035.0
3101.0,50,29425,3151.0
3107.0,101,27643,3208.0
3110.0,102,29036,3212.0
3112.0,106,29188,3218.0
3115.0,172,35060,3287.0
3117.0,171,22462,3288.0
3130.0,161,24288,3291.0
3132.0,160,23056,3292.0
7568.0,118,28931,7686.0
7569.0,120,35003,7689.0
7569.0,120,29126,7689.0
7572.0,116,25359,7688.0
7679.0,13,24570,7692.0
7714.0,61,29880,7775.0
7715.0,61,29447,7776.0
7715.0,58,28902,7773.0
7716.0,59,29085,7775.0
7716.0,61,24385,7777.0
7786.0,19,19902,7805.0
7787.0,20,30657,7807.0
7810.0,20,21266,7830.0
7839.0,16,14808,7855.0
7840.0,5,10979,7845.0
7874.0,74,22425,7948.0
831.0,27,22310,858.0
1101.0,19,24724,1120.0
1115.0,835,10113,1950.0
1147.0,108,23439,1255.0
1985.0,104,29425,2089.0
1991.0,390,23737,2381.0
1994.0,388,27643,2382.0
1996.0,386,29036,2382.0
1998.0,385,27626,2383.0
2001.0,378,36460,2379.0
2004.0,440,22462,2444.0
2015.0,439,24288,2454.0
2017.0,437,23056,2454.0
4403.0,64,29425,4467.0
4404.0,70,23737,4474.0
4404.0,41,27643,4445.0
4404.0,65,29036,4469.0
4405.0,39,27626,4444.0
4407.0,37,36460,4444.0
4408.0,69,22462,4477.0
4408.0,69,24288,4477.0
4408.0,70,23056,4478.0
4412.0,123,19073,4535.0
9456.0,116,22425,9572.0
9482.0,92,28931,9574.0
9482.0,92,35003,9574.0
9483.0,92,29126,9575.0
9539.0,35,25359,9574.0
9564.0,29,24570,9593.0
9586.0,24,29880,9610.0
9586.0,23,29447,9609.0
9587.0,8,28902,9595.0
9587.0,21,29085,9608.0
9604.0,17,24385,9621.0
9604.0,6,19902,9610.0
9615.0,17,30657,9632.0
9642.0,7,21266,9649.0
9668.0,86,14808,9754.0
9669.0,86,10979,9755.0
713.0,43,22310,756.0
911.0,49,24188,960.0
1062.0,1617,36140,2679.0
2734.0,59,29425,2793.0
2741.0,2990,27643,5731.0
2744.0,2973,29036,5717.0
2747.0,2975,29188,5722.0
2749.0,2976,36460,5725.0
2752.0,2989,22462,5741.0
2765.0,2978,24288,5743.0
2768.0,3001,23056,5769.0
5753.0,18,19073,5771.0
5760.0,175,29425,5935.0
5761.0,165,27643,5926.0
5761.0,169,29036,5930.0
5762.0,161,29188,5923.0
5765.0,817,36460,6582.0
5766.0,817,22462,6583.0
5766.0,800,24288,6566.0
5766.0,816,23056,6582.0
6784.0,29,28931,6813.0
6785.0,29,35003,6814.0
6785.0,29,29126,6814.0
6819.0,29,25359,6848.0
6821.0,28,24570,6849.0
6821.0,29,29880,6850.0
6822.0,26,29447,6848.0
6822.0,27,28902,6849.0
6851.0,21,29085,6872.0
6851.0,22,24385,6873.0
6852.0,19,19902,6871.0
6852.0,20,30657,6872.0
6881.0,17,21266,6898.0
6922.0,12,14808,6934.0
6923.0,11,10979,6934.0
9600.0,62,25660,9662.0
596.0,79,22310,675.0
854.0,99,24188,953.0
980.0,82,23914,1062.0
986.0,74,10113,1060.0
3110.0,47,19073,3157.0
3227.0,60,29425,3287.0
3234.0,107,27643,3341.0
3237.0,110,29036,3347.0
3239.0,107,27626,3346.0
3243.0,101,26820,3344.0
3245.0,112,22462,3357.0
3259.0,103,24288,3362.0
3261.0,102,23056,3363.0
8133.0,21,23439,8154.0
8207.0,137,28931,8344.0
8208.0,133,35003,8341.0
8208.0,130,29126,8338.0
8371.0,61,25359,8432.0
8372.0,94,24570,8466.0
8374.0,94,29880,8468.0
8374.0,92,29447,8466.0
8375.0,93,28902,8468.0
8470.0,26,29085,8496.0
8471.0,28,24385,8499.0
8472.0,26,19902,8498.0
8472.0,24,30657,8496.0
8525.0,18,21266,8543.0
8546.0,16,14808,8562.0
8546.0,15,10979,8561.0
10682.0,215,14479,10897.0
658.0,36,22310,694.0
842.0,39,24188,881.0
856.0,141,10113,997.0
998.0,5154,30332,6152.0
3126.0,62,29425,3188.0
3133.0,3095,28988,6228.0
3136.0,3093,29036,6229.0
3138.0,3092,27626,6230.0
3141.0,3088,36460,6229.0
3144.0,3164,22462,6308.0
3159.0,3150,24288,6309.0
3161.0,3225,23056,6386.0
6371.0,65,19073,6436.0
6381.0,57,29425,6438.0
6381.0,48,28988,6429.0
6382.0,50,29036,6432.0
6382.0,49,27626,6431.0
6382.0,139,36460,6521.0
6383.0,140,22462,6523.0
6383.0,141,24288,6524.0
6384.0,140,23056,6524.0
8742.0,69,30950,8811.0
8948.0,74,28931,9022.0
8949.0,71,35003,9020.0
8949.0,73,29126,9022.0
8993.0,28,25359,9021.0
9016.0,8,24570,9024.0
9051.0,23,29880,9074.0
9052.0,20,29447,9072.0
9053.0,20,28902,9073.0
9053.0,18,29085,9071.0
9054.0,19,24385,9073.0
9074.0,18,19902,9092.0
9075.0,16,30657,9091.0
9097.0,7,21266,9104.0
9116.0,20,14808,9136.0
9138.0,12,10979,9150.0
735.0,28,22310,763.0
882.0,12,24188,894.0
975.0,194,10113,1169.0
990.0,126,30603,1116.0
2946.0,88,19073,3034.0
2984.0,195,29425,3179.0
2988.0,197,23737,3185.0
2990.0,197,27643,3187.0
2992.0,188,29036,3180.0
2995.0,186,27626,3181.0
2998.0,186,36460,3184.0
3000,227,22462,3227
3013.0,210,24288,3223.0
3016.0,206,23056,3222.0
7968.0,114,28931,8082.0
7968.0,121,35003,8089.0
7969.0,118,29126,8087.0
7970.0,115,25359,8085.0
8114.0,65,24570,8179.0
8115.0,65,29880,8180.0
8115.0,62,29447,8177.0
8116.0,64,28902,8180.0
8116.0,62,29085,8178.0
8192.0,21,24385,8213.0
8193.0,20,19902,8213.0
8193.0,21,30657,8214.0
8216.0,15,21266,8231.0
8255.0,14,14808,8269.0
8255.0,13,10979,8268.0
10042.0,20,22425,10062.0
657.0,14,22310,671.0
911.0,42,24188,953.0
1034.0,2063,20273,3097.0
3112.0,23,19073,3135.0
3233.0,62,29425,3295.0
3237.0,119,23737,3356.0
3239.0,121,28988,3360.0
3242.0,117,29036,3359.0
3245.0,113,27626,3358.0
3248.0,115,36460,3363.0
3250.0,115,22462,3365.0
3263.0,112,24288,3375.0
3266.0,112,23056,3378.0
8248.0,20,30950,8268.0
8314.0,63,28931,8377.0
8314.0,117,35003,8431.0
8315.0,119,29126,8434.0
8449.0,65,25359,8514.0
8450.0,63,24570,8513.0
8450.0,64,29880,8514.0
8451.0,65,29447,8516.0
8451.0,63,28902,8514.0
8526.0,25,29085,8551.0
8527.0,24,24385,8551.0
8527.0,25,19902,8552.0
8530.0,20,30657,8550.0
8577.0,5,21266,8582.0
8601.0,23,14808,8624.0
8627.0,13,10979,8640.0
736.0,35,22310,771.0
956.0,19,24188,975.0
976.0,192,10113,1168.0
1107.0,60,30950,1167.0
2714.0,380,29425,3094.0
2719.0,395,23737,3114.0
2722.0,388,28988,3110.0
2724.0,395,29036,3119.0
2726.0,386,27626,3112.0
2729.0,379,36460,3108.0
2733.0,452,22462,3185.0
2747.0,436,24288,3183.0
2750.0,435,23056,3185.0
4420.0,42,29425,4462.0
4420.0,62,23737,4482.0
4421.0,40,28988,4461.0
4421.0,46,29036,4467.0
4421.0,37,27626,4458.0
4422.0,63,36460,4485.0
4422.0,89,22462,4511.0
4423.0,90,24288,4513.0
4423.0,90,23056,4513.0
4427.0,85,19073,4512.0
9543.0,57,32858,9600.0
9603.0,127,28931,9730.0
9604.0,120,35003,9724.0
9604.0,125,29126,9729.0
9708.0,46,25359,9754.0
9709.0,44,24570,9753.0
9746.0,11,29880,9757.0
9746.0,10,29447,9756.0
9747.0,11,28902,9758.0
9784.0,24,29085,9808.0
9785.0,21,24385,9806.0
9786.0,22,19902,9808.0
9786.0,21,30657,9807.0
9829.0,4,21266,9833.0
9860.0,13,14808,9873.0
9860.0,13,10979,9873.0
642.0,17,22310,659.0
846.0,47,24188,893.0
863.0,190,10113,1053.0
994.0,95,36140,1089.0
3294.0,120,29425,3414.0
3301.0,125,27643,3426.0
3303.0,120,29036,3423.0
3306.0,115,29188,3421.0
3309.0,117,36460,3426.0
3312.0,174,22462,3486.0
3390.0,39,24288,3429.0
3393.0,96,23056,3489.0
6807.0,57,19073,6864.0
6816.0,8,29425,6824.0
6817.0,43,27643,6860.0
6818.0,64,29036,6882.0
6818.0,44,29188,6862.0
6818.0,153,36460,6971.0
6819.0,1168,22462,7987.0
6819.0,153,24288,6972.0
6819.0,1166,23056,7985.0
8219.0,71,28931,8290.0
8219.0,70,35003,8289.0
8220.0,71,29126,8291.0
8532.0,1541,25359,10073.0
8533.0,1541,24570,10074.0
8534.0,1550,29880,10084.0
8534.0,1549,29447,10083.0
8534.0,1548,28902,10082.0
10064.0,18,23439,10082.0
10075.0,10,29085,10085.0
10076.0,10,24385,10086.0
10199.0,47,19902,10246.0
10199.0,45,30657,10244.0
10284.0,22,21266,10306.0
10310.0,16,14808,10326.0
10310.0,16,10979,10326.0
809.0,39,22310,848.0
1063.0,129,24188,1192.0
1100.0,90,23439,1190.0
1233.0,67,10113,1300.0
2698.0,65,29425,2763.0
2707.0,181,27643,2888.0
2711.0,179,29036,2890.0
2714.0,175,29188,2889.0
2716.0,173,36460,2889.0
2719.0,185,22462,2904.0
2732.0,173,24288,2905.0
2735.0,168,23056,2903.0
6333.0,19,19073,6352.0
6342.0,35,29425,6377.0
6343.0,10,27643,6353.0
6343.0,8,29036,6351.0
6343.0,30,29188,6373.0
6344.0,37,36460,6381.0
6344.0,113,22462,6457.0
6344.0,37,24288,6381.0
6345.0,111,23056,6456.0
8261.0,241,28931,8502.0
8262.0,239,35003,8501.0
8262.0,239,29126,8501.0
8543.0,33,25359,8576.0
8544.0,51,24570,8595.0
8545.0,30,29880,8575.0
8545.0,30,29447,8575.0
8546.0,30,28902,8576.0
8588.0,8,29085,8596.0
8589.0,9,19902,8598.0
8590.0,9,30657,8599.0
757.0,36,22310,793.0
884.0,14,24188,898.0
913.0,201,10113,1114.0
1102.0,2001,28800,3103.0
3090.0,113,19073,3203.0
3143.0,224,29425,3367.0
3150.0,224,27643,3374.0
3153.0,211,29036,3364.0
3156.0,214,27626,3370.0
3158.0,217,36460,3375.0
3161.0,289,22462,3450.0
3174.0,338,24288,3512.0
3177.0,336,23056,3513.0
8990.0,121,28931,9111.0
8991.0,127,35003,9118.0
8992.0,121,29126,9113.0
9134.0,96,25359,9230.0
9135.0,95,24570,9230.0
9136.0,93,29880,9229.0
9136.0,93,29447,9229.0
9137.0,92,28902,9229.0
9232.0,22,29085,9254.0
9233.0,20,24385,9253.0
9234.0,20,19902,9254.0
9234.0,20,30657,9254.0
9275.0,18,21266,9293.0
9303.0,16,14808,9319.0
9304.0,16,10979,9320.0
9325.0,12,30950,9337.0
