680	4
700	1
720	0
740	3
760	4
780	2
800	3
820	0
840	4
860	4
880	8
900	18
920	11
940	19
960	14
980	8
1000	25
1020	26
1040	27
1060	7
1080	13
1100	28
1120	18
1140	18
1160	13
1180	9
1200	11
1220	15
1240	15
1260	9
1280	19
1300	11
1320	9
1340	8
1360	20
1380	9
1400	2
1420	5
1440	2
1460	3
1480	6
1500	2
1520	14
1540	11
1560	9
1580	16
1600	5
1620	9
1640	9
1660	8
1680	4
1700	7
1720	6
1740	13
1760	7
1780	7
1800	19
1820	2
1840	9
1860	11
1880	10
1900	10
1920	3
1940	6
1960	6
1980	5
2000	3
2020	2
2040	10
2060	3
2080	7
2100	4
2120	0
2140	3
2160	3
2180	2
2200	4
2220	0
2240	1
2260	0
2280	4
2300	0
2320	0
2340	0
2360	0
2380	0
2400	0
2420	1
2440	0
2460	0
2480	1
2500	0
2520	0
2540	2
2560	2
2580	1
2600	0
2620	1
2640	0
2660	2
2680	6
2700	0
2720	1
2740	0
2760	0
2780	2
2800	0
2820	2
2840	0
2860	1
2880	1
2900	0
2920	0
2940	0
2960	0
2980	0
3000	1
3020	0
3040	0
3060	3
3080	1
3100	0
3120	0
3140	1
3160	2
3180	1
3200	0
3220	0
3240	0
3260	0
3280	0
3300	0
3320	0
3340	0
3360	0
3380	0
3400	0
3420	0
3440	1
3460	0
3480	1
3500	0
3520	0
3540	0
3560	1
3580	0
3600	0
3620	0
3640	0
3660	1
3680	1
3700	1
3720	2
3740	0
3760	1
3780	2
3800	1
3820	3
3840	5
3860	0
3880	1
3900	0
3920	2
3940	2
3960	5
3980	0
4000	1
4020	2
4040	0
4060	0
4080	1
4100	1
4120	1
4140	0
4160	2
4180	0
4200	1
4220	0
4240	2
4260	2
4280	0
4300	1
4320	0
4340	0
4360	1
4380	1
4400	2
4420	0
4440	0
4460	0
4480	0
4500	1
4520	1
4540	1
4560	1
4580	1
4600	0
4620	1
4640	1
4660	0
4680	1
4700	0
4720	1
4740	1
4760	1
4780	1
4800	0
4820	2
4840	1
4860	1
4880	0
4900	1
4920	0
4940	0
4960	1
4980	1
5000	0
5020	0
5040	0
5060	0
5080	0
5100	1
5120	0
5140	0
5160	0
5180	0
5200	1
5220	0
5240	0
5260	0
5280	0
5300	0
5320	0
5340	0
5360	1
