28500	91
29000	0
29500	0
30000	0
30500	0
31000	0
31500	0
32000	0
32500	0
33000	0
33500	0
34000	0
34500	0
35000	30
35500	0
36000	0
36500	0
37000	0
37500	0
38000	0
38500	0
39000	0
39500	0
40000	0
40500	0
41000	0
41500	0
42000	0
42500	0
43000	0
43500	0
44000	0
44500	0
45000	0
45500	0
46000	0
46500	0
47000	0
47500	0
48000	0
48500	0
49000	0
49500	0
50000	0
50500	0
51000	0
51500	0
52000	0
52500	0
53000	0
53500	0
54000	0
54500	0
55000	0
55500	0
56000	0
56500	0
57000	0
57500	0
58000	0
58500	0
59000	0
59500	0
60000	0
60500	0
61000	0
61500	0
62000	0
62500	0
63000	0
63500	61
