1200	29
1250	23
1300	30
1350	248
1400	353
1450	457
1500	818
1550	519
1600	476
1650	162
1700	115
1750	120
1800	183
1850	93
1900	57
1950	80
2000	44
2050	59
2100	81
2150	164
2200	139
2250	187
2300	55
2350	1
2400	1
2450	30
2500	25
2550	0
2600	4
2650	1
2700	1
2750	0
2800	0
2850	0
2900	12
2950	42
3000	1
3050	1
3100	0
3150	1
3200	2
3250	0
3300	0
3350	0
3400	53
3450	16
3500	38
3550	0
3600	1
3650	0
3700	0
3750	1
3800	0
3850	0
3900	0
3950	1
4000	0
4050	0
4100	0
4150	0
4200	1
4250	2
4300	0
4350	0
4400	0
4450	0
4500	0
4550	1
4600	0
4650	1
4700	1
4750	0
4800	1
4850	0
4900	0
4950	0
5000	1
5050	0
5100	0
5150	0
5200	0
5250	0
5300	0
5350	0
5400	0
5450	0
5500	1
5550	2
5600	1
5650	0
5700	0
5750	1
5800	0
5850	0
5900	3
5950	0
6000	1
6050	1
6100	0
6150	1
6200	1
6250	2
6300	2
6350	2
6400	1
6450	2
6500	1
6550	0
6600	1
6650	1
6700	0
6750	1
6800	0
6850	1
6900	2
6950	1
7000	1
7050	2
7100	1
7150	0
7200	1
7250	0
7300	1
7350	2
7400	0
7450	0
7500	0
7550	2
7600	0
7650	0
7700	0
7750	0
7800	1
7850	0
7900	0
7950	1
8000	0
8050	0
8100	3
8150	0
8200	0
8250	1
8300	1
8350	1
8400	1
8450	0
8500	1
8550	0
8600	0
8650	0
8700	1
8750	1
8800	2
8850	0
8900	0
8950	1
9000	0
9050	2
9100	2
9150	1
9200	1
9250	0
9300	0
9350	0
9400	0
9450	1
9500	1
9550	0
9600	0
9650	1
9700	0
9750	0
9800	0
9850	3
9900	3
9950	1
10000	1
10050	0
10100	0
10150	2
10200	0
10250	1
10300	1
10350	0
10400	0
10450	1
10500	2
10550	3
10600	0
10650	1
10700	1
10750	4
10800	1
10850	0
10900	1
10950	0
11000	2
11050	0
11100	1
11150	2
11200	1
11250	0
11300	1
11350	0
11400	1
11450	0
11500	0
11550	1
11600	0
11650	0
11700	2
