0	14
50	54
100	66
150	222
200	47
250	59
300	29
350	9
400	11
450	4
500	1
550	0
600	2
650	2
700	3
750	5
800	5
850	3
900	0
950	0
1000	1
1050	3
1100	1
1150	2
1200	0
1250	0
1300	2
1350	4
1400	0
1450	1
1500	0
1550	0
1600	3
1650	0
1700	0
1750	1
1800	1
1850	1
1900	2
1950	0
2000	2
2050	0
2100	0
2150	2
2200	0
2250	2
2300	0
2350	2
2400	1
2450	0
2500	2
2550	0
2600	2
2650	0
2700	0
2750	0
2800	0
2850	0
2900	0
2950	3
3000	0
3050	1
3100	1
3150	0
3200	0
3250	0
3300	2
3350	1
3400	0
3450	0
3500	0
3550	0
3600	0
3650	0
3700	0
3750	0
3800	0
3850	0
3900	0
3950	0
4000	0
4050	0
4100	0
4150	0
4200	0
4250	0
4300	1
4350	0
4400	1
4450	2
4500	0
4550	0
4600	0
4650	0
4700	0
4750	2
4800	0
4850	0
4900	0
4950	0
5000	0
5050	0
5100	0
5150	0
5200	0
5250	0
5300	0
5350	0
5400	0
5450	0
5500	0
5550	0
5600	0
5650	0
5700	0
5750	0
5800	0
5850	0
5900	0
5950	0
6000	0
6050	0
6100	0
6150	0
6200	0
6250	0
6300	0
6350	0
6400	0
6450	0
6500	0
6550	0
6600	0
6650	0
6700	0
6750	0
6800	0
6850	0
6900	0
6950	0
7000	0
7050	0
7100	0
7150	0
7200	0
7250	0
7300	0
7350	0
7400	0
7450	0
7500	0
7550	0
7600	0
7650	0
7700	0
7750	0
7800	0
7850	0
7900	0
7950	0
8000	0
8050	0
8100	0
8150	0
8200	0
8250	0
8300	0
8350	0
8400	0
8450	0
8500	0
8550	0
8600	0
8650	0
8700	0
8750	0
8800	0
8850	0
8900	0
8950	0
9000	0
9050	0
9100	0
9150	0
9200	0
9250	0
9300	0
9350	2
9400	0
9450	0
9500	0
9550	0
9600	0
9650	0
9700	0
9750	2
9800	0
9850	0
9900	0
9950	0
10000	0
10050	0
10100	0
10150	0
10200	0
10250	0
10300	0
10350	0
10400	0
10450	0
10500	0
10550	0
10600	0
10650	0
10700	0
10750	0
10800	0
10850	0
10900	0
10950	0
11000	0
11050	0
11100	0
11150	0
11200	0
11250	0
11300	0
11350	0
11400	0
11450	0
11500	1
