10000	24
11000	34
12000	0
13000	0
14000	0
15000	33
16000	0
17000	15
18000	16
19000	47
20000	0
21000	3
22000	91
23000	46
24000	0
25000	0
26000	11
27000	0
28000	0
29000	0
30000	0
31000	0
32000	0
33000	0
34000	14
35000	92
36000	0
37000	13
38000	56
39000	17
40000	0
41000	0
42000	0
43000	0
44000	0
45000	0
46000	0
47000	0
48000	0
49000	0
50000	0
51000	0
52000	3
53000	0
54000	0
55000	0
56000	0
57000	0
58000	0
59000	0
60000	0
61000	0
62000	0
63000	0
64000	0
65000	92
66000	0
67000	43
68000	0
69000	0
70000	49
71000	0
72000	49
73000	0
74000	5
