550	7
600	19
650	28
700	16
750	10
800	12
850	26
900	24
950	36
1000	35
1050	34
1100	30
1150	17
1200	5
1250	3
1300	1
1350	4
1400	7
1450	2
1500	9
1550	17
1600	35
1650	15
1700	18
1750	19
1800	41
1850	17
1900	45
1950	19
2000	36
2050	34
2100	30
2150	41
2200	22
2250	28
2300	29
2350	44
2400	31
2450	71
2500	69
2550	25
2600	31
2650	27
2700	45
2750	21
2800	18
2850	24
2900	14
2950	28
3000	19
3050	37
3100	20
3150	23
3200	21
3250	19
3300	36
3350	52
3400	23
3450	23
3500	35
3550	27
3600	19
3650	20
3700	27
3750	33
3800	29
3850	14
3900	20
3950	18
4000	7
4050	6
4100	13
4150	24
4200	23
4250	30
4300	11
4350	20
4400	16
4450	31
4500	20
4550	15
4600	13
4650	25
4700	19
4750	29
4800	31
4850	32
4900	6
4950	12
5000	15
5050	9
5100	8
5150	11
5200	5
5250	9
5300	7
5350	7
5400	11
5450	10
5500	0
5550	14
5600	4
5650	3
5700	16
5750	20
5800	18
5850	14
5900	16
5950	11
6000	19
6050	15
6100	21
6150	20
6200	11
6250	12
6300	20
6350	16
6400	15
6450	7
6500	6
6550	13
6600	14
6650	10
6700	20
6750	19
6800	23
6850	16
6900	12
6950	8
7000	13
7050	31
7100	27
7150	26
7200	16
7250	10
7300	10
7350	13
7400	8
7450	7
7500	16
7550	22
7600	15
7650	8
7700	2
7750	5
7800	4
7850	1
7900	7
7950	2
8000	5
8050	12
8100	3
8150	11
8200	11
8250	10
8300	6
8350	2
8400	3
8450	12
8500	12
8550	14
8600	4
8650	1
8700	3
8750	6
8800	9
8850	6
8900	0
8950	2
9000	6
9050	7
9100	6
9150	4
9200	6
9250	8
9300	4
9350	0
9400	0
9450	2
9500	0
9550	8
9600	7
9650	1
9700	4
9750	7
9800	7
9850	4
9900	1
9950	1
10000	1
10050	9
10100	0
10150	0
10200	2
10250	1
10300	3
10350	1
10400	0
10450	1
10500	1
10550	3
10600	0
10650	0
10700	0
10750	0
10800	1
10850	1
