starttime,duration,size,total
3303.0,2107,82548,4119
3304.0,612,12752,2624
3304.0,610,26722,2622
3304.0,609,18917,2621
3304.0,636,20069,2648
3305.0,641,15585,2653
3306.0,646,26185,2658
3306.0,646,24522,2658
3306.0,651,18081,2663
3307.0,650,11910,2662
3307.0,655,29130,2667
3307.0,673,11138,2685
3308.0,675,10810,2687
3308.0,676,14735,2688
3309.0,677,42619,2689
3309.0,678,11750,2690
3309.0,680,33126,2692
3309.0,682,18146,2694
3310.0,683,25953,2695
3506.0,559,21633,2571
4036.0,100,56712,2112
4052.0,239,13440,2251
4239.0,95,39009,2107
4292.0,418,37268,2430
4347.0,539,25136,2551
950.0,283,21633,2295
957.0,361,82548,2373
957.0,362,12752,2374
957.0,364,26722,2376
958.0,364,18917,2376
958.0,369,20069,2381
959.0,369,15585,2381
959.0,372,26185,2384
960.0,372,24522,2384
960.0,374,18081,2386
960.0,379,11910,2391
960.0,377,29130,2389
961.0,379,11138,2391
962.0,380,10810,2392
962.0,382,14735,2394
962.0,381,42619,2393
963.0,383,11750,2395
963.0,385,33126,2397
963.0,386,18146,2398
963.0,387,25953,2399
1442.0,266,13440,2278
2063.0,83,39009,2095
2138.0,73,37268,2085
2214.0,251,25136,2263
1023.0,238,21633,2250
1030.0,299,82548,2311
1031.0,307,12752,2319
1031.0,302,26722,2314
1032.0,305,18917,2317
1032.0,304,20069,2316
1033.0,307,15585,2319
1033.0,313,26185,2325
1033.0,312,24522,2324
1034.0,315,18081,2327
1034.0,314,11910,2326
1034.0,315,29130,2327
1035.0,325,11138,2337
1036.0,325,10810,2337
1036.0,326,14735,2338
1036.0,328,42619,2340
1037.0,327,11750,2339
1037.0,330,33126,2342
1037.0,330,18146,2342
1037.0,331,25953,2343
1787.0,425,13440,2437
2222.0,69,28021,2081
2233.0,98,39009,2110
2333.0,139,37268,2151
2398.0,349,25136,2361
848.0,19,82548,2031
849.0,22,12752,2034
849.0,21,26722,2033
849.0,26,18917,2038
849.0,27,20069,2039
850.0,31,15585,2043
851.0,463,26185,2475
851.0,466,24522,2478
851.0,464,18081,2476
852.0,465,11910,2477
852.0,525,29130,2537
852.0,519,11138,2531
853.0,522,10810,2534
853.0,559,14735,2571
854.0,562,42619,2574
854.0,561,11750,2573
854.0,560,33126,2572
854.0,557,18146,2569
855.0,563,25953,2575
1001.0,453,21633,2465
1478.0,54,56712,2066
1492.0,197,13440,2209
1672.0,48,39009,2060
1726.0,39,37268,2051
1778.0,509,25136,2521
775.0,28,82548,2040
775.0,30,12752,2042
776.0,30,26722,2042
776.0,32,18917,2044
776.0,32,20069,2044
780.0,36,15585,2048
782.0,614,26185,2626
782.0,607,24522,2619
782.0,611,18081,2623
783.0,608,11910,2620
783.0,610,29130,2622
783.0,636,11138,2648
784.0,633,10810,2645
784.0,634,14735,2646
785.0,659,42619,2671
785.0,665,11750,2677
785.0,664,33126,2676
785.0,665,18146,2677
786.0,659,25953,2671
971.0,512,21633,2524
1802.0,470,13440,2482
2274.0,88,39009,2100
2281.0,225,136303,2237
2353.0,134,37268,2146
2511.0,191,25136,2203
1063.0,349,21633,2361
1070.0,340,82548,2352
1071.0,338,12752,2350
1071.0,353,26722,2365
1071.0,351,18917,2363
1071.0,351,20069,2363
1072.0,356,15585,2368
1073.0,356,26185,2368
1073.0,362,24522,2374
1073.0,362,18081,2374
1074.0,365,11910,2377
1074.0,364,29130,2376
1074.0,367,11138,2379
1075.0,376,10810,2388
1076.0,375,14735,2387
1076.0,378,42619,2390
1076.0,379,11750,2391
1076.0,382,33126,2394
1077.0,381,18146,2393
1077.0,383,25953,2395
2163.0,263,13440,2275
2366.0,91,136303,2103
2429.0,89,39009,2101
2521.0,63,37268,2075
2594.0,403,25136,2415
999.0,348,21633,2360
1005.0,358,17029,2370
1005.0,355,13492,2367
1006.0,388,12752,2400
1006.0,386,17700,2398
1006.0,388,20069,2400
1007.0,390,15585,2402
1008.0,392,26185,2404
1008.0,390,24522,2402
1008.0,391,18081,2403
1009.0,395,11910,2407
1009.0,399,29130,2411
1009.0,401,11138,2413
1010.0,402,10810,2414
1011.0,404,14735,2416
1011.0,405,42619,2417
1011.0,407,11750,2419
1011.0,408,33126,2420
1012.0,409,18146,2421
1012.0,412,25953,2424
2194.0,270,13440,2282
2390.0,73,28021,2085
2452.0,53,39009,2065
2518.0,36,37268,2048
2566.0,466,25136,2478
778.0,13,17029,2025
778.0,24,13492,2036
779.0,25,12752,2037
779.0,27,17700,2039
779.0,28,20069,2040
780.0,1491,19814,3503
781.0,738,26185,2750
781.0,2203,67638,4215
781.0,727,26722,2739
781.0,793,13224,2805
782.0,743,29130,2755
782.0,746,11138,2758
783.0,786,10810,2798
783.0,788,14735,2800
783.0,791,42619,2803
784.0,794,11750,2806
784.0,793,33126,2805
784.0,797,18146,2809
784.0,796,25953,2808
922.0,768,21633,2780
1833.0,805,13440,2817
2164.0,25,28021,2037
2167.0,1102,39009,3114
2245.0,1023,37268,3035
2337.0,928,25136,2940
956.0,428,21633,2440
962.0,423,17029,2435
962.0,434,13492,2446
962.0,430,12752,2442
963.0,437,17700,2449
963.0,429,20069,2441
964.0,438,19814,2450
965.0,445,26185,2457
965.0,443,67638,2455
965.0,441,26722,2453
965.0,444,13224,2456
966.0,446,29130,2458
966.0,448,11138,2460
967.0,452,10810,2464
968.0,448,14735,2460
968.0,450,42619,2462
968.0,452,11750,2464
968.0,454,33126,2466
969.0,455,18146,2467
969.0,456,25953,2468
1497.0,179,13440,2191
1689.0,78,39009,2090
1768.0,49,37268,2061
1823.0,676,25136,2688
1584.0,574,21633,2586
1590.0,584,17029,2596
1591.0,577,13492,2589
1591.0,585,12752,2597
1591.0,586,17700,2598
1592.0,586,20069,2598
1593.0,589,19814,2601
1594.0,600,26185,2612
1594.0,598,67638,2610
1594.0,605,26722,2617
1594.0,606,13224,2618
1595.0,605,29130,2617
1595.0,612,11138,2624
1596.0,613,10810,2625
1596.0,613,14735,2625
1597.0,616,42619,2628
1597.0,616,11750,2628
1597.0,620,33126,2632
1597.0,619,18146,2631
1598.0,621,25953,2633
2493.0,589,13440,2601
3091.0,74,28021,2086
3093.0,328,39009,2340
3165.0,81,37268,2093
3253.0,199,25136,2211
1055.0,414,21633,2426
1061.0,428,17029,2440
1062.0,447,13492,2459
1062.0,443,12752,2455
1062.0,445,17700,2457
1063.0,447,20069,2459
1063.0,451,19814,2463
1064.0,452,26185,2464
1065.0,454,67638,2466
1065.0,455,26722,2467
1065.0,456,13224,2468
1065.0,455,29130,2467
1066.0,464,11138,2476
1067.0,461,10810,2473
1068.0,466,14735,2478
1068.0,464,42619,2476
1068.0,470,11750,2482
1068.0,468,33126,2480
1069.0,470,18146,2482
1069.0,472,25953,2484
2798.0,119,13440,2131
2950.0,49,39009,2061
2973.0,23,118111,2035
3002.0,35,37268,2047
3049.0,1176,25136,3188
816.0,19,17029,2031
817.0,25,13492,2037
817.0,24,12752,2036
817.0,27,17700,2039
818.0,28,20069,2040
818.0,32,19814,2044
819.0,648,26185,2660
819.0,649,67638,2661
819.0,650,26722,2662
820.0,651,13224,2663
820.0,652,29130,2664
820.0,725,11138,2737
821.0,706,10810,2718
821.0,725,14735,2737
822.0,717,42619,2729
822.0,725,11750,2737
822.0,730,33126,2742
822.0,728,18146,2740
823.0,727,25953,2739
938.0,654,21633,2666
1900.0,617,13440,2629
2427.0,29,28021,2041
2437.0,93,39009,2105
2519.0,139,37268,2151
2662.0,702,25136,2714
782.0,17,17029,2029
783.0,30,13492,2042
784.0,31,12752,2043
784.0,32,17700,2044
785.0,38,20069,2050
785.0,41,19814,2053
786.0,721,26185,2733
786.0,719,67638,2731
786.0,718,26722,2730
787.0,714,13224,2726
787.0,715,29130,2727
787.0,786,11138,2798
788.0,774,10810,2786
789.0,789,14735,2801
789.0,786,42619,2798
789.0,790,11750,2802
789.0,793,33126,2805
790.0,794,18146,2806
790.0,795,25953,2807
960.0,666,21633,2678
1881.0,139,13440,2151
2581.0,110,136303,2122
2584.0,75,39009,2087
2662.0,89,37268,2101
2753.0,216,25136,2228
789.0,13,17029,2025
790.0,24,13492,2036
790.0,25,12752,2037
790.0,27,17700,2039
791.0,28,20069,2040
791.0,35,19814,2047
792.0,700,26185,2712
792.0,706,67638,2718
792.0,705,26722,2717
793.0,703,13224,2715
793.0,702,29130,2714
794.0,760,11138,2772
794.0,756,10810,2768
795.0,760,14735,2772
795.0,777,42619,2789
795.0,778,11750,2790
795.0,777,33126,2789
796.0,781,18146,2793
796.0,779,25953,2791
940.0,703,21633,2715
1928.0,609,13440,2621
2539.0,113,118111,2125
2542.0,80,39009,2092
2624.0,236,37268,2248
2783.0,766,25136,2778
1260.0,164,21633,2176
1267.0,195,17029,2207
1268.0,192,13492,2204
1268.0,194,12752,2206
1268.0,204,17700,2216
1268.0,208,20069,2220
1269.0,200,19814,2212
1270.0,208,26185,2220
1270.0,211,67638,2223
1270.0,210,26722,2222
1271.0,216,13224,2228
1271.0,212,29130,2224
1271.0,217,11138,2229
1273.0,218,10810,2230
1273.0,219,14735,2231
1273.0,220,42619,2232
1273.0,221,11750,2233
1274.0,224,33126,2236
1274.0,222,18146,2234
1274.0,226,25953,2238
2458.0,259,13440,2271
2635.0,80,118111,2092
2725.0,74,39009,2086
2800.0,135,37268,2147
2852.0,766,25136,2778
1536.0,29,17029,2041
1536.0,36,13492,2048
1537.0,40,12752,2052
1537.0,38,17700,2050
1537.0,41,20069,2053
1538.0,44,19814,2056
1538.0,741,26185,2753
1539.0,739,67638,2751
1539.0,735,26722,2747
1539.0,738,13224,2750
1539.0,737,29130,2749
1540.0,746,11138,2758
1542.0,743,10810,2755
1542.0,741,14735,2753
1542.0,745,42619,2757
1543.0,749,11750,2761
1543.0,750,33126,2762
1543.0,748,18146,2760
1543.0,750,25953,2762
1723.0,616,21633,2628
2637.0,683,13440,2695
3317.0,48,136303,2060
3912.0,78,39009,2090
3994.0,42,37268,2054
4051.0,187,25136,2199
1282.0,50,17029,2062
1282.0,53,13492,2065
1283.0,72,12752,2084
1283.0,77,17700,2089
1283.0,75,20069,2087
1284.0,81,19814,2093
1284.0,439,26185,2451
1285.0,436,67638,2448
1285.0,438,26722,2450
1285.0,437,13224,2449
1285.0,439,29130,2451
1286.0,444,11138,2456
1287.0,444,10810,2456
1287.0,446,14735,2458
1287.0,446,42619,2458
1288.0,452,11750,2464
1288.0,447,33126,2459
1288.0,448,18146,2460
1288.0,450,25953,2462
1469.0,309,21633,2321
2397.0,1640,13440,3652
2639.0,92,136303,2104
2694.0,1422,39009,3434
2759.0,1362,37268,3374
2809.0,1317,25136,3329
908.0,27,17029,2039
909.0,43,13492,2055
909.0,43,12752,2055
910.0,45,17700,2057
910.0,47,20069,2059
911.0,50,19814,2062
912.0,665,26185,2677
912.0,657,67638,2669
913.0,659,26722,2671
913.0,657,13224,2669
913.0,658,29130,2670
914.0,681,11138,2693
915.0,678,10810,2690
915.0,679,14735,2691
915.0,681,42619,2693
916.0,691,11750,2703
916.0,692,33126,2704
916.0,696,18146,2708
916.0,695,25953,2707
922.0,1656,21633,3668
2913.0,192,13440,2204
3081.0,22,136303,2034
3500.0,50,39009,2062
3551.0,52,37268,2064
3610.0,799,25136,2811
849.0,23,17029,2035
850.0,27,13492,2039
850.0,28,12752,2040
850.0,31,17700,2043
851.0,30,20069,2042
851.0,35,19814,2047
852.0,738,26185,2750
852.0,740,67638,2752
853.0,741,26722,2753
853.0,736,13224,2748
853.0,741,29130,2753
854.0,765,11138,2777
854.0,764,10810,2776
855.0,762,14735,2774
855.0,762,42619,2774
855.0,765,11750,2777
855.0,768,33126,2780
856.0,767,18146,2779
856.0,769,25953,2781
937.0,747,21633,2759
1911.0,121,13440,2133
2047.0,677,39009,2689
2715.0,39,136303,2051
2717.0,171,37268,2183
2814.0,351,25136,2363
805.0,22,17029,2034
806.0,28,13492,2040
806.0,29,12752,2041
806.0,33,17700,2045
806.0,32,20069,2044
807.0,37,19814,2049
808.0,798,26185,2810
808.0,796,67638,2808
808.0,798,26722,2810
809.0,793,13224,2805
809.0,792,29130,2804
809.0,828,11138,2840
810.0,825,10810,2837
810.0,823,14735,2835
811.0,824,42619,2836
811.0,825,11750,2837
811.0,832,33126,2844
811.0,832,18146,2844
812.0,830,25953,2842
933.0,743,21633,2755
2009.0,746,13440,2758
2594.0,102,28021,2114
2761.0,84,39009,2096
2837.0,55,37268,2067
2909.0,166,25136,2178
1845.0,316,21633,2328
1854.0,315,17029,2327
1855.0,316,13492,2328
1855.0,1395,28035,3407
1855.0,321,17700,2333
1855.0,322,20069,2334
1856.0,328,19814,2340
1858.0,331,67638,2343
1858.0,334,26722,2346
1858.0,334,13224,2346
1858.0,338,29130,2350
1859.0,347,11138,2359
1860.0,353,10810,2365
1860.0,357,14735,2369
1860.0,359,42619,2371
1861.0,361,11750,2373
1861.0,364,33126,2376
1861.0,366,18146,2378
1861.0,369,25953,2381
3244.0,163,13440,2175
3475.0,101,118111,2113
3482.0,96,39009,2108
3552.0,73,37268,2085
3645.0,165,25136,2177
1123.0,510,21633,2522
1130.0,507,17029,2519
1131.0,518,13492,2530
1131.0,517,28035,2529
1131.0,518,17700,2530
1132.0,522,20069,2534
1132.0,534,19814,2546
1133.0,542,67638,2554
1134.0,541,26722,2553
1134.0,544,13224,2556
1134.0,547,29130,2559
1135.0,552,11138,2564
1136.0,554,10810,2566
1136.0,557,14735,2569
1136.0,560,42619,2572
1136.0,559,11750,2571
1137.0,558,33126,2570
1137.0,562,18146,2574
1137.0,563,25953,2575
2813.0,329,13440,2341
3107.0,89,118111,2101
3168.0,75,39009,2087
3246.0,36,37268,2048
3295.0,1059,25136,3071
931.0,38,17029,2050
932.0,40,13492,2052
932.0,45,28035,2057
932.0,46,17700,2058
932.0,48,20069,2060
933.0,51,19814,2063
934.0,790,67638,2802
934.0,786,26722,2798
935.0,784,13224,2796
935.0,787,29130,2799
935.0,814,11138,2826
936.0,812,10810,2824
936.0,837,14735,2849
941.0,832,42619,2844
941.0,834,11750,2846
941.0,833,33126,2845
942.0,834,18146,2846
942.0,838,25953,2850
1086.0,929,21633,2941
2182.0,1048,13440,3060
2885.0,352,39009,2364
2892.0,31,118111,2043
2995.0,245,37268,2257
3062.0,240,25136,2252
836.0,25,17029,2037
837.0,31,13492,2043
837.0,32,28035,2044
837.0,33,17700,2045
838.0,36,20069,2048
839.0,896,25497,2908
840.0,908,22281,2920
840.0,906,13224,2918
840.0,963,29130,2975
841.0,980,11138,2992
842.0,985,10810,2997
842.0,984,14735,2996
842.0,997,42619,3009
842.0,986,11750,2998
843.0,996,33126,3008
843.0,998,18146,3010
843.0,994,25953,3006
966.0,915,21633,2927
2176.0,926,13440,2938
3104.0,23,28021,2035
3108.0,96,39009,2108
3192.0,69,37268,2081
3264.0,207,25136,2219
1046.0,494,21633,2506
1053.0,498,17029,2510
1054.0,506,13492,2518
1054.0,505,28035,2517
1054.0,506,17700,2518
1055.0,1683,35780,3695
1057.0,522,25497,2534
1057.0,524,22281,2536
1057.0,524,13224,2536
1057.0,528,29130,2540
1058.0,556,11138,2568
1059.0,562,10810,2574
1059.0,562,14735,2574
1060.0,559,42619,2571
1060.0,562,11750,2574
1060.0,569,33126,2581
1061.0,567,18146,2579
1061.0,568,25953,2580
2005.0,862,13440,2874
2765.0,91,136303,2103
2923.0,95,39009,2107
3008.0,153,37268,2165
3084.0,1007,25136,3019
1076.0,547,21633,2559
1086.0,542,17029,2554
1087.0,551,13492,2563
1087.0,552,28035,2564
1087.0,550,17700,2562
1087.0,566,35780,2578
1089.0,570,25497,2582
1089.0,573,22281,2585
1090.0,577,13224,2589
1090.0,575,29130,2587
1091.0,581,11138,2593
1092.0,584,10810,2596
1092.0,582,14735,2594
1092.0,588,42619,2600
1092.0,587,11750,2599
1093.0,590,33126,2602
1093.0,590,18146,2602
1093.0,591,25953,2603
2070.0,941,13440,2953
3024.0,27,118111,2039
3053.0,64,39009,2076
3119.0,154,37268,2166
3196.0,172,25136,2184
1056.0,641,21633,2653
1063.0,634,17029,2646
1064.0,640,13492,2652
1064.0,639,28035,2651
1065.0,641,17700,2653
1065.0,645,35780,2657
1067.0,661,25497,2673
1067.0,662,22281,2674
1067.0,663,13224,2675
1067.0,666,29130,2678
1068.0,667,11138,2679
1069.0,670,10810,2682
1069.0,671,14735,2683
1070.0,673,42619,2685
1070.0,675,11750,2687
1070.0,676,33126,2688
1070.0,678,18146,2690
1071.0,679,25953,2691
2935.0,287,13440,2299
3232.0,65,118111,2077
3520.0,707,39009,2719
3580.0,645,37268,2657
3631.0,820,25136,2832
873.0,27,17029,2039
874.0,31,13492,2043
874.0,32,28035,2044
874.0,35,17700,2047
875.0,36,35780,2048
878.0,306,25497,2318
878.0,306,22281,2318
878.0,311,13224,2323
879.0,311,29130,2323
879.0,312,11138,2324
880.0,318,10810,2330
881.0,317,14735,2329
881.0,322,42619,2334
881.0,318,11750,2330
881.0,321,33126,2333
882.0,324,18146,2336
882.0,322,25953,2334
951.0,1164,21633,3176
2624.0,128,13440,2140
2786.0,738,39009,2750
2797.0,752,118111,2764
3526.0,82,37268,2094
3609.0,205,25136,2217
1406.0,55,17029,2067
1407.0,62,13492,2074
1407.0,63,28035,2075
1407.0,85,17700,2097
1408.0,94,35780,2106
1410.0,430,25497,2442
1410.0,437,22281,2449
1410.0,442,13224,2454
1410.0,444,29130,2456
1411.0,441,11138,2453
1412.0,451,10810,2463
1412.0,450,14735,2462
1413.0,452,42619,2464
1413.0,451,11750,2463
1413.0,457,33126,2469
1413.0,454,18146,2466
1414.0,459,25953,2471
1595.0,313,21633,2325
3756.0,250,13440,2262
3982.0,23,118111,2035
4042.0,41,39009,2053
4092.0,142,37268,2154
4140.0,1856,25136,3868
891.0,26,17029,2038
891.0,31,15014,2043
892.0,32,13492,2044
892.0,33,28035,2045
892.0,36,35780,2048
894.0,313,41678,2325
895.0,314,22281,2326
895.0,308,13224,2320
895.0,314,52710,2326
896.0,312,14471,2324
896.0,319,20069,2331
898.0,321,15123,2333
898.0,318,15055,2330
898.0,323,42619,2335
898.0,319,11750,2331
899.0,328,33126,2340
899.0,321,18146,2333
899.0,326,25953,2338
965.0,1083,21633,3095
2488.0,104,13440,2116
2621.0,48,39009,2060
2666.0,29,136303,2041
2696.0,36,37268,2048
2743.0,1025,25136,3037
830.0,44,36502,2056
831.0,50,15014,2062
831.0,49,13492,2061
831.0,52,28035,2064
831.0,55,35780,2067
833.0,977,41678,2989
833.0,978,22281,2990
834.0,977,13224,2989
834.0,985,52710,2997
834.0,986,14471,2998
835.0,984,20069,2996
835.0,1000,15123,3012
836.0,1062,15055,3074
836.0,1065,42619,3077
836.0,1063,11750,3075
836.0,1066,33126,3078
837.0,1087,18146,3099
837.0,1091,25953,3103
1019.0,948,21633,2960
2233.0,97,13440,2109
3310.0,82,28021,2094
3313.0,67,39009,2079
3382.0,151,37268,2163
3456.0,153,25136,2165
930.0,41,36502,2053
931.0,45,15014,2057
931.0,45,13492,2057
931.0,47,28035,2059
932.0,49,35780,2061
933.0,902,41678,2914
933.0,907,22281,2919
934.0,899,13224,2911
934.0,903,52710,2915
934.0,905,14471,2917
935.0,928,20069,2940
936.0,925,15123,2937
936.0,924,15055,2936
937.0,966,42619,2978
937.0,967,11750,2979
937.0,971,33126,2983
937.0,971,18146,2983
938.0,969,25953,2981
1117.0,837,21633,2849
2422.0,896,13440,2908
3222.0,101,28021,2113
3384.0,64,39009,2076
3461.0,47,37268,2059
3513.0,1318,25136,3330
1103.0,532,21633,2544
1110.0,541,36502,2553
1111.0,555,15014,2567
1111.0,552,13492,2564
1111.0,555,28035,2567
1111.0,556,35780,2568
1113.0,572,41678,2584
1113.0,572,22281,2584
1113.0,577,13224,2589
1114.0,575,52710,2587
1114.0,575,14471,2587
1114.0,577,20069,2589
1115.0,580,15123,2592
1116.0,583,15055,2595
1116.0,584,42619,2596
1116.0,587,11750,2599
1116.0,587,33126,2599
1117.0,589,18146,2601
1117.0,590,25953,2602
2978.0,182,13440,2194
3157.0,72,28021,2084
3222.0,368,39009,2380
3592.0,38,37268,2050
3645.0,166,25136,2178
864.0,28,36502,2040
865.0,32,15014,2044
865.0,33,13492,2045
865.0,35,28035,2047
866.0,37,35780,2049
867.0,44,13770,2056
868.0,48,41678,2060
868.0,49,22281,2061
868.0,52,13224,2064
869.0,54,52710,2066
869.0,55,14471,2067
869.0,58,20069,2070
871.0,320,15123,2332
871.0,323,15055,2335
871.0,331,42619,2343
871.0,330,11750,2342
872.0,332,33126,2344
872.0,334,18146,2346
872.0,332,25953,2344
969.0,1190,21633,3202
2635.0,156,13440,2168
2808.0,23,136303,2035
2834.0,808,39009,2820
3636.0,160,37268,2172
3719.0,171,25136,2183
895.0,29,36502,2041
896.0,34,15014,2046
896.0,34,13492,2046
896.0,37,28035,2049
897.0,37,35780,2049
898.0,48,13770,2060
899.0,1055,41678,3067
900.0,1054,22281,3066
900.0,1051,13224,3063
900.0,1055,52710,3067
900.0,1061,14471,3073
901.0,1077,20069,3089
902.0,1077,15123,3089
902.0,1074,15055,3086
903.0,1075,42619,3087
903.0,1099,11750,3111
903.0,1111,33126,3123
903.0,1101,18146,3113
904.0,1101,25953,3113
995.0,1062,21633,3074
2384.0,944,13440,2956
3320.0,144,28021,2156
3322.0,72,39009,2084
3398.0,63,37268,2075
3471.0,232,25136,2244
852.0,27,36502,2039
853.0,33,28035,2045
854.0,33,15014,2045
854.0,36,35780,2048
855.0,1002,13770,3014
856.0,1008,41678,3020
856.0,1002,22281,3014
856.0,1004,13224,3016
857.0,1025,52710,3037
857.0,1025,14471,3037
857.0,1022,20069,3034
858.0,1026,15123,3038
858.0,1044,15055,3056
859.0,1053,56597,3065
859.0,1052,11750,3064
859.0,1051,33126,3063
859.0,1043,18146,3055
860.0,1053,25953,3065
994.0,959,21633,2971
2317.0,891,13440,2903
3198.0,71,39009,2083
3206.0,82,136303,2094
3291.0,76,37268,2088
3370.0,231,25136,2243
842.0,42,36502,2054
842.0,48,17700,2060
843.0,47,28035,2059
843.0,53,15014,2065
843.0,57,35780,2069
846.0,989,13770,3001
846.0,984,41678,2996
847.0,985,22281,2997
847.0,986,13224,2998
847.0,1052,52710,3064
848.0,1084,14471,3096
848.0,1055,20069,3067
849.0,1080,15123,3092
849.0,1081,15055,3093
849.0,1082,56597,3094
850.0,1099,11750,3111
850.0,1115,33126,3127
850.0,1117,18146,3129
850.0,1116,25953,3128
1006.0,1162,21633,3174
2422.0,937,13440,2949
3225.0,131,118111,2143
3363.0,153,39009,2165
3505.0,178,37268,2190
3573.0,1384,25136,3396
909.0,45,56682,2057
912.0,45,17700,2057
913.0,48,28035,2060
913.0,49,15014,2061
914.0,51,35780,2063
915.0,969,13770,2981
916.0,966,14603,2978
916.0,962,10237,2974
916.0,969,18851,2981
917.0,1026,52710,3038
917.0,1031,14471,3043
917.0,1029,20069,3041
918.0,1027,15123,3039
918.0,1031,15055,3043
918.0,1044,56597,3056
919.0,1045,11750,3057
919.0,1038,33126,3050
919.0,1037,18146,3049
920.0,1040,25953,3052
1076.0,926,21633,2938
2329.0,1213,13440,3225
3429.0,84,39009,2096
3442.0,93,118111,2105
3537.0,199,37268,2211
3659.0,154,25136,2166
1448.0,30,56682,2042
1448.0,61,17700,2073
1449.0,59,28035,2071
1449.0,67,15014,2079
1449.0,68,35780,2080
1450.0,391,13770,2403
1451.0,402,14603,2414
1451.0,405,10237,2417
1451.0,404,18851,2416
1452.0,403,52710,2415
1452.0,402,14471,2414
1452.0,413,20069,2425
1454.0,413,15123,2425
1454.0,411,15055,2423
1454.0,418,56597,2430
1454.0,415,11750,2427
1455.0,417,33126,2429
1455.0,423,18146,2435
1455.0,422,25953,2434
1637.0,304,21633,2316
3507.0,141,13440,2153
3676.0,5,28021,2017
3684.0,39,39009,2051
4425.0,139,37268,2151
4487.0,134,25136,2146
882.0,30,56682,2042
883.0,34,17700,2046
883.0,37,28035,2049
884.0,39,15014,2051
884.0,39,35780,2051
886.0,320,13770,2332
886.0,328,14603,2340
887.0,327,10237,2339
887.0,325,18851,2337
887.0,333,52710,2345
888.0,328,14471,2340
888.0,333,20069,2345
889.0,334,15123,2346
889.0,333,15055,2345
889.0,337,56597,2349
890.0,341,11750,2353
890.0,337,33126,2349
890.0,340,18146,2352
891.0,342,25953,2354
990.0,1265,21633,3277
2695.0,807,13440,2819
3399.0,48,136303,2060
3404.0,109,39009,2121
3503.0,47,37268,2059
3578.0,126,25136,2138
1082.0,667,21633,2679
1090.0,675,56682,2687
1091.0,677,17700,2689
1091.0,681,28035,2693
1091.0,684,15014,2696
1091.0,685,35780,2697
1093.0,696,13770,2708
1093.0,700,14603,2712
1094.0,703,10237,2715
1094.0,704,18851,2716
1094.0,707,52710,2719
1094.0,710,14471,2722
1095.0,709,20069,2721
1096.0,712,15123,2724
1096.0,712,15055,2724
1096.0,716,56597,2728
1096.0,717,11750,2729
1097.0,719,33126,2731
1097.0,720,18146,2732
1097.0,724,25953,2736
3276.0,212,13440,2224
3442.0,45,136303,2057
3547.0,66,39009,2078
3615.0,51,37268,2063
3675.0,185,25136,2197
901.0,30,56682,2042
901.0,35,17700,2047
902.0,35,28035,2047
902.0,38,15014,2050
902.0,39,35780,2051
904.0,326,13770,2338
905.0,337,14603,2349
905.0,335,10237,2347
905.0,335,18851,2347
906.0,337,52710,2349
906.0,333,14471,2345
907.0,1155,20069,3167
908.0,1152,15123,3164
908.0,343,15055,2355
908.0,1151,56597,3163
909.0,1163,11750,3175
909.0,1168,33126,3180
909.0,1169,18146,3181
909.0,1170,25953,3182
1012.0,1127,21633,3139
2599.0,887,13440,2899
3446.0,45,39009,2057
3485.0,38,136303,2050
3525.0,35,37268,2047
3575.0,179,25136,2191
902.0,32,56682,2044
903.0,36,17700,2048
903.0,37,28035,2049
903.0,40,15014,2052
904.0,40,35780,2052
905.0,342,13770,2354
906.0,342,14603,2354
906.0,1109,10237,3121
907.0,1112,18851,3124
907.0,1112,52710,3124
907.0,1108,14471,3120
908.0,1124,20069,3136
909.0,1124,15123,3136
909.0,1121,15055,3133
910.0,1129,56597,3141
910.0,1227,11750,3239
910.0,1194,33126,3206
910.0,1193,18146,3205
911.0,1188,25953,3200
1029.0,1153,21633,3165
2526.0,1007,13440,3019
3423.0,46,136303,2058
3428.0,117,39009,2129
3534.0,78,37268,2090
3614.0,221,25136,2233
2600.0,258,21633,2270
2607.0,269,56682,2281
2607.0,273,17700,2285
2608.0,276,35780,2288
2609.0,297,13770,2309
2610.0,298,14603,2310
2610.0,301,10237,2313
2610.0,302,18851,2314
2610.0,1164,52710,3176
2611.0,1282,14471,3294
2611.0,1279,20069,3291
2612.0,1277,15123,3289
2612.0,1279,15055,3291
2612.0,1345,33177,3357
2613.0,1345,11750,3357
2613.0,1343,33126,3355
2613.0,1348,28973,3360
2613.0,1350,25953,3362
5042.0,283,13440,2295
5223.0,66,136303,2078
5234.0,84,39009,2096
5309.0,148,37268,2160
5357.0,172,25136,2184
952.0,33,56682,2045
953.0,38,17700,2050
953.0,41,35780,2053
955.0,50,13770,2062
955.0,342,14603,2354
956.0,346,10237,2358
956.0,345,18851,2357
957.0,342,52710,2354
957.0,343,14471,2355
957.0,1303,20069,3315
958.0,1303,15123,3315
959.0,1303,15055,3315
959.0,1317,33177,3329
959.0,1313,11750,3325
960.0,1374,33126,3386
960.0,1376,28973,3388
960.0,1374,25953,3386
1063.0,1333,21633,3345
3576.0,132,13440,2144
3792.0,19,28021,2031
3802.0,42,39009,2054
3855.0,39,37268,2051
3906.0,174,25136,2186
955.0,35,56682,2047
955.0,39,17700,2051
956.0,45,35780,2057
957.0,58,13770,2070
957.0,364,14603,2376
958.0,362,10237,2374
958.0,364,18851,2376
958.0,362,68486,2374
959.0,359,25139,2371
959.0,1414,14471,3426
960.0,1414,15014,3426
960.0,1409,20069,3421
960.0,1412,33177,3424
960.0,1408,11750,3420
961.0,1429,33126,3441
961.0,1424,28973,3436
961.0,1430,25953,3442
1099.0,1402,21633,3414
2917.0,136,13440,2148
4275.0,39,118111,2051
4277.0,96,39009,2108
4367.0,159,37268,2171
4450.0,126,25136,2138
933.0,35,56682,2047
934.0,40,17700,2052
936.0,330,13770,2342
937.0,333,14603,2345
937.0,1346,10237,3358
937.0,1347,18851,3359
938.0,1343,68486,3355
938.0,1349,25139,3361
938.0,1364,14471,3376
939.0,1358,15014,3370
940.0,1363,20069,3375
940.0,1358,33177,3370
940.0,1435,11750,3447
941.0,1430,33126,3442
941.0,1420,28973,3432
941.0,1429,25953,3441
1049.0,1388,21633,3400
2824.0,1139,13440,3151
3961.0,20,28021,2032
3964.0,79,39009,2091
4035.0,150,37268,2162
4100.0,213,25136,2225
843.0,42,56682,2054
843.0,44,17700,2056
845.0,60,13770,2072
845.0,1310,14603,3322
846.0,1314,10237,3326
846.0,1306,18851,3318
846.0,1309,68486,3321
846.0,1307,25139,3319
847.0,1337,14471,3349
847.0,1336,15014,3348
848.0,1338,20069,3350
848.0,1337,33177,3349
848.0,1339,11750,3351
848.0,1340,33126,3352
849.0,1341,28973,3353
849.0,1342,25953,3354
1035.0,1232,21633,3244
3866.0,281,13440,2293
4144.0,26,136303,2038
4178.0,37,39009,2049
4229.0,39,37268,2051
4280.0,178,25136,2190
905.0,45,56682,2057
905.0,49,17700,2061
907.0,93,13770,2105
908.0,415,14603,2427
908.0,416,10237,2428
908.0,415,18851,2427
908.0,417,68486,2429
909.0,416,25139,2428
909.0,419,14471,2431
910.0,428,15014,2440
910.0,426,20069,2438
910.0,426,33177,2438
910.0,1628,11750,3640
911.0,1629,33126,3641
911.0,1630,28973,3642
911.0,1625,25953,3637
1095.0,1519,21633,3531
4028.0,125,13440,2137
4203.0,63,118111,2075
4212.0,66,39009,2078
4280.0,38,37268,2050
4328.0,180,25136,2192
963.0,35,56682,2047
964.0,41,17700,2053
966.0,56,13770,2068
967.0,1320,14603,3332
967.0,1318,10237,3330
967.0,1318,18851,3330
968.0,1322,68486,3334
968.0,1321,25139,3333
968.0,1395,14471,3407
970.0,1388,15014,3400
970.0,1388,20069,3400
970.0,1385,33177,3397
971.0,1402,11750,3414
971.0,1403,33126,3415
971.0,1406,28973,3418
971.0,1404,25953,3416
1063.0,1374,21633,3386
3973.0,253,13440,2265
4183.0,80,136303,2092
4227.0,48,39009,2060
4307.0,45,37268,2057
4370.0,184,25136,2196
904.0,51,56682,2063
904.0,57,17700,2069
906.0,78,13770,2090
906.0,1288,14603,3300
907.0,1286,10237,3298
907.0,1287,18851,3299
907.0,1284,68486,3296
907.0,1282,25139,3294
908.0,1285,14471,3297
908.0,1341,15014,3353
909.0,1340,20069,3352
909.0,1343,33177,3355
909.0,1342,11750,3354
909.0,1358,33126,3370
910.0,1351,28973,3363
910.0,1353,25953,3365
1131.0,1177,21633,3189
4031.0,205,13440,2217
4221.0,75,118111,2087
4299.0,40,39009,2052
4353.0,39,37268,2051
4403.0,180,25136,2192
1087.0,34,40378,2046
1088.0,40,17700,2052
1090.0,50,13770,2062
1090.0,1164,14603,3176
1091.0,1167,10237,3179
1091.0,1162,18851,3174
1092.0,1168,68486,3180
1092.0,1169,25139,3181
1092.0,1229,14471,3241
1094.0,1238,15014,3250
1094.0,1226,20069,3238
1094.0,1223,33177,3235
1094.0,1241,11750,3253
1095.0,1240,33126,3252
1095.0,1238,28973,3250
1095.0,1256,25953,3268
1205.0,1188,21633,3200
2783.0,1195,13440,3207
3981.0,82,39009,2094
3988.0,13,28021,2025
4056.0,72,37268,2084
4181.0,151,25136,2163
934.0,34,40378,2046
935.0,41,17700,2053
937.0,51,13770,2063
938.0,1286,23302,3298
938.0,1285,10237,3297
939.0,1265,18851,3277
939.0,1261,68486,3273
939.0,1286,25139,3298
940.0,1265,14471,3277
941.0,1306,15014,3318
941.0,1287,20069,3299
942.0,1306,33177,3318
942.0,1304,11750,3316
942.0,1308,33126,3320
943.0,1329,28973,3341
943.0,1332,25953,3344
943.0,1328,14205,3340
1083.0,1219,21633,3231
3832.0,189,13440,2201
4026.0,91,118111,2103
4039.0,107,39009,2119
4152.0,36,37268,2048
4201.0,175,25136,2187
1032.0,1078,21633,3090
1041.0,1082,40378,3094
1042.0,1086,17700,3098
1043.0,1147,13770,3159
1044.0,1170,23302,3182
1044.0,1153,10237,3165
1045.0,1168,18851,3180
1045.0,1168,68486,3180
1045.0,1170,25139,3182
1045.0,1190,14471,3202
1046.0,1188,15014,3200
1046.0,1190,20069,3202
1047.0,1213,33177,3225
1047.0,1214,11750,3226
1047.0,1210,33126,3222
1047.0,1214,28973,3226
1048.0,1211,25953,3223
1048.0,1217,14205,3229
3966.0,258,13440,2270
4150.0,106,118111,2118
4230.0,73,39009,2085
4305.0,41,37268,2053
4362.0,182,25136,2194
919.0,61,40378,2073
919.0,65,17700,2077
924.0,101,13770,2113
925.0,408,23302,2420
925.0,408,18851,2420
925.0,411,68486,2423
926.0,412,25139,2424
926.0,409,14471,2421
927.0,418,15014,2430
927.0,417,20069,2429
927.0,418,33177,2430
928.0,422,11750,2434
928.0,423,33126,2435
928.0,1738,28973,3750
928.0,423,25953,2435
929.0,1736,14205,3748
1107.0,1637,21633,3649
4099.0,361,13440,2373
4494.0,54,39009,2066
4506.0,11,28021,2023
4555.0,48,37268,2060
4605.0,1058,25136,3070
1084.0,38,40378,2050
1085.0,42,17700,2054
1087.0,55,13770,2067
1088.0,1369,23302,3381
1088.0,1385,18851,3397
1089.0,1367,68486,3379
1089.0,1382,25139,3394
1089.0,1379,14471,3391
1091.0,1442,15014,3454
1091.0,1497,20069,3509
1091.0,1499,33177,3511
1092.0,1498,11750,3510
1092.0,1495,33126,3507
1092.0,1508,28973,3520
1092.0,1505,25953,3517
1093.0,1508,14205,3520
1192.0,1452,21633,3464
4232.0,214,13440,2226
4439.0,64,136303,2076
4475.0,102,39009,2114
4591.0,38,37268,2050
4720.0,188,25136,2200
893.0,55,40378,2067
899.0,53,17700,2065
901.0,97,13770,2109
901.0,392,23302,2404
902.0,391,18851,2403
902.0,395,68486,2407
902.0,393,25139,2405
902.0,393,14471,2405
903.0,411,15014,2423
903.0,410,20069,2422
904.0,408,33177,2420
904.0,412,11750,2424
904.0,416,33126,2428
904.0,417,28973,2429
905.0,1860,25953,3872
905.0,1861,14205,3873
1071.0,1774,21633,3786
3306.0,1075,13440,3087
4373.0,95,39009,2107
4380.0,35,136303,2047
4472.0,58,37268,2070
4532.0,150,25136,2162
885.0,33,40378,2045
887.0,39,17700,2051
889.0,52,13770,2064
890.0,1243,23302,3255
890.0,1242,18851,3254
890.0,1240,68486,3252
890.0,1236,25139,3248
891.0,1240,14471,3252
891.0,1268,15014,3280
892.0,1269,20069,3281
892.0,1266,33177,3278
892.0,1265,11750,3277
892.0,1266,33126,3278
893.0,1304,28973,3316
893.0,1322,25953,3334
894.0,1323,14205,3335
1063.0,1197,21633,3209
2619.0,1322,13440,3334
3869.0,95,118111,2107
3972.0,70,39009,2082
4034.0,70,37268,2082
4105.0,155,25136,2167
937.0,34,40378,2046
937.0,41,17700,2053
939.0,52,13770,2064
940.0,1246,23302,3258
941.0,1245,18851,3257
941.0,1240,68486,3252
941.0,1241,25139,3253
942.0,1243,14471,3255
943.0,1263,15014,3275
943.0,1264,20069,3276
943.0,1261,33177,3273
944.0,1263,11750,3275
944.0,1265,33126,3277
944.0,1304,28973,3316
945.0,1302,25953,3314
945.0,1302,14205,3314
1050.0,1237,21633,3249
3849.0,188,13440,2200
4032.0,90,136303,2102
4095.0,73,39009,2085
4175.0,34,37268,2046
4223.0,181,25136,2193
993.0,36,40378,2048
994.0,42,17700,2054
996.0,53,13770,2065
996.0,1392,23302,3404
997.0,1397,18851,3409
997.0,1394,68486,3406
997.0,1396,25139,3408
998.0,1394,14471,3406
999.0,1409,15014,3421
999.0,1410,20069,3422
1000,1412,33177,3424
1000,1413,11750,3425
1000,1407,33126,3419
1001.0,1475,28973,3487
1001.0,1472,25953,3484
1001.0,1475,14205,3487
1093.0,1440,21633,3452
2827.0,101,13440,2113
2956.0,43,39009,2055
3012.0,1621,37268,3633
4562.0,13,28021,2025
4637.0,231,25136,2243
1064.0,40,68453,2052
1065.0,45,17700,2057
1067.0,58,13770,2070
1068.0,305,23302,2317
1068.0,301,18851,2313
1068.0,306,68486,2318
1069.0,305,25139,2317
1069.0,301,14471,2313
1071.0,1583,15014,3595
1071.0,1585,20069,3597
1071.0,1585,13584,3597
1072.0,1582,11750,3594
1072.0,1585,10182,3597
1072.0,1605,28973,3617
1073.0,1602,16016,3614
1073.0,1601,14205,3613
1157.0,1646,21633,3658
3147.0,150,13440,2162
3325.0,36,136303,2048
3328.0,1507,39009,3519
4837.0,149,37268,2161
4906.0,246,25136,2258
1055.0,38,41393,2050
1058.0,57,13770,2069
1058.0,312,23302,2324
1059.0,330,17700,2342
1059.0,324,18851,2336
1060.0,327,68486,2339
1060.0,329,25139,2341
1060.0,327,14471,2339
1061.0,332,15014,2344
1062.0,1701,20069,3713
1062.0,1723,13584,3735
1062.0,1701,11750,3713
1063.0,1723,10182,3735
1063.0,1775,28973,3787
1063.0,1774,16016,3786
1063.0,1733,14205,3745
1156.0,26,11026,2038
1158.0,1808,21633,3820
2779.0,1826,13440,3838
3039.0,1572,39009,3584
3344.0,1378,37268,3390
3418.0,1309,25136,3321
1000,75,41393,2087
1003.0,92,13770,2104
1003.0,1485,23302,3497
1004.0,1482,17700,3494
1004.0,1486,18851,3498
1004.0,1483,68486,3495
1005.0,1486,25139,3498
1005.0,1555,14471,3567
1006.0,1555,15014,3567
1006.0,1552,20069,3564
1006.0,1556,13584,3568
1006.0,1619,11750,3631
1007.0,1621,10182,3633
1007.0,1620,28973,3632
1007.0,1623,16016,3635
1008.0,1624,14205,3636
1208.0,1466,21633,3478
4376.0,196,13440,2208
4578.0,82,136303,2094
4581.0,59,39009,2071
4662.0,48,37268,2060
4717.0,190,25136,2202
936.0,42,41393,2054
938.0,59,13770,2071
939.0,1438,23302,3450
940.0,1439,17700,3451
940.0,1436,18851,3448
941.0,1440,68486,3452
941.0,1434,25139,3446
941.0,1457,14471,3469
942.0,1456,15014,3468
943.0,1458,20069,3470
943.0,1457,13584,3469
943.0,1458,11750,3470
944.0,1459,10182,3471
944.0,1460,28973,3472
944.0,1460,16016,3472
944.0,1461,14205,3473
1044.0,1423,21633,3435
2869.0,1577,13440,3589
4319.0,51,118111,2063
4439.0,80,39009,2092
4508.0,84,37268,2096
4593.0,158,25136,2170
1171.0,51,41393,2063
1173.0,71,13770,2083
1174.0,1049,23302,3061
1174.0,1041,17700,3053
1175.0,1048,18851,3060
1175.0,1050,68486,3062
1175.0,1045,25139,3057
1176.0,1061,14471,3073
1177.0,1059,15014,3071
1177.0,1061,20069,3073
1177.0,1060,13584,3072
1177.0,1095,11750,3107
1178.0,1097,10182,3109
1178.0,1098,28973,3110
1178.0,1099,16016,3111
1179.0,1100,14205,3112
2149.0,210,21633,2222
4077.0,289,13440,2301
4264.0,98,136303,2110
5518.0,63,39009,2075
5587.0,60,37268,2072
5649.0,165,25136,2177
852.0,46,41393,2058
854.0,72,13770,2084
854.0,1410,33805,3422
854.0,1409,17700,3421
855.0,1408,18851,3420
855.0,1406,68486,3418
855.0,1410,25139,3422
856.0,1512,14471,3524
856.0,1509,15014,3521
857.0,1510,20069,3522
857.0,1504,13584,3516
857.0,1507,11750,3519
857.0,1569,10182,3581
858.0,1573,28973,3585
858.0,1570,16016,3582
858.0,1570,14205,3582
1087.0,1404,21633,3416
4175.0,1301,13440,3313
5452.0,110,39009,2122
5471.0,72,136303,2084
5582.0,39,37268,2051
5637.0,189,25136,2201
982.0,42,41393,2054
985.0,60,13770,2072
986.0,332,33805,2344
986.0,329,17700,2341
986.0,330,18851,2342
987.0,333,68486,2345
987.0,332,25139,2344
987.0,1792,14471,3804
988.0,1771,15014,3783
989.0,1784,20069,3796
991.0,1768,13584,3780
991.0,1780,11750,3792
991.0,1844,10182,3856
992.0,1901,28973,3913
992.0,1905,16016,3917
992.0,1903,14205,3915
1099.0,1861,21633,3873
3257.0,1459,13440,3471
4718.0,103,39009,2115
4725.0,35,136303,2047
4823.0,71,37268,2083
4895.0,156,25136,2168
842.0,60,41393,2072
845.0,85,13770,2097
847.0,1758,33805,3770
848.0,1752,17700,3764
848.0,1754,18851,3766
849.0,1758,68486,3770
849.0,1640,25139,3652
850.0,1752,14471,3764
851.0,1771,15014,3783
851.0,1762,20069,3774
852.0,1771,13584,3783
852.0,1767,11750,3779
853.0,1767,10182,3779
853.0,1771,28973,3783
853.0,1799,16016,3811
853.0,1772,14205,3784
1037.0,1656,21633,3668
4377.0,207,13440,2219
4582.0,100,136303,2112
4594.0,124,39009,2136
4726.0,41,37268,2053
4778.0,188,25136,2200
928.0,57,41393,2069
931.0,110,13770,2122
931.0,405,33805,2417
931.0,409,17700,2421
932.0,424,18851,2436
932.0,425,68486,2437
932.0,426,25139,2438
932.0,422,14471,2434
933.0,424,15014,2436
933.0,428,20069,2440
934.0,1804,13584,3816
935.0,1804,11750,3816
935.0,1805,10182,3817
935.0,1805,28973,3817
936.0,1816,16016,3828
936.0,1819,14205,3831
1122.0,1752,21633,3764
3288.0,1413,13440,3425
4593.0,48,136303,2060
4598.0,96,39009,2108
4703.0,145,37268,2157
4768.0,159,25136,2171
1016.0,9530,26693,11542
1017.0,2565,45200,4577
1017.0,10017,33070,12029
1017.0,4664,75122,6676
1018.0,9948,41784,11960
1018.0,1293,66210,3305
1018.0,5803,42562,7815
1019.0,16562,10823,18574
1021.0,5527,13770,7539
1021.0,6850,40202,8862
1021.0,5803,17700,7815
1021.0,5808,18851,7820
1022.0,5811,68486,7823
1022.0,5816,25139,7828
1022.0,5822,14471,7834
1023.0,6669,15014,8681
1023.0,6679,20069,8691
1023.0,6703,13584,8715
1024.0,6707,11750,8719
1024.0,6712,10182,8724
1025.0,6715,28973,8727
1025.0,6720,16016,8732
1025.0,7898,31329,9910
1133.0,6845,21633,8857
2782.0,6563,13440,8575
3233.0,6189,39009,8201
3240.0,32,136303,2044
3314.0,6138,37268,8150
3365.0,6092,25136,8104
18587.0,1571,27168,3583
18591.0,1447,43349,3459
18591.0,2388,27531,4400
1150.0,57,26693,2069
1150.0,57,45200,2069
1151.0,61,33070,2073
1151.0,63,75122,2075
1151.0,64,41784,2076
1152.0,1054,66210,3066
1152.0,1055,42562,3067
1154.0,1083,10823,3095
1155.0,1208,13770,3220
1155.0,1142,40202,3154
1155.0,1209,17700,3221
1156.0,1211,18851,3223
1156.0,1244,68486,3256
1156.0,1246,25139,3258
1157.0,1245,14471,3257
1157.0,1287,15014,3299
1158.0,1297,20069,3309
1158.0,1298,13584,3310
1158.0,1288,11750,3300
1158.0,1298,10182,3310
1159.0,1294,28973,3306
1159.0,1298,16016,3310
1159.0,1682,31329,3694
2212.0,1819,21633,3831
4530.0,1114,13440,3126
5563.0,80,39009,2092
5571.0,16,28021,2028
5645.0,61,37268,2073
5707.0,253,25136,2265
10633.0,16,27168,2028
10635.0,26,22336,2038
10636.0,27,24372,2039
10637.0,13,43349,2025
10638.0,24,27531,2036
10639.0,23,42569,2035
10639.0,35,42913,2047
844.0,61,26693,2073
845.0,62,45200,2074
845.0,65,33070,2077
845.0,68,75122,2080
846.0,69,41784,2081
846.0,75,66210,2087
847.0,75,42562,2087
850.0,91,10823,2103
851.0,1789,13770,3801
852.0,1790,40202,3802
852.0,1788,17700,3800
852.0,1790,18851,3802
852.0,1786,68486,3798
853.0,2129,25139,4141
853.0,2133,14471,4145
854.0,2123,15014,4135
854.0,2104,20069,4116
854.0,2124,13584,4136
855.0,2126,11750,4138
855.0,2144,10182,4156
855.0,2145,28973,4157
855.0,2145,16016,4157
856.0,2146,31329,4158
1043.0,1997,21633,4009
4841.0,178,13440,2190
5079.0,59,136303,2071
5082.0,81,39009,2093
5164.0,45,37268,2057
5218.0,272,25136,2284
10321.0,13,27168,2025
10323.0,35,22336,2047
10325.0,33,24372,2045
10325.0,32,43349,2044
10326.0,30,27531,2042
10327.0,29,42569,2041
10327.0,49,42913,2061
989.0,63,26693,2075
989.0,62,45200,2074
989.0,71,33070,2083
990.0,72,75122,2084
990.0,76,41784,2088
990.0,77,66210,2089
990.0,86,42562,2098
992.0,124,10823,2136
993.0,419,13770,2431
993.0,418,40202,2430
993.0,420,17700,2432
994.0,417,18851,2429
994.0,415,68486,2427
994.0,2080,25139,4092
994.0,2094,14471,4106
995.0,2092,15014,4104
995.0,2089,20069,4101
996.0,2090,13584,4102
996.0,2211,11750,4223
997.0,2211,10182,4223
997.0,2213,28973,4225
997.0,2207,16016,4219
997.0,2212,31329,4224
1181.0,2094,21633,4106
3517.0,101,13440,2113
3651.0,1921,39009,3933
5534.0,35,136303,2047
5633.0,68,37268,2080
5704.0,193,25136,2205
10575.0,16,27168,2028
10577.0,28,22336,2040
10578.0,28,24372,2040
10579.0,16,43349,2028
10579.0,14,27531,2026
10580.0,26,42569,2038
10581.0,26,42913,2038
853.0,59,26693,2071
853.0,57,45200,2069
854.0,62,33070,2074
854.0,66,75122,2078
854.0,67,41784,2079
855.0,72,66210,2084
855.0,73,42562,2085
856.0,83,15516,2095
856.0,86,10823,2098
857.0,1854,13770,3866
858.0,1852,40184,3864
858.0,1852,17700,3864
858.0,1853,18851,3865
858.0,1854,68486,3866
859.0,2173,25139,4185
859.0,2176,14471,4188
860.0,2191,15014,4203
860.0,2192,20069,4204
860.0,2192,13584,4204
860.0,2193,11750,4205
861.0,2199,10182,4211
861.0,2203,28973,4215
861.0,2207,16016,4219
861.0,2201,31329,4213
1040.0,2077,21633,4089
4997.0,237,13440,2249
5233.0,61,118111,2073
5242.0,77,39009,2089
5321.0,35,37268,2047
5369.0,239,25136,2251
10652.0,17,27168,2029
10655.0,24,22336,2036
10655.0,15,24372,2027
10656.0,23,43349,2035
10657.0,24,27531,2036
10658.0,24,42569,2036
10659.0,24,42913,2036
926.0,65,26693,2077
926.0,66,45200,2078
926.0,75,33070,2087
926.0,77,75122,2089
927.0,80,41784,2092
927.0,81,66210,2093
927.0,86,42562,2098
928.0,93,15516,2105
929.0,99,10823,2111
930.0,1796,13770,3808
930.0,1795,40184,3807
930.0,1794,17700,3806
930.0,1796,18851,3808
931.0,1792,68486,3804
931.0,1812,25139,3824
931.0,1815,14471,3827
932.0,1810,15014,3822
932.0,1808,20069,3820
933.0,1811,13584,3823
933.0,1951,11750,3963
933.0,1948,10182,3960
933.0,1951,28973,3963
934.0,1949,16016,3961
934.0,2011,31329,4023
1130.0,1848,21633,3860
2821.0,2088,13440,4100
3289.0,1623,39009,3635
4633.0,365,37268,2377
4714.0,281,25136,2293
10097.0,15,27168,2027
10099.0,30,22336,2042
10100.0,16,24372,2028
10100.0,30,43349,2042
10101.0,14,27531,2026
10102.0,29,42569,2041
10102.0,38,42913,2050
1059.0,51,26693,2063
1062.0,49,45200,2061
1062.0,54,33070,2066
1062.0,57,75122,2069
1062.0,58,41784,2070
1063.0,64,66210,2076
1063.0,65,42562,2077
1064.0,74,15516,2086
1064.0,79,10823,2091
1065.0,355,13770,2367
1066.0,353,40184,2365
1066.0,351,17700,2363
1066.0,355,18851,2367
1067.0,354,68486,2366
1067.0,2075,25139,4087
1067.0,2071,14471,4083
1068.0,2072,15014,4084
1068.0,2068,20069,4080
1069.0,2073,13584,4085
1069.0,2338,11750,4350
1069.0,2270,10182,4282
1069.0,2274,28973,4286
1070.0,2265,16016,4277
1070.0,2272,31329,4284
1190.0,2274,21633,4286
5087.0,195,13440,2207
5286.0,72,118111,2084
5311.0,59,39009,2071
5381.0,39,37268,2051
5428.0,233,25136,2245
10649.0,19,27168,2031
10651.0,17,22336,2029
10652.0,31,24372,2043
10653.0,31,43349,2043
10654.0,31,27531,2043
10655.0,31,42569,2043
10656.0,39,42913,2051
832.0,2290,26693,4302
833.0,72,45200,2084
833.0,86,33070,2098
833.0,89,75122,2101
833.0,92,41784,2104
834.0,95,66210,2107
834.0,99,42562,2111
835.0,2287,12857,4299
835.0,1821,15516,3833
835.0,1824,10823,3836
838.0,2047,13770,4059
838.0,2050,40184,4062
838.0,2039,17700,4051
838.0,2285,18851,4297
839.0,2347,68486,4359
839.0,2348,25139,4360
839.0,2286,14471,4298
840.0,2348,15014,4360
840.0,2344,20069,4356
840.0,3752,13646,5764
841.0,2384,11750,4396
841.0,2384,10182,4396
842.0,2369,28973,4381
842.0,2371,16016,4383
842.0,3752,31329,5764
1023.0,3586,21633,5598
2803.0,3538,13440,5550
3216.0,3242,39009,5254
4585.0,1877,37268,3889
4667.0,4418,25136,6430
10095.0,2050,27166,4062
10098.0,28,22336,2040
10099.0,26,24372,2038
10100.0,25,43349,2037
10100.0,17,27531,2029
10101.0,22,42569,2034
10102.0,36,42913,2048
922.0,61,26693,2073
923.0,60,45200,2072
923.0,64,33070,2076
923.0,93,75122,2105
924.0,94,41784,2106
924.0,97,66210,2109
924.0,98,42562,2110
925.0,104,12857,2116
925.0,110,15516,2122
925.0,113,10823,2125
926.0,420,13770,2432
927.0,417,40184,2429
927.0,421,17700,2433
927.0,420,18851,2432
927.0,418,68486,2430
928.0,2454,25139,4466
928.0,2448,14471,4460
929.0,2429,15014,4441
929.0,2467,20069,4479
929.0,2469,13646,4481
929.0,2469,11750,4481
930.0,2472,10182,4484
930.0,2470,28973,4482
930.0,2482,16016,4494
930.0,2492,31329,4504
1118.0,3020,21633,5032
4159.0,351,13440,2363
4363.0,89,136303,2101
4370.0,300,39009,2312
4455.0,216,37268,2228
4525.0,243,25136,2255
10015.0,18,27166,2030
10017.0,28,22336,2040
10018.0,26,24372,2038
10019.0,17,43349,2029
10020.0,25,27531,2037
10020.0,14,42569,2026
10021.0,34,42913,2046
940.0,63,26693,2075
940.0,62,45200,2074
941.0,68,33070,2080
941.0,69,75122,2081
941.0,75,41784,2087
941.0,74,66210,2086
942.0,83,42562,2095
942.0,90,12857,2102
943.0,116,15516,2128
943.0,115,10823,2127
944.0,431,13770,2443
944.0,434,40184,2446
945.0,427,17700,2439
945.0,433,18851,2445
945.0,429,68486,2441
946.0,1868,25139,3880
946.0,1886,14471,3898
947.0,1868,15014,3880
947.0,1880,20069,3892
947.0,1886,13646,3898
947.0,1945,11750,3957
948.0,2005,10182,4017
948.0,2007,28973,4019
948.0,2003,16016,4015
949.0,2071,31329,4083
1145.0,1874,21633,3886
3337.0,1870,13440,3882
5094.0,46,118111,2058
5096.0,114,39009,2126
5199.0,81,37268,2093
5281.0,218,25136,2230
10629.0,198,27166,2210
10631.0,194,22336,2206
10632.0,195,24372,2207
10633.0,206,43349,2218
10633.0,191,27531,2203
10634.0,191,42569,2203
10635.0,205,42913,2217
937.0,68,26693,2080
938.0,65,45200,2077
938.0,74,33070,2086
938.0,75,75122,2087
938.0,78,41784,2090
939.0,80,66210,2092
939.0,85,42562,2097
940.0,91,12857,2103
940.0,94,15516,2106
941.0,99,10823,2111
942.0,1886,13770,3898
942.0,1887,40184,3899
942.0,1888,17700,3900
942.0,1881,18851,3893
943.0,1889,68486,3901
943.0,2347,25139,4359
943.0,2356,14471,4368
944.0,2372,15014,4384
944.0,2350,20069,4362
945.0,2344,13646,4356
945.0,2372,11750,4384
945.0,2369,10182,4381
946.0,2377,28973,4389
946.0,2374,16016,4386
946.0,2392,31329,4404
1177.0,2196,21633,4208
4610.0,358,13440,2370
4805.0,128,28021,2140
4882.0,109,39009,2121
4978.0,35,37268,2047
5033.0,253,25136,2265
11036.0,17,27166,2029
11038.0,18,22336,2030
11039.0,19,24372,2031
11040.0,14,43349,2026
11040.0,17,27531,2029
11041.0,15,42569,2027
11042.0,33,42913,2045
1067.0,65,26693,2077
1068.0,66,45200,2078
1068.0,83,33070,2095
1068.0,87,75122,2099
1069.0,91,41784,2103
1069.0,94,66210,2106
1069.0,97,42562,2109
1070.0,103,12857,2115
1071.0,108,15516,2120
1071.0,111,10823,2123
1072.0,2106,13770,4118
1073.0,2104,40184,4116
1073.0,2122,17700,4134
1074.0,2133,18851,4145
1074.0,2135,68486,4147
1074.0,2117,25139,4129
1075.0,2139,14471,4151
1075.0,2142,15014,4154
1076.0,2141,20069,4153
1076.0,2156,13646,4168
1076.0,2151,11750,4163
1076.0,2165,10182,4177
1077.0,2164,28973,4176
1077.0,2163,16016,4175
1077.0,2181,31329,4193
1119.0,2161,21633,4173
4956.0,257,13440,2269
5203.0,111,39009,2123
5263.0,49,136303,2061
5315.0,53,37268,2065
5385.0,1708,25136,3720
11571.0,29,27166,2041
11573.0,49,22336,2061
11574.0,47,24372,2059
11575.0,49,43349,2061
11575.0,50,27531,2062
11576.0,48,42569,2060
11577.0,46,42913,2058
1055.0,52,26693,2064
1056.0,51,45200,2063
1056.0,63,33070,2075
1056.0,62,75122,2074
1056.0,68,41784,2080
1057.0,71,66210,2083
1057.0,73,42562,2085
1057.0,77,12857,2089
1058.0,83,15516,2095
1060.0,84,10823,2096
1061.0,366,13770,2378
1062.0,363,40184,2375
1062.0,364,17700,2376
1062.0,363,18851,2375
1063.0,366,68486,2378
1063.0,1944,25139,3956
1064.0,1929,14471,3941
1064.0,1942,15014,3954
1065.0,1941,20069,3953
1065.0,1944,13646,3956
1065.0,2063,11750,4075
1066.0,2063,10182,4075
1066.0,2059,28973,4071
1066.0,2056,16016,4068
1066.0,2066,31329,4078
1201.0,1990,21633,4002
3483.0,1808,13440,3820
5294.0,39,136303,2051
5297.0,97,39009,2109
5387.0,70,37268,2082
5459.0,201,25136,2213
10435.0,17,27166,2029
10437.0,19,22336,2031
10438.0,15,24372,2027
10439.0,16,43349,2028
10439.0,16,27531,2028
10440.0,17,42569,2029
10441.0,31,42913,2043
1030.0,55,26693,2067
1031.0,52,45200,2064
1031.0,59,33070,2071
1031.0,63,75122,2075
1032.0,63,41784,2075
1032.0,70,66210,2082
1032.0,69,42562,2081
1033.0,76,12857,2088
1034.0,83,15516,2095
1034.0,82,10823,2094
1035.0,319,13770,2331
1036.0,322,40184,2334
1036.0,323,17700,2335
1037.0,317,18851,2329
1037.0,320,68486,2332
1040.0,2165,25139,4177
1040.0,2161,14471,4173
1041.0,2162,15014,4174
1041.0,2159,20069,4171
1041.0,2158,13646,4170
1042.0,2174,11750,4186
1042.0,2176,10182,4188
1043.0,2176,28973,4188
1043.0,2179,16016,4191
1043.0,2174,31329,4186
1129.0,2211,21633,4223
3796.0,153,13440,2165
3967.0,46,39009,2058
3985.0,26,136303,2038
6019.0,70,37268,2082
6093.0,266,25136,2278
11391.0,24,27166,2036
11394.0,19,22336,2031
11394.0,19,24372,2031
11395.0,18,43349,2030
11396.0,18,27531,2030
11397.0,15,42569,2027
11397.0,34,42913,2046
956.0,58,26693,2070
957.0,58,45200,2070
957.0,62,33070,2074
957.0,65,75122,2077
957.0,68,41784,2080
958.0,71,66210,2083
958.0,74,42562,2086
959.0,81,12857,2093
959.0,85,15516,2097
959.0,84,10823,2096
960.0,1949,13770,3961
961.0,1950,40184,3962
961.0,1953,17700,3965
961.0,1950,18851,3962
961.0,1951,68486,3963
962.0,2087,25139,4099
962.0,2084,14471,4096
963.0,2085,15014,4097
963.0,2088,20069,4100
963.0,2087,13646,4099
964.0,2154,11750,4166
964.0,2144,10182,4156
964.0,2153,28973,4165
964.0,2150,16016,4162
965.0,2146,31329,4158
1118.0,2112,21633,4124
5118.0,241,13440,2253
5347.0,131,39009,2143
5364.0,101,118111,2113
5472.0,41,37268,2053
5521.0,231,25136,2243
11094.0,20,27166,2032
11096.0,33,22336,2045
11097.0,34,24372,2046
11098.0,17,43349,2029
11099.0,32,27531,2044
11100.0,29,42569,2041
11100.0,41,42913,2053
968.0,64,26693,2076
969.0,65,45200,2077
969.0,80,33070,2092
969.0,83,75122,2095
970.0,92,41784,2104
970.0,90,66210,2102
970.0,96,42562,2108
971.0,104,12857,2116
971.0,106,15516,2118
971.0,107,10823,2119
972.0,429,13770,2441
973.0,428,40184,2440
973.0,426,17700,2438
974.0,423,18851,2435
974.0,424,68486,2436
974.0,2156,25139,4168
975.0,2157,14471,4169
975.0,2167,15014,4179
976.0,2155,20069,4167
976.0,2167,13646,4179
976.0,2232,11750,4244
976.0,2233,10182,4245
977.0,2291,28973,4303
977.0,2294,16016,4306
978.0,2294,31329,4306
1171.0,2166,21633,4178
3594.0,102,13440,2114
5782.0,42,136303,2054
5785.0,104,39009,2116
5880.0,175,37268,2187
5963.0,204,25136,2216
11406.0,16,27166,2028
11408.0,29,22336,2041
11409.0,15,24372,2027
11410.0,28,43349,2040
11410.0,25,27531,2037
11411.0,14,42569,2026
11412.0,23,42913,2035
4267.0,63,26693,2075
4267.0,64,45200,2076
4267.0,76,33070,2088
4268.0,80,75122,2092
4268.0,79,41784,2091
4268.0,83,66210,2095
4268.0,86,42562,2098
4269.0,90,12857,2102
4269.0,96,15516,2108
4270.0,99,10823,2111
4271.0,439,13770,2451
4272.0,442,40184,2454
4272.0,442,17700,2454
4272.0,443,18851,2455
4272.0,440,68486,2452
4273.0,1999,25139,4011
4273.0,1996,14471,4008
4274.0,1998,15014,4010
4274.0,1999,20069,4011
4275.0,1996,13646,4008
4275.0,2072,11750,4084
4275.0,2073,10182,4085
4275.0,2065,28973,4077
4276.0,2064,16016,4076
4276.0,2068,31329,4080
4479.0,1930,21633,3942
6726.0,120,13440,2132
6858.0,41,39009,2053
6909.0,36,118111,2048
6913.0,40,37268,2052
6964.0,2456,25136,4468
13454.0,17,27166,2029
13456.0,26,22336,2038
13456.0,15,24372,2027
13457.0,25,43349,2037
13458.0,22,27531,2034
13459.0,22,42569,2034
13460.0,41,42913,2053
857.0,94,26693,2106
857.0,92,45200,2104
857.0,97,33070,2109
858.0,105,75122,2117
858.0,106,41784,2118
858.0,111,66210,2123
858.0,112,42562,2124
859.0,118,12857,2130
859.0,121,15516,2133
860.0,128,10823,2140
861.0,2044,13770,4056
861.0,2048,40184,4060
861.0,2050,17700,4062
862.0,2048,18851,4060
862.0,2046,68486,4058
862.0,2320,25139,4332
862.0,2339,14471,4351
864.0,2325,15014,4337
864.0,2323,20069,4335
864.0,2307,13646,4319
864.0,2340,11750,4352
865.0,2347,10182,4359
865.0,2350,28973,4362
865.0,2348,16016,4360
865.0,2363,31329,4375
1124.0,2147,21633,4159
5312.0,254,13440,2266
5554.0,92,39009,2104
5562.0,73,136303,2085
5651.0,37,37268,2049
5702.0,249,25136,2261
11372.0,21,27166,2033
11374.0,38,22336,2050
11375.0,33,24372,2045
11375.0,33,43349,2045
11376.0,18,27531,2030
11377.0,33,42569,2045
11377.0,35,42913,2047
941.0,73,26693,2085
942.0,75,45200,2087
942.0,76,33070,2088
942.0,85,75122,2097
942.0,86,41784,2098
943.0,89,66210,2101
943.0,90,42562,2102
943.0,96,12857,2108
944.0,102,15516,2114
944.0,105,10823,2117
945.0,1887,13770,3899
946.0,1889,40184,3901
946.0,1885,17700,3897
946.0,1887,18851,3899
946.0,1889,68486,3901
947.0,2326,25139,4338
947.0,2317,14471,4329
948.0,2311,15014,4323
948.0,2317,20069,4329
948.0,4384,28656,6396
948.0,2351,28973,4363
949.0,2350,10182,4362
949.0,2353,11750,4365
949.0,2361,16016,4373
949.0,2368,31329,4380
1194.0,2157,21633,4169
5325.0,187,13440,2199
5571.0,58,118111,2070
5579.0,86,39009,2098
5659.0,38,37268,2050
5710.0,222,25136,2234
11535.0,19,27166,2031
11536.0,26,22336,2038
11537.0,25,24372,2037
11538.0,23,43349,2035
11539.0,23,27531,2035
11539.0,21,42569,2033
11540.0,39,42913,2051
1138.0,72,26693,2084
1138.0,71,45200,2083
1139.0,89,33070,2101
1139.0,87,75122,2099
1139.0,92,41784,2104
1139.0,95,66210,2107
1140.0,98,42562,2110
1140.0,107,12857,2119
1141.0,109,15516,2121
1141.0,112,10823,2124
1142.0,2010,13770,4022
1142.0,2009,40184,4021
1143.0,2007,17700,4019
1144.0,2005,18851,4017
1144.0,2010,68486,4022
1144.0,2262,25139,4274
1145.0,2265,14471,4277
1145.0,2282,15014,4294
1146.0,2249,20069,4261
1146.0,2233,28656,4245
1146.0,2282,28973,4294
1147.0,2284,10182,4296
1147.0,2289,11750,4301
1147.0,2288,16016,4300
1147.0,2314,31329,4326
1336.0,2147,21633,4159
5635.0,245,13440,2257
5874.0,75,39009,2087
5920.0,56,118111,2068
5994.0,39,37268,2051
6048.0,258,25136,2270
12007.0,29,27166,2041
12009.0,50,22336,2062
12010.0,47,24372,2059
12010.0,48,43349,2060
12011.0,49,27531,2061
12012.0,48,42569,2060
12012.0,49,42913,2061
1092.0,62,26693,2074
1093.0,63,45200,2075
1093.0,85,33070,2097
1093.0,89,75122,2101
1094.0,95,41784,2107
1094.0,123,66210,2135
1094.0,124,42562,2136
1095.0,131,12857,2143
1095.0,137,15516,2149
1095.0,140,10823,2152
1096.0,410,13770,2422
1097.0,411,40184,2423
1097.0,424,17700,2436
1097.0,424,18851,2436
1097.0,425,68486,2437
1098.0,2237,25139,4249
1098.0,2236,14471,4248
1099.0,2238,15014,4250
1099.0,2237,20069,4249
1099.0,2241,28656,4253
1099.0,2238,28973,4250
1100.0,2242,10182,4254
1100.0,2241,11750,4253
1100.0,2254,16016,4266
1100.0,2243,31329,4255
1513.0,1978,21633,3990
5691.0,117,13440,2129
5828.0,38,39009,2050
5877.0,1712,136303,3724
7553.0,86,37268,2098
7641.0,210,25136,2222
13245.0,19,27166,2031
13247.0,30,22336,2042
13248.0,30,24372,2042
13249.0,28,43349,2040
13250.0,15,27531,2027
13251.0,15,42569,2027
13251.0,28,42913,2040
