150	1
200	13
250	15
300	31
350	45
400	57
450	55
500	28
550	11
600	2
650	0
700	0
750	1
800	0
850	0
900	9
950	11
1000	21
1050	42
1100	37
1150	24
1200	12
1250	9
1300	5
1350	2
1400	4
1450	4
1500	4
1550	8
1600	10
1650	7
1700	21
1750	14
1800	2
1850	6
1900	14
1950	12
2000	12
2050	19
2100	27
2150	23
2200	10
2250	12
2300	5
2350	27
2400	28
2450	21
2500	15
2550	13
2600	17
2650	7
2700	6
2750	13
2800	13
2850	21
2900	19
2950	12
3000	6
3050	8
3100	7
3150	17
3200	1
3250	15
3300	3
3350	8
3400	10
3450	2
3500	3
3550	8
3600	3
3650	2
3700	1
3750	5
3800	1
3850	1
3900	5
3950	2
4000	2
4050	5
4100	9
4150	4
4200	7
4250	6
4300	14
4350	1
4400	0
4450	7
4500	2
4550	11
4600	10
4650	15
4700	10
4750	12
4800	11
4850	5
4900	6
4950	9
5000	4
5050	2
5100	8
5150	5
5200	5
5250	9
5300	3
5350	0
5400	3
5450	0
5500	1
5550	4
5600	3
5650	7
5700	1
5750	0
5800	1
5850	9
5900	1
5950	12
6000	0
6050	4
6100	7
6150	0
6200	2
6250	2
6300	6
6350	4
6400	2
6450	0
6500	3
6550	2
6600	2
6650	0
6700	2
6750	0
6800	0
6850	6
6900	3
6950	0
7000	0
7050	0
7100	4
7150	3
7200	0
7250	0
7300	0
7350	0
7400	0
7450	0
7500	0
7550	1
7600	3
