10500	1
11000	0
11500	56
12000	12
12500	0
13000	92
13500	2
14000	3
14500	2
15000	2
15500	0
16000	2
16500	0
17000	2
17500	1
18000	1
18500	1
19000	6
19500	2
20000	0
20500	1
21000	3
21500	3
22000	8
22500	3
23000	3
23500	0
24000	7
24500	0
25000	0
25500	1
26000	2
26500	0
27000	0
27500	2
28000	0
28500	0
29000	0
29500	0
30000	2
30500	1
31000	2
31500	3
32000	1
32500	0
33000	0
33500	1
34000	0
34500	0
35000	3
35500	1
36000	3
36500	92
37000	0
37500	1
38000	2
38500	0
39000	1
39500	0
40000	0
40500	0
41000	0
41500	0
42000	0
42500	0
43000	1
43500	0
44000	0
44500	0
45000	0
45500	0
46000	0
46500	0
47000	0
47500	0
48000	0
48500	0
49000	0
49500	0
50000	0
50500	0
51000	0
51500	0
52000	0
52500	0
53000	0
53500	0
54000	0
54500	0
55000	0
55500	0
56000	0
56500	0
57000	0
57500	0
58000	0
58500	0
59000	0
59500	0
60000	0
60500	0
61000	0
61500	0
62000	0
62500	0
63000	0
63500	0
64000	0
64500	0
65000	0
65500	0
66000	0
66500	0
67000	0
67500	0
68000	0
68500	0
69000	92
