0	148
10	87
20	81
30	58
40	63
50	43
60	27
70	30
80	35
90	37
100	28
110	20
120	18
130	5
140	11
150	7
160	4
170	6
180	1
190	0
200	0
210	2
220	2
230	0
240	2
250	2
260	0
270	0
280	0
290	0
300	0
310	0
320	0
330	0
340	0
350	0
360	0
370	0
380	0
390	0
400	0
410	0
420	0
430	0
440	3
450	2
460	1
470	0
480	1
490	0
500	3
510	1
520	0
530	0
540	1
550	0
560	0
570	0
580	0
590	0
600	0
610	0
620	0
630	0
640	0
650	1
660	2
670	0
680	0
690	0
700	1
710	2
720	0
730	0
740	0
750	0
760	0
770	1
780	0
790	0
800	0
810	0
820	0
830	0
840	0
850	0
860	0
870	0
880	0
890	0
900	0
910	1
920	0
930	0
940	0
950	0
960	0
970	0
980	0
990	0
1000	1
1010	0
1020	0
1030	0
1040	2
1050	0
1060	0
1070	1
1080	0
1090	1
1100	0
1110	0
1120	0
1130	2
1140	0
1150	2
1160	0
1170	1
1180	1
1190	0
1200	0
1210	1
1220	0
1230	0
1240	0
1250	0
1260	1
1270	0
1280	0
1290	1
1300	1
1310	0
1320	0
1330	0
1340	0
1350	0
1360	0
1370	0
1380	0
1390	0
1400	0
1410	0
1420	0
1430	0
1440	0
1450	0
1460	0
1470	0
1480	1
