starttime,duration,size,total
1982.0,374,36844,2356.0
1985.0,625,69022,2610.0
1988.0,622,26124,2610.0
2262.0,348,11922,2610.0
2647.0,519,13109,3166.0
603.0,69,36844,672.0
605.0,140,69022,745.0
607.0,259,32074,866.0
736.0,54,11922,790.0
763.0,33,13109,796.0
472.0,55,36844,527.0
474.0,54,69022,528.0
475.0,161,19302,636.0
603.0,18,11922,621.0
628.0,11,13109,639.0
483.0,74,36844,557.0
486.0,69,69022,555.0
488.0,183,24224,671.0
636.0,18,11922,654.0
650.0,6,13109,656.0
701.0,121,36844,822.0
703.0,237,69022,940.0
705.0,459,18385,1164.0
802.0,137,11922,939.0
1164.0,23,13109,1187.0
509.0,56,36844,565.0
512.0,149,69022,661.0
514.0,552,38298,1066.0
625.0,35,11922,660.0
763.0,13,13109,776.0
488.0,66,36844,554.0
491.0,62,69022,553.0
493.0,594,10875,1087.0
618.0,60,11922,678.0
656.0,34,13109,690.0
516.0,57,36844,573.0
518.0,230,69022,748.0
520.0,701,12330,1221.0
670.0,76,11922,746.0
906.0,318,13109,1224.0
475.0,127,36844,602.0
477.0,123,69022,600.0
479.0,66,12330,545.0
624.0,25,11922,649.0
670.0,20,13109,690.0
491.0,141,36844,632.0
494.0,141,69022,635.0
496.0,138,19302,634.0
662.0,42,11922,704.0
709.0,22,13109,731.0
515.0,130,36844,645.0
517.0,127,69022,644.0
519.0,96,12330,615.0
680.0,34,11922,714.0
692.0,43,13109,735.0
860.0,112,36844,972.0
862.0,127,69022,989.0
864.0,124,19302,988.0
961.0,28,11922,989.0
1136.0,557,13109,1693.0
518.0,139,36844,657.0
520.0,140,69022,660.0
522.0,775,43225,1297.0
614.0,681,11922,1295.0
768.0,527,13109,1295.0
466.0,205,36844,671.0
468.0,226,69022,694.0
470.0,932,19302,1402.0
660.0,58,11922,718.0
751.0,650,13109,1401.0
570.0,137,36844,707.0
572.0,174,69022,746.0
575.0,238,25522,813.0
680.0,68,11922,748.0
717.0,98,13109,815.0
501.0,148,36844,649.0
504.0,115,69022,619.0
506.0,242,14260,748.0
686.0,32,11922,718.0
698.0,22,13109,720.0
520.0,178,36844,698.0
522.0,214,69022,736.0
523.0,948,17160,1471.0
675.0,59,11922,734.0
696.0,48,13109,744.0
473.0,145,36844,618.0
475.0,224,69022,699.0
477.0,253,24332,730.0
685.0,24,11922,709.0
757.0,12,13109,769.0
509.0,217,36844,726.0
512.0,269,69022,781.0
514.0,361,31144,875.0
800.0,73,11922,873.0
878.0,17,13109,895.0
494.0,59,36844,553.0
496.0,210,69022,706.0
498.0,189,23328,687.0
623.0,88,11922,711.0
823.0,9,13109,832.0
488.0,58,36844,546.0
490.0,58,69022,548.0
492.0,1101,18541,1593.0
768.0,38,11922,806.0
881.0,6,13109,887.0
489.0,278,36844,767.0
492.0,277,69022,769.0
494.0,364,31551,858.0
730.0,59,11922,789.0
854.0,832,13109,1686.0
505.0,137,36844,642.0
508.0,220,69022,728.0
510.0,276,22128,786.0
717.0,40,11922,757.0
829.0,7,13109,836.0
482.0,240,36844,722.0
484.0,243,69022,727.0
486.0,1450,15209,1936.0
596.0,128,11922,724.0
884.0,1056,13109,1940.0
909.0,155,36844,1064.0
912.0,152,69022,1064.0
914.0,1329,24224,2243.0
1033.0,37,11922,1070.0
2251.0,407,13109,2658.0
508.0,227,36844,735.0
511.0,232,69022,743.0
512.0,225,23328,737.0
613.0,128,11922,741.0
909.0,29,13109,938.0
510.0,62,36844,572.0
512.0,57,69022,569.0
514.0,1326,35323,1840.0
761.0,20,11922,781.0
823.0,58,13109,881.0
1010.0,164,36844,1174.0
1013.0,167,69022,1180.0
1014.0,1364,35909,2378.0
1145.0,32,11922,1177.0
1293.0,1087,13109,2380.0
518.0,281,36844,799.0
521.0,276,69022,797.0
522.0,380,22215,902.0
620.0,178,11922,798.0
905.0,1154,13109,2059.0
524.0,271,36844,795.0
527.0,263,69022,790.0
528.0,402,12330,930.0
624.0,171,11922,795.0
934.0,22,13109,956.0
515.0,181,36844,696.0
518.0,238,69022,756.0
520.0,234,24224,754.0
743.0,41,11922,784.0
781.0,43,13109,824.0
528.0,256,36844,784.0
531.0,252,69022,783.0
533.0,1512,16248,2045.0
632.0,152,11922,784.0
885.0,1162,13109,2047.0
560.0,195,36844,755.0
563.0,204,69022,767.0
564.0,265,22947,829.0
679.0,87,11922,766.0
832.0,36,13109,868.0
617.0,197,36844,814.0
619.0,188,69022,807.0
621.0,174,22215,795.0
783.0,25,11922,808.0
851.0,11,13109,862.0
539.0,110,36844,649.0
542.0,106,69022,648.0
544.0,107,24224,651.0
743.0,30,11922,773.0
917.0,1203,13109,2120.0
504.0,158,36844,662.0
507.0,200,69022,707.0
509.0,1652,31407,2161.0
753.0,64,11922,817.0
815.0,16,13109,831.0
527.0,283,36844,810.0
530.0,280,69022,810.0
532.0,1573,36497,2105.0
749.0,60,11922,809.0
923.0,1205,13109,2128.0
522.0,59,36844,581.0
525.0,240,69022,765.0
526.0,1669,13748,2195.0
644.0,121,11922,765.0
909.0,7,13109,916.0
548.0,170,36844,718.0
551.0,232,69022,783.0
552.0,286,21107,838.0
827.0,33,11922,860.0
936.0,8,13109,944.0
551.0,148,36844,699.0
554.0,206,69022,760.0
556.0,203,12330,759.0
745.0,89,11922,834.0
2196.0,423,13109,2619.0
580.0,189,36844,769.0
583.0,179,69022,762.0
585.0,336,19302,921.0
680.0,82,11922,762.0
918.0,1327,13109,2245.0
541.0,215,36844,756.0
543.0,232,69022,775.0
545.0,1787,14555,2332.0
801.0,1529,11922,2330.0
814.0,24,13109,838.0
535.0,181,36844,716.0
538.0,234,69022,772.0
540.0,176,16248,716.0
760.0,35,11922,795.0
936.0,1308,13109,2244.0
527.0,125,36844,652.0
530.0,224,69022,754.0
532.0,1822,15143,2354.0
821.0,23,11922,844.0
892.0,61,13109,953.0
567.0,121,36844,688.0
570.0,215,69022,785.0
572.0,234,14159,806.0
772.0,37,11922,809.0
849.0,3,13109,852.0
557.0,159,36844,716.0
560.0,225,69022,785.0
562.0,222,36448,784.0
774.0,45,11922,819.0
970.0,1657,13109,2627.0
585.0,189,36844,774.0
588.0,185,69022,773.0
589.0,365,30949,954.0
687.0,88,11922,775.0
957.0,22,13109,979.0
620.0,164,36844,784.0
623.0,160,69022,783.0
624.0,328,21960,952.0
909.0,45,11922,954.0
1060.0,8,13109,1068.0
580.0,148,36844,728.0
583.0,260,69022,843.0
585.0,391,26124,976.0
782.0,74,11922,856.0
2957.0,23,13109,2980.0
750.0,189,36844,939.0
753.0,187,69022,940.0
755.0,183,19302,938.0
926.0,27,11922,953.0
1080.0,13,13109,1093.0
1120.0,94,36844,1214.0
1123.0,92,69022,1215.0
1125.0,2414,22620,3539.0
1288.0,11,11922,1299.0
1359.0,21,13109,1380.0
581.0,167,36844,748.0
585.0,224,69022,809.0
586.0,2542,31551,3128.0
799.0,33,11922,832.0
884.0,18,13109,902.0
602.0,142,36844,744.0
605.0,136,69022,741.0
607.0,2082,12330,2689.0
781.0,40,11922,821.0
799.0,24,13109,823.0
790.0,194,36844,984.0
793.0,264,69022,1057.0
795.0,324,22947,1119.0
1115.0,69,13109,1184.0
763.0,127,36844,890.0
767.0,122,69022,889.0
769.0,343,23328,1112.0
1120.0,20,13109,1140.0
583.0,94,36844,677.0
586.0,57,69022,643.0
588.0,242,22128,830.0
823.0,31,11922,854.0
906.0,7,13109,913.0
530.0,191,36844,721.0
533.0,218,69022,751.0
535.0,261,12386,796.0
811.0,37,11922,848.0
895.0,32,13109,927.0
544.0,206,36844,750.0
548.0,283,69022,831.0
549.0,468,36497,1017.0
802.0,214,11922,1016.0
889.0,127,13109,1016.0
458.0,165,36844,623.0
463.0,160,69022,623.0
464.0,341,30182,805.0
864.0,24,13109,888.0
536.0,95,36844,631.0
538.0,181,69022,719.0
541.0,2322,20585,2863.0
725.0,78,13109,803.0
576.0,119,36844,695.0
579.0,172,69022,751.0
581.0,247,35323,828.0
831.0,789,13109,1620.0
501.0,332,36844,833.0
504.0,123,69022,627.0
506.0,2807,33669,3313.0
890.0,89,13109,979.0
548.0,134,36844,682.0
551.0,130,69022,681.0
553.0,245,19612,798.0
960.0,14,13109,974.0
533.0,173,36844,706.0
537.0,352,69022,889.0
539.0,464,21107,1003.0
1001.0,42,13109,1043.0
476.0,133,36844,609.0
479.0,129,69022,608.0
481.0,125,12330,606.0
1000,32,13109,1032
1055.0,148,36844,1203.0
1058.0,146,69022,1204.0
1060.0,2443,27679,3503.0
1361.0,2141,13109,3502.0
493.0,133,36844,626.0
497.0,130,69022,627.0
499.0,651,13748,1150.0
1041.0,13,13109,1054.0
554.0,151,36844,705.0
557.0,147,69022,704.0
559.0,2844,17160,3403.0
884.0,31,13109,915.0
509.0,142,36844,651.0
512.0,135,69022,647.0
514.0,303,38298,817.0
952.0,49,13109,1001.0
517.0,142,36844,659.0
520.0,140,69022,660.0
522.0,139,19612,661.0
1018.0,8,13109,1026.0
528.0,127,36844,655.0
531.0,137,69022,668.0
533.0,291,37959,824.0
986.0,14,13109,1000.0
903.0,166,36844,1069.0
906.0,165,69022,1071.0
908.0,309,35046,1217.0
1216.0,62,13109,1278.0
573.0,150,36844,723.0
577.0,256,69022,833.0
579.0,144,22128,723.0
3526.0,774,13109,4300.0
493.0,137,36844,630.0
496.0,135,69022,631.0
497.0,452,17747,949.0
1040.0,98,13109,1138.0
487.0,168,36844,655.0
490.0,166,69022,656.0
492.0,383,24224,875.0
1037.0,10,13109,1047.0
724.0,245,36844,969.0
728.0,244,69022,972.0
730.0,375,14631,1105.0
1234.0,736,13109,1970.0
964.0,175,36844,1139.0
969.0,175,69022,1144.0
971.0,171,22215,1142.0
1272.0,32,13109,1304.0
566.0,184,36844,750.0
571.0,180,69022,751.0
573.0,281,39044,854.0
911.0,38,13109,949.0
476.0,148,36844,624.0
481.0,142,69022,623.0
483.0,434,21960,917.0
1083.0,12,13109,1095.0
572.0,218,36844,790.0
577.0,213,69022,790.0
579.0,3042,24332,3621.0
939.0,33,13109,972.0
587.0,62,36844,649.0
591.0,59,69022,650.0
593.0,55,21960,648.0
875.0,46,13109,921.0
485.0,145,36844,630.0
488.0,191,69022,679.0
490.0,712,31551,1202.0
1071.0,38,13109,1109.0
552.0,211,36844,763.0
555.0,351,69022,906.0
557.0,177,22215,734.0
879.0,36,13109,915.0
524.0,139,36844,663.0
527.0,169,69022,696.0
529.0,132,27679,661.0
1078.0,12,13109,1090.0
472.0,196,36844,668.0
476.0,157,69022,633.0
478.0,422,14187,900.0
1087.0,28,13109,1115.0
578.0,186,36844,764.0
584.0,181,69022,765.0
586.0,327,22128,913.0
908.0,49,13109,957.0
496.0,154,36844,650.0
499.0,152,69022,651.0
501.0,1328,21107,1829.0
805.0,39,13109,844.0
592.0,151,36844,743.0
596.0,149,69022,745.0
598.0,3307,30182,3905.0
1064.0,2843,13109,3907.0
493.0,170,36844,663.0
496.0,152,69022,648.0
498.0,279,12330,777.0
824.0,52,13109,876.0
459.0,154,36844,613.0
462.0,150,69022,612.0
464.0,555,12386,1019.0
997.0,24,13109,1021.0
462.0,149,36844,611.0
466.0,147,69022,613.0
468.0,147,12330,615.0
1130.0,9,13109,1139.0
562.0,54,36844,616.0
565.0,50,69022,615.0
567.0,52,12330,619.0
1018.0,3578,13109,4596.0
