starttime,duration,size,total
1348.0,1122,25626,3134
1365.0,1470,19670,3482
599.0,501,25626,2513
616.0,518,19670,2530
625.0,462,25626,2474
642.0,663,19670,2675
512.0,155,25626,2167
528.0,220,19670,2232
1003.0,722,25626,2734
1019.0,952,19670,2964
1464.0,143,25626,2155
1480.0,508,19670,2520
501.0,194,25626,2206
518.0,266,19670,2278
633.0,154,25626,2166
649.0,159,19670,2171
1424.0,479,25626,2491
1441.0,486,19670,2498
1019.0,488,25626,2500
1036.0,483,19670,2495
877.0,149,25626,2161
893.0,493,19670,2505
982.0,853,25626,2865
998.0,855,19670,2867
670.0,477,25626,2489
687.0,481,19670,2493
850.0,145,25626,2157
866.0,960,19670,2972
681.0,511,25626,2523
697.0,517,19670,2529
693.0,494,25626,2506
710.0,502,19670,2514
682.0,148,25626,2160
698.0,523,19670,2535
751.0,501,25626,2513
767.0,855,19670,2867
703.0,942,25626,2954
720.0,940,19670,2952
752.0,937,25626,2949
771.0,929,19670,2941
711.0,261,25626,2273
727.0,607,19670,2619
729.0,508,25626,2520
745.0,932,19670,2944
496.0,285,25626,2297
513.0,787,19670,2799
730.0,562,25626,2574
747.0,558,19670,2570
1866.0,1204,25626,3216
1882.0,1541,19670,3553
1173.0,528,25626,2540
1189.0,1065,19670,3077
742.0,1067,25626,3079
758.0,1079,19670,3091
703.0,532,25626,2544
719.0,2069,19670,4081
757.0,557,25626,2569
773.0,1104,19670,3116
768.0,509,25626,2521
784.0,514,19670,2526
1050.0,773,25626,2785
1066.0,768,19670,2780
982.0,1130,25626,3142
999.0,1136,19670,3148
768.0,935,25626,2947
784.0,2128,19670,4140
717.0,575,25626,2587
734.0,1216,19670,3228
872.0,530,25626,2542
888.0,1165,19670,3177
732.0,636,25626,2648
749.0,628,19670,2640
729.0,555,25626,2567
745.0,550,19670,2562
724.0,518,25626,2530
741.0,1124,19670,3136
747.0,542,25626,2554
763.0,1175,19670,3187
754.0,542,25626,2554
771.0,568,19670,2580
1012.0,1208,25626,3220
1028.0,1205,19670,3217
775.0,522,25626,2534
791.0,1217,19670,3229
784.0,324,25626,2336
802.0,536,19670,2548
492.0,389,25626,2401
509.0,478,19670,2490
781.0,532,25626,2544
798.0,539,19670,2551
768.0,528,25626,2540
785.0,532,19670,2544
766.0,1304,25626,3316
783.0,1302,19670,3314
774.0,541,25626,2553
790.0,571,19670,2583
780.0,552,25626,2564
796.0,564,19670,2576
794.0,2129,25626,4141
811.0,2123,19670,4135
901.0,261,25626,2273
917.0,271,19670,2283
798.0,535,25626,2547
815.0,531,19670,2543
504.0,432,25626,2444
520.0,532,19670,2544
777.0,580,25626,2592
793.0,1480,19670,3492
878.0,247,25626,2259
894.0,593,19670,2605
771.0,586,25626,2598
787.0,600,19670,2612
512.0,510,25626,2522
530.0,622,19670,2634
809.0,313,25626,2325
825.0,387,19670,2399
852.0,226,25626,2238
868.0,559,19670,2571
780.0,530,25626,2542
796.0,1475,19670,3487
939.0,539,25626,2551
955.0,537,19670,2549
797.0,572,25626,2584
813.0,576,19670,2588
918.0,2380,25626,4392
934.0,2388,19670,4400
815.0,228,25626,2240
831.0,542,19670,2554
1029.0,201,25626,2213
1047.0,575,19670,2587
1097.0,1091,25626,3103
1113.0,1503,19670,3515
1058.0,1644,25626,3656
1074.0,1641,19670,3653
824.0,591,25626,2603
841.0,1734,19670,3746
837.0,596,25626,2608
854.0,1776,19670,3788
827.0,232,25626,2244
843.0,547,19670,2559
851.0,248,25626,2260
867.0,571,19670,2583
884.0,239,25626,2251
900.0,551,19670,2563
538.0,490,25626,2502
561.0,553,19670,2565
844.0,582,25626,2594
860.0,1798,19670,3810
972.0,243,25626,2255
988.0,573,19670,2585
1163.0,468,25626,2480
1180.0,1832,19670,3844
1120.0,565,25626,2577
1137.0,587,19670,2599
984.0,592,24225,2604
1000,1802,19670,3814
855.0,173,24225,2185
872.0,582,19670,2594
514.0,499,24225,2511
531.0,604,19670,2616
977.0,88,24225,2100
994.0,366,19670,2378
1110.0,83,24225,2095
1127.0,334,19670,2346
986.0,82,24225,2094
1004.0,577,19670,2589
962.0,83,24225,2095
981.0,237,19670,2249
983.0,83,24225,2095
1000,564,19670,2576
991.0,88,24225,2100
1008.0,599,19670,2611
1060.0,171,24225,2183
1077.0,591,19670,2603
852.0,85,24225,2097
868.0,571,19670,2583
863.0,86,24225,2098
880.0,601,19670,2613
1117.0,83,24225,2095
1133.0,247,19670,2259
1042.0,79,24225,2091
1059.0,1920,19670,3932
1057.0,231,24225,2243
1076.0,620,19670,2632
