11900	97
12000	0
12100	0
12200	0
12300	0
12400	0
12500	46
12600	0
12700	0
12800	0
12900	0
13000	75
13100	0
13200	0
13300	0
13400	0
13500	68
13600	54
13700	0
13800	93
13900	0
14000	0
14100	27
14200	0
14300	0
14400	0
14500	0
14600	0
14700	0
14800	0
14900	0
15000	27
15100	0
15200	0
15300	0
15400	19
15500	0
15600	0
15700	0
15800	0
15900	0
16000	0
16100	0
16200	0
16300	0
16400	0
16500	0
16600	0
16700	93
16800	0
16900	0
17000	0
17100	0
17200	0
17300	0
17400	0
17500	0
17600	22
17700	0
17800	0
17900	0
18000	0
18100	0
18200	0
18300	0
18400	0
18500	0
18600	0
18700	0
18800	0
18900	0
19000	0
19100	0
19200	0
19300	0
19400	0
19500	0
19600	0
19700	0
19800	0
19900	0
20000	0
20100	0
20200	0
20300	0
20400	0
20500	0
20600	0
20700	0
20800	0
20900	0
21000	0
21100	0
21200	0
21300	61
21400	0
21500	0
21600	0
21700	0
21800	0
21900	0
22000	0
22100	0
22200	0
22300	0
22400	0
22500	0
22600	0
22700	0
22800	0
22900	0
23000	0
23100	0
23200	0
23300	0
23400	0
23500	0
23600	0
23700	0
23800	0
23900	0
24000	0
24100	0
24200	0
24300	0
24400	0
24500	0
24600	0
24700	0
24800	0
24900	0
25000	0
25100	0
25200	0
25300	12
25400	0
25500	0
25600	0
25700	0
25800	0
25900	0
26000	0
26100	0
26200	0
26300	0
26400	0
26500	0
26600	0
26700	0
26800	0
26900	0
27000	0
27100	0
27200	0
27300	0
27400	0
27500	0
27600	0
27700	0
27800	0
27900	0
28000	0
28100	0
28200	0
28300	0
28400	0
28500	0
28600	0
28700	0
28800	0
28900	0
29000	0
29100	0
29200	0
29300	0
29400	0
29500	0
29600	0
29700	0
29800	0
29900	0
30000	0
30100	0
30200	0
30300	0
30400	0
30500	0
30600	0
30700	0
30800	0
30900	0
31000	0
31100	0
31200	0
31300	0
31400	0
31500	0
31600	0
31700	0
31800	0
31900	0
32000	0
32100	0
32200	0
32300	0
32400	0
32500	0
32600	0
32700	0
32800	0
32900	0
33000	0
33100	0
33200	0
33300	0
33400	0
33500	0
33600	0
33700	0
33800	0
33900	0
34000	0
34100	0
34200	0
34300	0
34400	0
34500	0
34600	0
34700	0
34800	0
34900	0
35000	0
35100	0
35200	0
35300	0
35400	0
35500	0
35600	0
35700	0
35800	0
35900	0
36000	0
36100	0
36200	0
36300	0
36400	0
36500	0
36600	0
36700	0
36800	93
