440	20
460	74
480	64
500	71
520	66
540	21
560	26
580	26
600	19
620	8
640	2
660	6
680	0
700	6
720	1
740	0
760	0
780	2
800	0
820	2
840	0
860	0
880	1
900	0
920	3
940	0
960	0
980	3
1000	4
1020	1
1040	2
1060	5
1080	4
1100	6
1120	8
1140	5
1160	4
1180	1
1200	3
1220	3
1240	0
1260	1
1280	0
1300	1
1320	2
1340	2
1360	0
1380	1
1400	0
1420	1
1440	1
1460	3
1480	2
1500	0
1520	1
1540	0
1560	1
1580	0
1600	0
1620	0
1640	0
1660	3
1680	0
1700	0
1720	4
1740	3
1760	0
1780	4
1800	0
1820	1
1840	0
1860	2
1880	1
1900	2
1920	2
1940	1
1960	2
1980	0
2000	2
2020	0
2040	2
2060	0
2080	0
2100	1
2120	2
2140	0
2160	0
2180	0
2200	0
2220	0
2240	0
2260	2
2280	2
2300	0
2320	3
2340	0
2360	0
2380	2
2400	0
2420	0
2440	1
2460	1
2480	3
2500	0
2520	2
2540	2
2560	0
2580	4
2600	0
2620	0
2640	2
2660	0
2680	2
2700	4
2720	0
2740	0
2760	0
2780	0
2800	2
2820	0
2840	0
2860	0
2880	0
2900	0
2920	0
2940	0
2960	0
2980	4
3000	0
3020	2
3040	1
3060	1
3080	4
3100	0
3120	0
3140	1
3160	0
3180	0
3200	0
3220	0
3240	0
3260	0
3280	0
3300	1
3320	0
3340	0
3360	4
3380	2
3400	0
3420	1
3440	0
3460	0
3480	0
3500	0
3520	2
3540	3
3560	2
3580	0
3600	2
3620	0
3640	2
3660	0
3680	0
3700	0
3720	0
3740	0
3760	0
3780	0
3800	1
3820	0
3840	0
3860	1
3880	0
3900	2
3920	1
3940	0
3960	0
3980	0
4000	0
4020	0
4040	0
4060	0
4080	1
4100	1
4120	0
4140	0
4160	0
4180	0
4200	0
4220	0
4240	0
4260	0
4280	0
4300	0
4320	0
4340	0
4360	1
4380	0
4400	0
4420	0
4440	0
4460	0
4480	0
4500	0
4520	0
4540	0
4560	0
4580	0
4600	0
4620	0
4640	0
4660	0
4680	0
4700	0
4720	0
4740	0
4760	0
4780	0
4800	0
4820	0
4840	0
4860	0
4880	0
4900	0
4920	0
4940	0
4960	0
4980	0
5000	0
5020	0
5040	0
5060	0
5080	0
5100	0
5120	0
5140	0
5160	0
5180	0
5200	0
5220	0
5240	1
5260	0
5280	0
5300	0
5320	0
5340	0
5360	0
5380	0
5400	0
5420	0
5440	0
5460	1
5480	0
5500	0
5520	0
5540	0
5560	0
5580	0
5600	0
5620	0
5640	0
5660	0
5680	0
5700	0
5720	0
5740	0
5760	0
5780	0
5800	0
5820	0
5840	0
5860	0
5880	0
5900	0
5920	0
5940	0
5960	0
5980	0
6000	1
