10000	224
12000	267
14000	237
16000	131
18000	125
20000	175
22000	47
24000	228
26000	105
28000	121
30000	21
32000	102
34000	22
36000	97
38000	90
40000	67
42000	117
44000	21
46000	0
48000	0
50000	0
52000	16
54000	0
56000	24
58000	0
60000	0
62000	0
64000	0
66000	37
68000	46
70000	0
72000	0
74000	21
76000	0
78000	0
80000	0
82000	6
84000	0
86000	0
88000	0
90000	0
92000	0
94000	0
96000	0
98000	0
1e+05	0
102000	0
104000	0
106000	0
108000	0
110000	0
112000	0
114000	0
116000	0
118000	26
120000	0
122000	0
124000	0
126000	0
128000	0
130000	0
132000	0
134000	0
136000	38
