starttime,duration,size,total
1230.0,138,36830,1368.0
1235.0,127,16784,1362.0
1242.0,124,13545,1366.0
1248.0,571,13858,1819.0
1251.0,569,13562,1820.0
1251.0,569,14121,1820.0
1747.0,357,11937,2104.0
796.0,82,36830,878.0
800.0,99,16784,899.0
808.0,114,13545,922.0
813.0,137,13858,950.0
816.0,82,13562,898.0
816.0,65,14121,881.0
1059.0,55,11937,1114.0
640.0,45,36830,685.0
644.0,49,16784,693.0
652.0,49,13545,701.0
657.0,92,13858,749.0
660.0,30,13562,690.0
661.0,31,14121,692.0
862.0,471,11937,1333.0
803.0,50,36830,853.0
807.0,71,16784,878.0
815.0,53,13545,868.0
820.0,97,13858,917.0
823.0,27,13562,850.0
823.0,31,14121,854.0
1073.0,63,11937,1136.0
869.0,54,36830,923.0
873.0,50,16784,923.0
880.0,61,13545,941.0
885.0,585,13858,1470.0
888.0,31,13562,919.0
889.0,27,14121,916.0
1345.0,192,11937,1537.0
864.0,53,36830,917.0
869.0,47,16784,916.0
877.0,56,13545,933.0
882.0,120,13858,1002.0
885.0,182,13562,1067.0
885.0,180,14121,1065.0
1102.0,52,11937,1154.0
954.0,53,36830,1007.0
958.0,46,16784,1004.0
966.0,69,13545,1035.0
970.0,98,13858,1068.0
974.0,31,13562,1005.0
974.0,34,14121,1008.0
1169.0,50,11937,1219.0
827.0,549,36830,1376.0
832.0,468,16784,1300.0
845.0,575,13545,1420.0
850.0,625,13858,1475.0
855.0,521,13562,1376.0
855.0,26,14121,881.0
856.0,763,21395,1619.0
1332.0,208,11937,1540.0
846.0,91,36830,937.0
851.0,85,16784,936.0
860.0,94,13545,954.0
864.0,119,13858,983.0
868.0,68,13562,936.0
868.0,71,14121,939.0
869.0,137,21395,1006.0
1106.0,53,11937,1159.0
914.0,115,36830,1029.0
920.0,110,16784,1030.0
928.0,118,13545,1046.0
933.0,158,13858,1091.0
936.0,90,13562,1026.0
936.0,95,14121,1031.0
1197.0,52,11937,1249.0
1659.0,72,36830,1731.0
1663.0,69,16784,1732.0
1677.0,96,13858,1773.0
1680.0,166,13562,1846.0
1681.0,164,14121,1845.0
1683.0,127,21395,1810.0
1880.0,52,11937,1932.0
824.0,76,36830,900.0
829.0,50,16784,879.0
842.0,112,13858,954.0
846.0,35,13562,881.0
847.0,59,14121,906.0
848.0,138,21395,986.0
1031.0,943,11937,1974.0
954.0,82,36830,1036.0
959.0,93,16784,1052.0
968.0,251,13545,1219.0
972.0,131,13858,1103.0
975.0,74,13562,1049.0
976.0,68,14121,1044.0
976.0,153,21395,1129.0
1177.0,46,11937,1223.0
1035.0,138,36830,1173.0
1039.0,130,16784,1169.0
1048.0,144,13545,1192.0
1052.0,193,13858,1245.0
1055.0,123,13562,1178.0
1055.0,118,14121,1173.0
1056.0,215,21395,1271.0
1388.0,798,11937,2186.0
959.0,85,36830,1044.0
964.0,87,16784,1051.0
973.0,93,13545,1066.0
977.0,128,13858,1105.0
980.0,72,13562,1052.0
980.0,37,14121,1017.0
981.0,146,21395,1127.0
1202.0,53,11937,1255.0
1358.0,68,36830,1426.0
1362.0,79,16784,1441.0
1370.0,97,13545,1467.0
1374.0,161,13858,1535.0
1378.0,201,13562,1579.0
1378.0,200,14121,1578.0
1379.0,184,21395,1563.0
1655.0,51,11937,1706.0
951.0,478,36830,1429.0
955.0,476,16784,1431.0
964.0,523,13545,1487.0
968.0,599,13858,1567.0
972.0,455,13562,1427.0
972.0,517,14121,1489.0
973.0,702,21395,1675.0
1612.0,81,11937,1693.0
836.0,52,36830,888.0
841.0,83,16784,924.0
850.0,101,13545,951.0
854.0,119,13858,973.0
857.0,1174,13043,2031.0
858.0,61,13562,919.0
858.0,68,14121,926.0
859.0,144,21395,1003.0
1987.0,56,11937,2043.0
1293.0,70,36830,1363.0
1298.0,67,16784,1365.0
1307.0,76,13545,1383.0
1312.0,758,13858,2070.0
1315.0,47,13043,1362.0
1315.0,46,13562,1361.0
1316.0,48,14121,1364.0
1316.0,773,21395,2089.0
1923.0,185,11937,2108.0
841.0,107,36830,948.0
845.0,91,16784,936.0
853.0,99,13545,952.0
858.0,1045,13858,1903.0
860.0,89,13043,949.0
861.0,86,13562,947.0
861.0,80,14121,941.0
862.0,1114,21395,1976.0
1772.0,234,11937,2006.0
1042.0,71,36830,1113.0
1048.0,66,16784,1114.0
1058.0,66,13545,1124.0
1062.0,96,13858,1158.0
1065.0,48,13043,1113.0
1066.0,164,13562,1230.0
1067.0,162,14121,1229.0
1068.0,133,21395,1201.0
1261.0,53,11937,1314.0
1086.0,68,36830,1154.0
1091.0,66,16784,1157.0
1100.0,73,13545,1173.0
1105.0,113,13858,1218.0
1107.0,53,13043,1160.0
1108.0,51,13562,1159.0
1108.0,50,14121,1158.0
1109.0,143,21395,1252.0
1332.0,53,11937,1385.0
1194.0,70,36830,1264.0
1199.0,71,16784,1270.0
1207.0,175,25321,1382.0
1212.0,123,13858,1335.0
1215.0,1468,13043,2683.0
1216.0,58,13562,1274.0
1216.0,52,14121,1268.0
1218.0,155,21395,1373.0
1474.0,54,11937,1528.0
682.0,81,36830,763.0
687.0,72,16784,759.0
695.0,76,25321,771.0
700.0,113,13858,813.0
703.0,57,13043,760.0
704.0,57,13562,761.0
704.0,60,14121,764.0
705.0,144,21395,849.0
906.0,1649,11937,2555.0
1141.0,116,36830,1257.0
1145.0,90,16784,1235.0
1153.0,87,25321,1240.0
1158.0,146,13858,1304.0
1160.0,85,13043,1245.0
1161.0,81,13562,1242.0
1161.0,83,14121,1244.0
1162.0,163,21395,1325.0
1453.0,52,11937,1505.0
1132.0,84,36830,1216.0
1138.0,78,16784,1216.0
1146.0,105,25321,1251.0
1152.0,137,13858,1289.0
1154.0,57,13043,1211.0
1155.0,153,13562,1308.0
1155.0,153,14121,1308.0
1156.0,166,21395,1322.0
1358.0,64,11937,1422.0
935.0,66,36830,1001.0
940.0,62,16784,1002.0
949.0,1097,25321,2046.0
954.0,1192,13858,2146.0
956.0,52,13043,1008.0
957.0,57,13562,1014.0
958.0,1214,21395,2172.0
2001.0,205,11937,2206.0
1178.0,81,36830,1259.0
1183.0,80,16784,1263.0
1191.0,65,25321,1256.0
1196.0,97,13858,1293.0
1198.0,1666,13043,2864.0
1199.0,49,13562,1248.0
1200.0,148,21395,1348.0
1435.0,53,11937,1488.0
719.0,89,36830,808.0
723.0,75,16784,798.0
732.0,183,25321,915.0
736.0,145,13858,881.0
739.0,53,13043,792.0
740.0,69,13562,809.0
741.0,169,21395,910.0
2671.0,225,11937,2896.0
1213.0,77,36830,1290.0
1218.0,78,16784,1296.0
1227.0,77,25321,1304.0
1232.0,120,13858,1352.0
1234.0,61,13043,1295.0
1235.0,63,13562,1298.0
1236.0,144,21395,1380.0
1468.0,58,11937,1526.0
1192.0,87,36830,1279.0
1198.0,80,16784,1278.0
1206.0,77,25321,1283.0
1211.0,147,13858,1358.0
1214.0,59,13043,1273.0
1215.0,1574,13562,2789.0
1216.0,166,21395,1382.0
1427.0,1370,11937,2797.0
1224.0,71,36830,1295.0
1229.0,85,16784,1314.0
1238.0,74,25321,1312.0
1244.0,112,13858,1356.0
1246.0,71,13043,1317.0
1247.0,70,13562,1317.0
1248.0,136,21395,1384.0
1494.0,51,11937,1545.0
1199.0,89,36830,1288.0
1204.0,78,16784,1282.0
1212.0,73,25321,1285.0
1218.0,112,13858,1330.0
1221.0,1842,13043,3063.0
1222.0,66,13562,1288.0
1222.0,142,21395,1364.0
1456.0,46,11937,1502.0
878.0,70,36830,948.0
882.0,69,16784,951.0
889.0,1024,25321,1913.0
894.0,1203,13858,2097.0
897.0,53,13043,950.0
898.0,49,13562,947.0
899.0,1256,21395,2155.0
1942.0,219,11937,2161.0
1184.0,110,36830,1294.0
1188.0,111,16784,1299.0
1196.0,248,13613,1444.0
1201.0,152,13858,1353.0
1204.0,93,13043,1297.0
1205.0,90,13562,1295.0
1205.0,172,21395,1377.0
1487.0,47,11937,1534.0
889.0,905,36830,1794.0
893.0,969,16784,1862.0
900.0,967,13613,1867.0
905.0,1051,13858,1956.0
908.0,947,13043,1855.0
909.0,1019,13562,1928.0
910.0,1077,21395,1987.0
2052.0,52,11937,2104.0
1235.0,139,36830,1374.0
1240.0,142,16784,1382.0
1249.0,146,13613,1395.0
1254.0,279,13858,1533.0
1256.0,111,13043,1367.0
1258.0,111,13562,1369.0
1259.0,301,21395,1560.0
1465.0,116,11937,1581.0
1214.0,85,36830,1299.0
1220.0,77,16784,1297.0
1229.0,83,13613,1312.0
1234.0,122,13858,1356.0
1236.0,1850,13043,3086.0
1237.0,64,13562,1301.0
1238.0,149,21395,1387.0
1474.0,54,11937,1528.0
1258.0,76,36830,1334.0
1262.0,70,16784,1332.0
1270.0,79,13613,1349.0
1274.0,122,13858,1396.0
1277.0,61,13043,1338.0
1278.0,57,13562,1335.0
1279.0,139,21395,1418.0
1507.0,54,11937,1561.0
1027.0,79,36830,1106.0
1032.0,75,16784,1107.0
1041.0,74,13613,1115.0
1045.0,1499,13858,2544.0
1048.0,63,13043,1111.0
1049.0,62,13562,1111.0
1050.0,1613,21395,2663.0
2495.0,174,11937,2669.0
919.0,87,36830,1006.0
923.0,85,16784,1008.0
932.0,85,13613,1017.0
938.0,1628,13858,2566.0
941.0,66,13043,1007.0
942.0,1624,13562,2566.0
943.0,1694,21395,2637.0
2518.0,208,11937,2726.0
915.0,957,36830,1872.0
920.0,954,16784,1874.0
927.0,1031,13613,1958.0
932.0,1105,13858,2037.0
934.0,939,13043,1873.0
935.0,1023,13562,1958.0
936.0,1133,21395,2069.0
2116.0,53,11937,2169.0
868.0,81,36830,949.0
872.0,78,16784,950.0
880.0,83,13613,963.0
886.0,119,13858,1005.0
888.0,2287,13043,3175.0
889.0,63,13562,952.0
890.0,146,21395,1036.0
1084.0,48,11937,1132.0
879.0,86,36830,965.0
885.0,77,16784,962.0
894.0,79,13613,973.0
899.0,122,13858,1021.0
902.0,61,13043,963.0
903.0,63,13562,966.0
904.0,149,21395,1053.0
1120.0,2051,11937,3171.0
960.0,86,36830,1046.0
966.0,85,16784,1051.0
974.0,97,13613,1071.0
980.0,146,13858,1126.0
982.0,62,13043,1044.0
983.0,65,13562,1048.0
984.0,2157,21395,3141.0
3081.0,114,11937,3195.0
929.0,90,36830,1019.0
935.0,81,16784,1016.0
943.0,83,13613,1026.0
943.0,267,15493,1210.0
950.0,138,13858,1088.0
952.0,68,13043,1020.0
953.0,2541,13562,3494.0
954.0,169,21395,1123.0
1169.0,2285,11937,3454.0
1402.0,87,36830,1489.0
1408.0,80,16784,1488.0
1415.0,120,13613,1535.0
1416.0,117,15493,1533.0
1420.0,188,13858,1608.0
1423.0,67,13043,1490.0
1424.0,2402,12544,3826.0
1425.0,199,21395,1624.0
1652.0,72,11937,1724.0
1458.0,86,36830,1544.0
1462.0,80,16784,1542.0
1470.0,84,13613,1554.0
1470.0,86,15493,1556.0
1475.0,151,13858,1626.0
1477.0,2497,13043,3974.0
1478.0,72,12544,1550.0
1479.0,194,21395,1673.0
1735.0,54,11937,1789.0
829.0,85,36830,914.0
833.0,83,16784,916.0
840.0,120,13613,960.0
841.0,122,15493,963.0
846.0,178,13858,1024.0
850.0,62,13043,912.0
851.0,66,12544,917.0
852.0,2821,21395,3673.0
1076.0,2650,11937,3726.0
949.0,81,36830,1030.0
953.0,76,16784,1029.0
961.0,81,13613,1042.0
961.0,84,15493,1045.0
965.0,138,13858,1103.0
968.0,65,13043,1033.0
969.0,60,12544,1029.0
970.0,170,21395,1140.0
3925.0,50,11937,3975.0
1552.0,86,36830,1638.0
1557.0,80,16784,1637.0
1565.0,83,13613,1648.0
1565.0,79,15493,1644.0
1570.0,145,13858,1715.0
1572.0,69,13043,1641.0
1573.0,63,12544,1636.0
1574.0,178,21395,1752.0
1838.0,47,11937,1885.0
902.0,82,36830,984.0
907.0,82,16784,989.0
916.0,120,13613,1036.0
916.0,113,15493,1029.0
921.0,180,13858,1101.0
923.0,61,13043,984.0
924.0,3001,12544,3925.0
925.0,291,21395,1216.0
1147.0,2779,11937,3926.0
903.0,85,36830,988.0
908.0,81,16784,989.0
917.0,99,13613,1016.0
918.0,101,15493,1019.0
924.0,161,13858,1085.0
926.0,2798,13043,3724.0
927.0,64,12544,991.0
928.0,186,21395,1114.0
1164.0,2517,11937,3681.0
1440.0,85,36830,1525.0
1445.0,79,16784,1524.0
1454.0,119,13613,1573.0
1454.0,121,15493,1575.0
1459.0,184,13858,1643.0
1462.0,64,13043,1526.0
1463.0,64,12544,1527.0
1464.0,300,21395,1764.0
1682.0,99,11937,1781.0
959.0,84,36830,1043.0
964.0,83,16784,1047.0
971.0,86,13613,1057.0
971.0,78,15493,1049.0
976.0,161,13858,1137.0
978.0,64,13043,1042.0
979.0,63,12544,1042.0
980.0,2813,21395,3793.0
1182.0,2677,11937,3859.0
1503.0,87,36830,1590.0
1507.0,81,16784,1588.0
1515.0,82,13613,1597.0
1515.0,89,15493,1604.0
1520.0,168,13858,1688.0
1522.0,63,13043,1585.0
1523.0,65,12544,1588.0
1524.0,182,21395,1706.0
1752.0,51,11937,1803.0
1497.0,83,36830,1580.0
1501.0,81,16784,1582.0
1509.0,123,13613,1632.0
1509.0,124,15493,1633.0
1514.0,204,13858,1718.0
1516.0,65,13043,1581.0
1517.0,2699,12544,4216.0
1518.0,233,21395,1751.0
4636.0,199,11937,4835.0
978.0,85,36830,1063.0
982.0,77,16784,1059.0
990.0,115,13613,1105.0
990.0,117,15493,1107.0
995.0,191,13858,1186.0
998.0,2831,13043,3829.0
998.0,64,12544,1062.0
999.0,2861,21395,3860.0
1219.0,2752,11937,3971.0
978.0,1234,36830,2212.0
983.0,1302,16784,2285.0
991.0,1298,13613,2289.0
992.0,1304,15493,2296.0
996.0,1434,13858,2430.0
999.0,1285,13043,2284.0
999.0,1212,12544,2211.0
1000,1493,21395,2493
2244.0,344,11937,2588.0
1501.0,82,36830,1583.0
1506.0,80,16784,1586.0
1514.0,118,13613,1632.0
1514.0,114,15493,1628.0
1518.0,183,13858,1701.0
1521.0,67,13043,1588.0
1522.0,63,12544,1585.0
1524.0,285,21395,1809.0
1735.0,96,11937,1831.0
1462.0,82,36830,1544.0
1468.0,81,16784,1549.0
1476.0,174,13613,1650.0
1476.0,99,15493,1575.0
1481.0,200,13858,1681.0
1483.0,65,13043,1548.0
1484.0,67,12544,1551.0
1485.0,2362,21395,3847.0
1713.0,2311,11937,4024.0
1662.0,80,36830,1742.0
1666.0,77,16784,1743.0
1674.0,92,13613,1766.0
1674.0,94,15493,1768.0
1679.0,155,13858,1834.0
1682.0,64,13043,1746.0
1683.0,272,12544,1955.0
1684.0,188,21395,1872.0
1909.0,73,11937,1982.0
1004.0,99,36830,1103.0
1009.0,89,16784,1098.0
1018.0,120,13613,1138.0
1019.0,121,15493,1140.0
1023.0,177,13858,1200.0
1026.0,2738,13043,3764.0
1027.0,72,12544,1099.0
1028.0,2871,21395,3899.0
3720.0,319,11937,4039.0
1570.0,83,36830,1653.0
1575.0,81,16784,1656.0
1584.0,85,13613,1669.0
1584.0,82,15493,1666.0
1589.0,158,13858,1747.0
1592.0,63,13043,1655.0
1593.0,65,12544,1658.0
1594.0,190,21395,1784.0
1829.0,54,11937,1883.0
1762.0,84,36830,1846.0
1766.0,77,16784,1843.0
1774.0,118,13613,1892.0
1774.0,281,17665,2055.0
1778.0,143,13858,1921.0
1781.0,65,13043,1846.0
1782.0,62,12544,1844.0
1783.0,183,21395,1966.0
2012.0,56,11937,2068.0
970.0,85,36830,1055.0
975.0,83,16784,1058.0
984.0,100,13613,1084.0
985.0,101,17665,1086.0
989.0,178,13858,1167.0
992.0,63,13043,1055.0
993.0,2860,15017,3853.0
993.0,65,12544,1058.0
994.0,2817,21395,3811.0
1215.0,2732,11937,3947.0
1695.0,83,36830,1778.0
1699.0,83,16784,1782.0
1707.0,100,13613,1807.0
1707.0,95,17665,1802.0
1711.0,174,13858,1885.0
1715.0,66,13043,1781.0
1715.0,61,15017,1776.0
1716.0,2926,12544,4642.0
1716.0,201,21395,1917.0
1950.0,61,11937,2011.0
930.0,84,36830,1014.0
935.0,80,16784,1015.0
944.0,88,13613,1032.0
945.0,82,17665,1027.0
951.0,2761,13858,3712.0
954.0,2610,13043,3564.0
955.0,64,15017,1019.0
955.0,66,12544,1021.0
956.0,2843,21395,3799.0
3595.0,259,11937,3854.0
1040.0,1653,36830,2693.0
1046.0,1651,16784,2697.0
1054.0,1771,13613,2825.0
1055.0,1773,17665,2828.0
1060.0,1942,13858,3002.0
1062.0,1633,13043,2695.0
1063.0,1627,15017,2690.0
1063.0,1631,12544,2694.0
1064.0,1997,21395,3061.0
2648.0,432,11937,3080.0
1714.0,88,36830,1802.0
1720.0,87,16784,1807.0
1730.0,82,13613,1812.0
1731.0,84,17665,1815.0
1735.0,175,13858,1910.0
1737.0,70,13043,1807.0
1738.0,64,15017,1802.0
1738.0,65,12544,1803.0
1969.0,75,11937,2044.0
1589.0,89,36830,1678.0
1594.0,83,16784,1677.0
1602.0,99,13613,1701.0
1603.0,96,17665,1699.0
1608.0,185,13858,1793.0
1611.0,63,13043,1674.0
1611.0,157,15017,1768.0
1612.0,67,12544,1679.0
1839.0,2322,11937,4161.0
950.0,87,36830,1037.0
955.0,83,16784,1038.0
964.0,88,13613,1052.0
965.0,83,17665,1048.0
970.0,163,13858,1133.0
973.0,64,13043,1037.0
973.0,61,15017,1034.0
974.0,3329,12544,4303.0
1201.0,3062,11937,4263.0
1860.0,117,36830,1977.0
1865.0,113,16784,1978.0
1873.0,110,13613,1983.0
1873.0,124,17665,1997.0
1878.0,168,13858,2046.0
1881.0,2914,13043,4795.0
1881.0,64,15017,1945.0
1882.0,60,12544,1942.0
4825.0,49,11937,4874.0
1034.0,82,36830,1116.0
1038.0,81,16784,1119.0
1046.0,84,13613,1130.0
1046.0,79,17665,1125.0
1051.0,159,13858,1210.0
1053.0,64,13043,1117.0
1054.0,65,15017,1119.0
1054.0,60,12544,1114.0
1279.0,3243,11937,4522.0
1056.0,89,36830,1145.0
1061.0,85,16784,1146.0
1070.0,127,13613,1197.0
1071.0,124,17665,1195.0
1076.0,176,13858,1252.0
1078.0,69,13043,1147.0
1079.0,97,15017,1176.0
1079.0,98,12544,1177.0
4210.0,193,11937,4403.0
1509.0,85,36830,1594.0
1515.0,78,16784,1593.0
1524.0,84,13613,1608.0
1524.0,82,17665,1606.0
1529.0,2431,13858,3960.0
1532.0,66,13043,1598.0
1532.0,2430,15017,3962.0
1533.0,65,12544,1598.0
3919.0,221,11937,4140.0
1021.0,88,36830,1109.0
1025.0,79,16784,1104.0
1033.0,84,13613,1117.0
1034.0,78,17665,1112.0
1039.0,160,13858,1199.0
1041.0,63,13043,1104.0
1042.0,61,15017,1103.0
1042.0,3515,12544,4557.0
1269.0,3292,11937,4561.0
1052.0,90,36830,1142.0
1056.0,91,16784,1147.0
1064.0,131,13613,1195.0
1065.0,134,17665,1199.0
1069.0,189,13858,1258.0
1072.0,3207,13043,4279.0
1073.0,68,15017,1141.0
1073.0,67,12544,1140.0
4309.0,198,11937,4507.0
826.0,87,36830,913.0
830.0,84,16784,914.0
838.0,122,13613,960.0
839.0,125,17665,964.0
843.0,183,13858,1026.0
846.0,71,13043,917.0
846.0,72,15017,918.0
847.0,66,12544,913.0
1053.0,3060,11937,4113.0
1000,91,36830,1091
1004.0,85,16784,1089.0
1012.0,124,13613,1136.0
1012.0,128,17665,1140.0
1017.0,3069,13858,4086.0
1019.0,70,13043,1089.0
1020.0,68,15017,1088.0
1020.0,72,12544,1092.0
3928.0,322,11937,4250.0
1661.0,91,36830,1752.0
1667.0,84,16784,1751.0
1676.0,82,13613,1758.0
1676.0,79,17665,1755.0
1681.0,184,13858,1865.0
1684.0,68,13043,1752.0
1685.0,2996,15017,4681.0
1685.0,59,12544,1744.0
1912.0,2909,11937,4821.0
1805.0,81,36830,1886.0
1811.0,81,16784,1892.0
1820.0,92,13613,1912.0
1820.0,93,17665,1913.0
1825.0,187,13858,2012.0
1827.0,64,13043,1891.0
1828.0,61,15017,1889.0
1828.0,2802,12544,4630.0
2057.0,2710,11937,4767.0
1033.0,138,36830,1171.0
1037.0,140,16784,1177.0
1045.0,130,13613,1175.0
1048.0,152,17665,1200.0
1052.0,202,13858,1254.0
1055.0,2965,13043,4020.0
1056.0,116,15017,1172.0
1057.0,64,12544,1121.0
3981.0,265,11937,4246.0
883.0,91,36830,974.0
887.0,89,16784,976.0
895.0,141,13613,1036.0
896.0,137,17665,1033.0
900.0,190,13858,1090.0
905.0,72,13043,977.0
906.0,73,15017,979.0
906.0,66,12544,972.0
4104.0,316,11937,4420.0
1775.0,87,36830,1862.0
1780.0,81,16784,1861.0
1788.0,101,13613,1889.0
1788.0,102,17665,1890.0
1792.0,190,13858,1982.0
1795.0,65,13043,1860.0
1796.0,65,15017,1861.0
1796.0,68,12544,1864.0
2046.0,2916,11937,4962.0
1062.0,92,36830,1154.0
1066.0,83,16784,1149.0
1075.0,142,13613,1217.0
1076.0,85,17665,1161.0
1082.0,2897,13858,3979.0
1084.0,73,13043,1157.0
1085.0,2755,15017,3840.0
1085.0,67,12544,1152.0
3801.0,370,11937,4171.0
1597.0,125,36830,1722.0
1601.0,119,16784,1720.0
1609.0,140,13613,1749.0
1614.0,194,13858,1808.0
1617.0,108,13043,1725.0
1618.0,103,15017,1721.0
1618.0,3118,12544,4736.0
4697.0,146,11937,4843.0
1763.0,145,36830,1908.0
1768.0,139,16784,1907.0
1777.0,129,13613,1906.0
1782.0,193,13858,1975.0
1785.0,2973,13043,4758.0
1785.0,124,15017,1909.0
1786.0,69,12544,1855.0
4720.0,183,11937,4903.0
1959.0,88,36830,2047.0
1964.0,78,16784,2042.0
1973.0,287,11945,2260.0
1977.0,211,13858,2188.0
1980.0,63,13043,2043.0
1981.0,63,15017,2044.0
1981.0,66,12544,2047.0
2221.0,2891,11937,5112.0
2000,98,36830,2098
2005.0,84,16784,2089.0
2014.0,137,11945,2151.0
2020.0,200,13858,2220.0
2022.0,73,13043,2095.0
2023.0,70,15017,2093.0
2024.0,71,12544,2095.0
2276.0,3102,11937,5378.0
1138.0,83,36830,1221.0
1142.0,83,16784,1225.0
1150.0,81,11945,1231.0
1154.0,3228,13858,4382.0
1157.0,67,13043,1224.0
1158.0,3212,15017,4370.0
1158.0,64,12544,1222.0
4330.0,258,11937,4588.0
1139.0,87,36830,1226.0
1143.0,80,16784,1223.0
1151.0,81,11945,1232.0
1156.0,198,13858,1354.0
1159.0,66,13043,1225.0
1160.0,65,15017,1225.0
1160.0,3839,12544,4999.0
5033.0,177,11937,5210.0
1230.0,138,36830,1368.0
1235.0,127,16784,1362.0
1242.0,124,13545,1366.0
1248.0,571,13858,1819.0
1251.0,569,13562,1820.0
1251.0,569,14121,1820.0
1747.0,357,11937,2104.0
