0	697
100	147
200	80
300	207
400	162
500	94
600	96
700	104
800	27
900	48
1000	77
1100	53
1200	71
1300	85
1400	64
1500	26
1600	22
1700	41
1800	46
1900	28
2000	47
2100	60
2200	43
2300	40
2400	11
2500	1
2600	0
2700	0
2800	0
2900	0
3000	1
3100	0
3200	1
3300	0
3400	0
3500	2
3600	0
3700	2
3800	0
3900	0
4000	0
4100	0
4200	0
4300	1
4400	1
4500	0
4600	1
4700	0
4800	0
4900	0
5000	0
5100	0
5200	0
5300	0
5400	0
5500	1
5600	0
5700	0
5800	6
5900	0
6000	1
6100	2
6200	0
6300	0
6400	0
6500	1
6600	2
6700	5
6800	2
6900	0
7000	0
7100	0
7200	0
7300	0
7400	0
7500	0
7600	0
7700	0
7800	1
7900	0
8000	0
8100	0
8200	0
8300	0
8400	0
8500	0
8600	0
8700	0
8800	0
8900	0
9000	0
9100	0
9200	0
9300	0
9400	0
9500	1
9600	0
9700	0
9800	0
9900	1
10000	1
10100	0
10200	0
10300	0
10400	0
10500	0
10600	0
10700	0
10800	0
10900	0
11000	0
11100	0
11200	0
11300	0
11400	0
11500	0
11600	0
11700	0
11800	0
11900	0
12000	0
12100	0
12200	0
12300	0
12400	0
12500	0
12600	0
12700	0
12800	0
12900	0
13000	0
13100	0
13200	0
13300	0
13400	0
13500	0
13600	0
13700	0
13800	0
13900	0
14000	0
14100	0
14200	0
14300	0
14400	0
14500	0
14600	0
14700	0
14800	0
14900	0
15000	0
15100	0
15200	0
15300	0
15400	0
15500	0
15600	0
15700	0
15800	0
15900	0
16000	0
16100	0
16200	0
16300	0
16400	0
16500	1
