500	1
520	0
540	1
560	1
580	3
600	8
620	16
640	11
660	6
680	4
700	11
720	16
740	13
760	10
780	4
800	9
820	4
840	7
860	2
880	5
900	1
920	6
940	4
960	6
980	3
1000	1
1020	1
1040	2
1060	5
1080	0
1100	2
1120	0
1140	0
1160	2
1180	0
1200	0
1220	0
1240	1
1260	0
1280	1
1300	0
1320	0
1340	0
1360	2
1380	0
1400	0
1420	0
1440	0
1460	0
1480	1
1500	0
1520	0
1540	1
1560	0
1580	0
1600	0
1620	0
1640	0
1660	0
1680	0
1700	0
1720	0
1740	0
1760	0
1780	1
1800	0
1820	0
1840	0
1860	0
1880	0
1900	0
1920	0
1940	0
1960	0
1980	0
2000	0
2020	0
2040	0
2060	0
2080	0
2100	0
2120	0
2140	1
2160	0
2180	1
2200	0
2220	0
2240	0
2260	0
2280	0
2300	0
2320	0
2340	0
2360	1
2380	0
2400	0
2420	0
2440	0
2460	0
2480	0
2500	0
2520	0
2540	0
2560	0
2580	1
2600	0
2620	0
2640	0
2660	0
2680	0
2700	0
2720	0
2740	0
2760	0
2780	0
2800	0
2820	0
2840	0
2860	0
2880	0
2900	0
2920	0
2940	0
2960	0
2980	0
3000	0
3020	1
3040	0
3060	0
3080	0
3100	0
3120	0
3140	0
3160	0
3180	0
3200	0
3220	0
3240	0
3260	1
3280	0
3300	0
3320	0
3340	0
3360	0
3380	0
3400	0
3420	0
3440	0
3460	0
3480	0
3500	1
3520	0
3540	0
3560	0
3580	0
3600	0
3620	0
3640	0
3660	0
3680	1
3700	0
3720	0
3740	0
3760	0
3780	0
3800	0
3820	0
3840	0
3860	0
3880	0
3900	0
3920	0
3940	0
3960	0
3980	0
4000	0
4020	0
4040	0
4060	0
4080	0
4100	1
4120	0
4140	0
4160	0
4180	0
4200	0
4220	0
4240	0
4260	0
4280	0
4300	0
4320	0
4340	0
4360	0
4380	1
