490	1
495	1
500	2
505	1
510	4
515	2
520	0
525	2
530	1
535	1
540	0
545	0
550	0
555	0
560	1
565	0
570	0
575	0
580	0
585	0
590	0
595	1
600	0
605	0
610	0
615	1
620	1
625	0
630	1
635	0
640	1
645	1
650	0
655	0
660	0
665	1
670	0
675	0
680	2
685	1
690	1
695	2
700	2
705	1
710	1
715	3
720	1
725	4
730	2
735	0
740	4
745	3
750	3
755	2
760	1
765	5
770	6
775	3
780	6
785	2
790	3
795	5
800	1
805	1
810	4
815	0
820	2
825	1
830	1
835	1
840	3
845	1
850	5
855	1
860	1
865	4
870	2
875	3
880	1
885	1
890	2
895	1
900	1
905	0
910	0
915	2
920	0
925	0
930	1
935	1
940	0
945	0
950	1
955	0
960	1
965	0
970	1
975	1
980	5
985	2
990	2
995	4
1000	2
1005	1
1010	1
1015	2
1020	0
1025	2
1030	0
1035	1
1040	1
1045	2
1050	0
1055	4
1060	0
1065	1
1070	1
1075	2
1080	0
1085	0
1090	0
1095	1
1100	0
1105	1
1110	1
1115	2
1120	0
1125	1
1130	1
1135	1
1140	0
1145	0
1150	0
1155	0
1160	1
1165	0
1170	1
1175	1
1180	0
1185	1
1190	0
1195	0
1200	0
1205	0
1210	0
1215	0
1220	0
1225	0
1230	0
1235	0
1240	0
1245	0
1250	0
1255	0
1260	0
1265	0
1270	0
1275	0
1280	0
1285	0
1290	0
1295	0
1300	0
1305	0
1310	0
1315	0
1320	0
1325	0
1330	0
1335	0
1340	0
1345	1
1350	0
1355	0
1360	1
1365	0
1370	0
1375	0
1380	0
1385	0
1390	0
1395	0
1400	0
1405	0
1410	0
1415	0
1420	1
1425	0
1430	0
1435	0
1440	1
1445	0
1450	0
1455	0
1460	1
1465	0
1470	0
1475	1
1480	0
1485	0
1490	0
1495	0
1500	0
1505	0
1510	0
1515	0
1520	0
1525	0
1530	0
1535	0
1540	0
1545	0
1550	0
1555	0
1560	0
1565	0
1570	0
1575	0
1580	0
1585	0
1590	0
1595	0
1600	0
1605	0
1610	0
1615	0
1620	0
1625	0
1630	0
1635	0
1640	0
1645	0
1650	0
1655	0
1660	0
1665	0
1670	0
1675	0
1680	0
1685	0
1690	0
1695	0
1700	0
1705	0
1710	0
1715	0
1720	0
1725	0
1730	0
1735	0
1740	0
1745	0
1750	0
1755	0
1760	0
1765	0
1770	0
1775	0
1780	0
1785	0
1790	0
1795	0
1800	0
1805	0
1810	0
1815	0
1820	0
1825	0
1830	0
1835	0
1840	0
1845	0
1850	0
1855	0
1860	0
1865	1
1870	0
1875	0
1880	1
