440	2
460	25
480	41
500	43
520	39
540	27
560	26
580	23
600	14
620	10
640	4
660	8
680	6
700	6
720	6
740	11
760	10
780	10
800	7
820	9
840	4
860	6
880	9
900	16
920	6
940	3
960	5
980	3
1000	6
1020	3
1040	5
1060	4
1080	2
1100	3
1120	4
1140	1
1160	1
1180	0
1200	1
1220	1
1240	0
1260	1
1280	2
1300	0
1320	0
1340	1
1360	1
1380	0
1400	0
1420	0
1440	0
1460	0
1480	0
1500	0
1520	0
1540	0
1560	0
1580	0
1600	0
1620	0
1640	0
1660	0
1680	0
1700	0
1720	0
1740	0
1760	0
1780	0
1800	0
1820	0
1840	0
1860	0
1880	0
1900	0
1920	0
1940	0
1960	0
1980	3
2000	0
2020	0
2040	0
2060	0
2080	0
2100	0
2120	0
2140	0
2160	0
2180	1
2200	0
2220	0
2240	1
2260	1
2280	0
2300	0
2320	0
2340	0
2360	0
2380	0
2400	0
2420	0
2440	0
2460	0
2480	0
2500	0
2520	0
2540	0
2560	0
2580	0
2600	0
2620	0
2640	1
2660	0
2680	0
2700	0
2720	0
2740	0
2760	0
2780	0
2800	0
2820	0
2840	0
2860	0
2880	0
2900	0
2920	0
2940	1
2960	0
2980	0
3000	0
3020	0
3040	0
3060	0
3080	0
3100	0
3120	0
3140	0
3160	0
3180	0
3200	0
3220	0
3240	0
3260	0
3280	0
3300	0
3320	0
3340	0
3360	0
3380	0
3400	0
3420	0
3440	0
3460	0
3480	0
3500	0
3520	1
