550	11
600	28
650	25
700	14
750	8
800	27
850	45
900	45
950	49
1000	35
1050	24
1100	18
1150	10
1200	4
1250	2
1300	3
1350	9
1400	13
1450	24
1500	39
1550	38
1600	19
1650	24
1700	35
1750	26
1800	29
1850	45
1900	46
1950	57
2000	22
2050	11
2100	21
2150	35
2200	41
2250	31
2300	40
2350	47
2400	20
2450	46
2500	75
2550	17
2600	18
2650	27
2700	49
2750	6
2800	2
2850	6
2900	19
2950	40
3000	28
3050	9
3100	30
3150	15
3200	40
3250	25
3300	39
3350	17
3400	30
3450	17
3500	31
3550	22
3600	21
3650	10
3700	34
3750	25
3800	14
3850	10
3900	13
3950	22
4000	9
4050	9
4100	17
4150	36
4200	22
4250	14
4300	10
4350	17
4400	34
4450	25
4500	19
4550	12
4600	31
4650	23
4700	24
4750	33
4800	24
4850	15
4900	11
4950	13
5000	10
5050	6
5100	23
5150	9
5200	7
5250	9
5300	2
5350	14
5400	5
5450	4
5500	4
5550	10
5600	3
5650	13
5700	6
5750	37
5800	11
5850	8
5900	15
5950	15
6000	10
6050	16
6100	15
6150	15
6200	12
6250	11
6300	19
6350	18
6400	12
6450	8
6500	3
6550	5
6600	10
6650	15
6700	13
6750	22
6800	23
6850	20
6900	13
6950	12
7000	17
7050	12
7100	33
7150	14
7200	14
7250	12
7300	17
7350	2
7400	6
7450	16
7500	18
7550	18
7600	10
7650	4
7700	7
7750	5
7800	4
7850	1
7900	2
7950	11
8000	4
8050	4
8100	11
8150	9
8200	14
8250	9
8300	3
8350	6
8400	5
8450	10
8500	18
8550	4
8600	2
8650	7
8700	5
8750	3
8800	9
8850	2
8900	5
8950	4
9000	1
9050	9
9100	8
9150	4
9200	4
9250	2
9300	3
9350	1
9400	0
9450	4
9500	2
9550	6
9600	8
9650	2
9700	7
9750	4
9800	1
9850	4
9900	0
9950	0
10000	2
10050	3
10100	0
10150	2
10200	3
10250	2
10300	3
10350	1
10400	0
10450	1
10500	0
10550	0
10600	0
10650	2
