700	2
800	72
900	133
1000	91
1100	61
1200	79
1300	148
1400	114
1500	100
1600	94
1700	63
1800	81
1900	48
2000	26
2100	73
2200	126
2300	65
2400	51
2500	28
2600	48
2700	48
2800	44
2900	41
3000	36
3100	56
3200	74
3300	51
3400	28
3500	21
3600	16
3700	9
3800	14
3900	30
4000	17
4100	16
4200	19
4300	27
4400	10
4500	20
4600	15
4700	16
4800	7
4900	13
5000	3
5100	4
5200	11
5300	13
5400	9
5500	10
5600	15
5700	3
5800	8
5900	6
6000	3
6100	1
6200	5
6300	8
6400	3
6500	1
6600	0
6700	0
6800	8
6900	2
7000	1
7100	0
7200	0
7300	0
7400	0
7500	1
7600	2
7700	6
7800	2
7900	1
8000	0
8100	0
8200	0
8300	0
8400	0
8500	0
8600	0
8700	0
8800	0
8900	1
9000	1
9100	0
9200	0
9300	1
9400	4
9500	0
9600	0
9700	0
9800	0
9900	0
10000	7
10100	13
10200	0
10300	7
10400	7
10500	4
10600	25
10700	0
10800	7
10900	1
11000	8
11100	7
11200	0
11300	2
11400	19
11500	8
11600	6
11700	0
11800	0
11900	0
12000	7
12100	1
12200	0
12300	0
12400	0
12500	0
12600	0
12700	0
12800	0
12900	0
13000	0
13100	0
13200	7
13300	0
13400	6
13500	1
13600	0
13700	0
13800	0
13900	0
14000	0
14100	0
14200	0
14300	0
14400	0
14500	0
14600	0
14700	0
14800	0
14900	0
15000	0
15100	0
15200	0
15300	0
15400	0
15500	0
15600	0
15700	0
15800	0
15900	0
16000	0
16100	0
16200	0
16300	0
16400	0
16500	0
16600	0
16700	0
16800	0
16900	0
17000	0
17100	0
17200	0
17300	0
17400	0
17500	1
17600	0
17700	0
17800	0
17900	0
18000	0
18100	0
18200	0
18300	0
18400	0
18500	0
18600	0
18700	0
18800	0
18900	0
19000	0
19100	0
19200	0
19300	0
19400	0
19500	0
19600	0
19700	0
19800	0
19900	0
20000	1
20100	1
20200	0
20300	0
20400	0
20500	0
20600	0
20700	0
20800	0
20900	1
