660	1
670	0
680	0
690	1
700	0
710	0
720	0
730	0
740	1
750	0
760	0
770	0
780	3
790	0
800	1
810	0
820	1
830	0
840	0
850	0
860	0
870	0
880	1
890	0
900	0
910	0
920	0
930	2
940	1
950	0
960	0
970	1
980	1
990	1
1000	0
1010	1
1020	4
1030	0
1040	2
1050	2
1060	3
1070	2
1080	1
1090	2
1100	1
1110	1
1120	4
1130	2
1140	1
1150	1
1160	2
1170	0
1180	2
1190	3
1200	0
1210	5
1220	2
1230	3
1240	1
1250	1
1260	0
1270	1
1280	3
1290	8
1300	3
1310	4
1320	0
1330	6
1340	1
1350	4
1360	3
1370	3
1380	4
1390	0
1400	1
1410	1
1420	2
1430	3
1440	0
1450	2
1460	1
1470	1
1480	2
1490	1
1500	1
1510	1
1520	0
1530	0
1540	0
1550	0
1560	2
1570	1
1580	1
1590	0
1600	2
1610	0
1620	2
1630	1
1640	1
1650	1
1660	1
1670	1
1680	2
1690	2
1700	2
1710	0
1720	2
1730	0
1740	0
1750	0
1760	0
1770	0
1780	0
1790	0
1800	1
1810	0
1820	2
1830	3
1840	0
1850	1
1860	1
1870	1
1880	0
1890	0
1900	1
1910	0
1920	1
1930	1
1940	1
1950	0
1960	0
1970	1
1980	1
1990	0
2000	1
2010	0
2020	0
2030	0
2040	0
2050	1
2060	1
2070	0
2080	1
2090	0
2100	0
2110	1
2120	0
2130	1
2140	0
2150	0
2160	0
2170	0
2180	1
2190	0
2200	0
2210	1
2220	0
2230	1
2240	0
2250	1
2260	0
2270	2
2280	0
2290	0
2300	0
2310	0
2320	0
2330	0
2340	0
2350	0
2360	0
2370	0
2380	0
2390	0
2400	0
2410	0
2420	0
2430	0
2440	0
2450	0
2460	1
2470	0
2480	0
2490	0
2500	0
2510	0
2520	0
2530	0
2540	0
2550	0
2560	0
2570	1
2580	0
2590	0
2600	0
2610	1
2620	1
2630	0
2640	0
2650	1
2660	0
2670	0
2680	0
2690	0
2700	1
2710	1
2720	0
2730	0
2740	0
2750	0
2760	0
2770	0
2780	1
2790	0
2800	1
2810	0
2820	0
2830	1
2840	0
2850	0
2860	0
2870	0
2880	0
2890	0
2900	0
2910	1
2920	1
2930	1
2940	0
2950	0
2960	0
2970	1
2980	0
2990	0
3000	0
3010	1
3020	0
3030	0
3040	0
3050	0
3060	1
3070	0
3080	0
3090	0
3100	0
3110	0
3120	0
3130	0
3140	0
3150	0
3160	0
3170	0
3180	0
3190	0
3200	0
3210	0
3220	0
3230	0
3240	0
3250	0
3260	0
3270	0
3280	0
3290	1
3300	0
3310	0
3320	1
3330	0
3340	0
3350	0
3360	0
3370	0
3380	0
3390	0
3400	0
3410	0
3420	1
