600	1
620	0
640	0
660	1
680	8
700	8
720	11
740	14
760	8
780	11
800	15
820	9
840	8
860	5
880	2
900	5
920	7
940	8
960	9
980	2
1000	3
1020	4
1040	2
1060	4
1080	2
1100	3
1120	0
1140	0
1160	5
1180	1
1200	1
1220	1
1240	1
1260	1
1280	1
1300	2
1320	0
1340	4
1360	0
1380	1
1400	0
1420	0
1440	0
1460	0
1480	0
1500	1
1520	0
1540	0
1560	1
1580	0
1600	0
1620	0
1640	0
1660	0
1680	1
1700	0
1720	0
1740	0
1760	0
1780	0
1800	0
1820	1
1840	0
1860	0
1880	0
1900	0
1920	0
1940	0
1960	0
1980	0
2000	0
2020	0
2040	0
2060	0
2080	0
2100	0
2120	0
2140	0
2160	0
2180	1
2200	0
2220	1
2240	0
2260	0
2280	0
2300	0
2320	0
2340	0
2360	0
2380	1
2400	0
2420	0
2440	0
2460	0
2480	0
2500	0
2520	0
2540	0
2560	0
2580	0
2600	0
2620	1
2640	0
2660	0
2680	0
2700	0
2720	0
2740	0
2760	0
2780	0
2800	0
2820	0
2840	0
2860	0
2880	0
2900	0
2920	0
2940	0
2960	0
2980	0
3000	0
3020	0
3040	1
3060	0
3080	0
3100	0
3120	0
3140	0
3160	0
3180	0
3200	0
3220	0
3240	0
3260	0
3280	1
3300	0
3320	0
3340	0
3360	0
3380	0
3400	0
3420	0
3440	0
3460	0
3480	0
3500	0
3520	0
3540	0
3560	0
3580	1
3600	0
3620	0
3640	0
3660	0
3680	0
3700	0
3720	1
3740	0
3760	0
3780	0
3800	0
3820	0
3840	0
3860	0
3880	0
3900	0
3920	0
3940	0
3960	0
3980	0
4000	0
4020	0
4040	0
4060	0
4080	0
4100	0
4120	1
4140	0
4160	0
4180	0
4200	0
4220	0
4240	0
4260	0
4280	0
4300	0
4320	0
4340	0
4360	0
4380	0
4400	1
