starttime,duration,size,total
1488.0,718,65758,2730
1491.0,773,11236,2785
1592.0,704,35128,2716
3303.0,111,70402,2123
3304.0,1045,23040,3057
3305.0,1137,38665,3149
3305.0,1049,19037,3061
3306.0,109,72928,2121
4716.0,451,18109,2463
4948.0,54,22626,2066
1338.0,89,35128,2101
1389.0,42,65758,2054
1398.0,47,11236,2059
2479.0,33,70402,2045
2480.0,29,23040,2041
2481.0,25,38665,2037
2481.0,28,19037,2040
2482.0,26,72928,2038
2798.0,88,18109,2100
3480.0,8,22626,2020
1246.0,79,35128,2091
1301.0,32,65758,2044
1310.0,29,11236,2041
2340.0,33,70402,2045
2341.0,29,23040,2041
2341.0,28,38665,2040
2342.0,17,19037,2029
2343.0,15,72928,2027
2556.0,148,39234,2160
3344.0,22,22626,2034
1357.0,96,35128,2108
1410.0,63,65758,2075
1418.0,92,11236,2104
2847.0,34,70402,2046
2848.0,17,23040,2029
2849.0,16,38665,2028
2849.0,52,19037,2064
2850.0,18,72928,2030
3212.0,177,17666,2189
3892.0,13,22626,2025
1026.0,147,35128,2159
1081.0,50,65758,2062
1089.0,101,11236,2113
2417.0,21,70402,2033
2418.0,30,23040,2042
2419.0,17,38665,2029
2419.0,16,19037,2028
2420.0,51,72928,2063
2677.0,485,38135,2497
3448.0,7,22626,2019
1098.0,57,35128,2069
1112.0,97,65758,2109
1120.0,85,11236,2097
2335.0,31,70402,2043
2336.0,30,23040,2042
2337.0,53,38665,2065
2337.0,31,19037,2043
2338.0,30,72928,2042
2575.0,7,18109,2019
3123.0,6,22626,2018
1395.0,86,35128,2098
1450.0,33,65758,2045
1459.0,56,11236,2068
2670.0,20,70402,2032
2672.0,19,23040,2031
2672.0,15,38665,2027
2673.0,21,19037,2033
2673.0,20,72928,2032
2951.0,21,38135,2033
3698.0,5,22626,2017
1226.0,103,35128,2115
1282.0,50,65758,2062
1290.0,103,11236,2115
2747.0,43,70402,2055
2748.0,5,23040,2017
2749.0,7,38665,2019
2749.0,19,19037,2031
2750.0,6,72928,2018
3088.0,21,39234,2033
3750.0,32,22626,2044
1287.0,122,35128,2134
1351.0,106,65758,2118
1360.0,99,11236,2111
2780.0,23,70402,2035
2781.0,19,23040,2031
2782.0,21,38665,2033
2782.0,550,34131,2562
2783.0,17,72928,2029
3535.0,129,26139,2141
4175.0,12,22626,2024
1432.0,78,35128,2090
1487.0,51,65758,2063
1496.0,44,11236,2056
2870.0,19,70402,2031
2871.0,29,23040,2041
2872.0,17,38665,2029
2872.0,17,19037,2029
2873.0,29,72928,2041
3278.0,76,39234,2088
3856.0,7,22626,2019
1341.0,121,35128,2133
1406.0,128,65758,2140
1415.0,76,11236,2088
3039.0,32,70402,2044
3040.0,16,23040,2028
3040.0,50,38665,2062
3041.0,17,19037,2029
3042.0,31,72928,2043
3464.0,172,37961,2184
4089.0,85,22626,2097
1400.0,95,35128,2107
1456.0,38,65758,2050
1465.0,111,11236,2123
2882.0,30,70402,2042
2883.0,16,23040,2028
2883.0,26,38665,2038
2884.0,28,19037,2040
2885.0,49,72928,2061
3301.0,87,26139,2099
3889.0,5,22626,2017
1269.0,84,35128,2096
1325.0,32,65758,2044
1333.0,68,11236,2080
2715.0,21,70402,2033
2716.0,32,23040,2044
2717.0,31,38665,2043
2717.0,51,19037,2063
2718.0,16,72928,2028
2955.0,221,38434,2233
3706.0,10,22626,2022
1401.0,99,35128,2111
1457.0,42,65758,2054
1466.0,60,11236,2072
2783.0,21,70402,2033
2785.0,18,23040,2030
2785.0,17,19037,2029
2786.0,17,34131,2029
2786.0,20,72928,2032
3020.0,9,37961,2021
3819.0,8,22626,2020
1321.0,118,35128,2130
1384.0,61,65758,2073
1394.0,57,11236,2069
2835.0,19,70402,2031
2837.0,21,23040,2033
2837.0,51,38665,2063
2838.0,19,19037,2031
2839.0,18,72928,2030
3452.0,8,17666,2020
3826.0,6,22626,2018
1285.0,98,35128,2110
1340.0,48,65758,2060
1349.0,66,11236,2078
3150.0,33,70402,2045
3151.0,30,23040,2042
3152.0,29,38665,2041
3152.0,49,19037,2061
3153.0,16,72928,2028
3501.0,7,18109,2019
4298.0,14,22626,2026
1341.0,81,35128,2093
1398.0,26,65758,2038
1407.0,47,11236,2059
2828.0,31,70402,2043
2830.0,16,23040,2028
2830.0,30,38665,2042
2831.0,53,19037,2065
2831.0,32,72928,2044
3065.0,5,26139,2017
3833.0,5,22626,2017
1349.0,85,35128,2097
1405.0,35,65758,2047
1413.0,55,11236,2067
2883.0,32,70402,2044
2885.0,31,23040,2043
2885.0,28,38665,2040
2886.0,48,19037,2060
2886.0,26,72928,2038
3121.0,7,37961,2019
3913.0,7,22626,2019
1593.0,80,35128,2092
1648.0,56,65758,2068
1657.0,45,11236,2057
3223.0,20,70402,2032
3224.0,20,23040,2032
3224.0,15,38665,2027
3225.0,21,19037,2033
3226.0,20,72928,2032
3632.0,24,39234,2036
4235.0,111,22626,2123
1259.0,80,35128,2092
1315.0,49,65758,2061
1324.0,47,11236,2059
2783.0,33,70402,2045
2784.0,52,23040,2064
2785.0,28,38665,2040
2785.0,28,19037,2040
2786.0,16,72928,2028
3025.0,7,37961,2019
3803.0,6,22626,2018
1313.0,95,35128,2107
1368.0,43,65758,2055
1376.0,62,11236,2074
2878.0,19,70402,2031
2880.0,16,23040,2028
2880.0,49,38665,2061
2881.0,31,19037,2043
2881.0,18,72928,2030
3121.0,8,18109,2020
3890.0,9,22626,2021
1371.0,96,35128,2108
1427.0,47,65758,2059
1435.0,45,11236,2057
3100.0,21,70402,2033
3101.0,20,23040,2032
3102.0,20,38665,2032
3102.0,50,19037,2062
3103.0,16,72928,2028
3346.0,8,37961,2020
4106.0,8,22626,2020
1362.0,88,35128,2100
1366.0,87,65758,2099
1374.0,84,11236,2096
3191.0,61,70402,2073
3192.0,57,23040,2069
3192.0,44,38665,2056
3192.0,56,19037,2068
3193.0,22,72928,2034
3501.0,7,17666,2019
4256.0,6,22626,2018
1115.0,82,35128,2094
1172.0,59,65758,2071
1180.0,48,11236,2060
2958.0,89,70402,2101
2959.0,92,23040,2104
2960.0,88,19037,2100
2960.0,89,34131,2101
2961.0,90,72928,2102
3272.0,7,17666,2019
4052.0,6,22626,2018
1309.0,96,35128,2108
1365.0,75,65758,2087
1374.0,63,11236,2075
3519.0,30,70402,2042
3520.0,16,23040,2028
3520.0,32,34131,2044
3521.0,659,52578,2671
3522.0,29,72928,2041
4345.0,8,39234,2020
5089.0,11,22626,2023
1368.0,55,65758,2067
1372.0,146,11236,2158
1396.0,34,35128,2046
3432.0,22,70402,2034
3434.0,21,23040,2033
3434.0,18,38665,2030
3435.0,17,19037,2029
3435.0,16,72928,2028
3679.0,7,38434,2019
4453.0,7,22626,2019
1406.0,171,65758,2183
1409.0,127,11236,2139
1495.0,135,35128,2147
3418.0,19,70402,2031
3420.0,19,19037,2031
3420.0,29,34131,2041
3421.0,17,52578,2029
3422.0,30,72928,2042
3934.0,13,37961,2025
4425.0,8,22626,2020
1366.0,111,35128,2123
1438.0,92,65758,2104
1447.0,97,11236,2109
3295.0,66,70402,2078
3297.0,65,23040,2077
3297.0,52,38665,2064
3298.0,25,19037,2037
3298.0,28,72928,2040
3608.0,7,38434,2019
4360.0,7,22626,2019
1289.0,80,35128,2092
1345.0,47,65758,2059
1354.0,48,11236,2060
3336.0,81,70402,2093
3337.0,38,23040,2050
3337.0,39,38665,2051
3338.0,25,19037,2037
3338.0,40,72928,2052
3609.0,100,18109,2112
4339.0,6,22626,2018
1318.0,113,35128,2125
1378.0,56,65758,2068
1388.0,50,11236,2062
3715.0,34,70402,2046
3717.0,30,23040,2042
3717.0,30,38665,2042
3718.0,15,19037,2027
3718.0,27,72928,2039
4324.0,23,38434,2035
4739.0,9,22626,2021
1296.0,96,35128,2108
1311.0,149,65758,2161
1322.0,148,11236,2160
3282.0,54,70402,2066
3283.0,30,23040,2042
3284.0,16,38665,2028
3284.0,29,19037,2041
3285.0,28,72928,2040
3512.0,7,39234,2019
4282.0,5,22626,2017
1485.0,105,35128,2117
1542.0,46,65758,2058
1551.0,73,11236,2085
3519.0,45,70402,2057
3520.0,83,23040,2095
3521.0,46,38665,2058
3521.0,69,19037,2081
3523.0,43,72928,2055
3811.0,9,39234,2021
4576.0,9,22626,2021
1354.0,82,35128,2094
1412.0,55,65758,2067
1421.0,48,11236,2060
3503.0,56,70402,2068
3504.0,56,23040,2068
3504.0,52,38665,2064
3504.0,51,19037,2063
3505.0,50,72928,2062
3778.0,8,38434,2020
4554.0,166,22626,2178
1060.0,104,35128,2116
1118.0,43,65758,2055
1127.0,76,11236,2088
3023.0,716,70402,2728
3024.0,64,23040,2076
3024.0,62,19037,2074
3025.0,37,34131,2049
3026.0,36,72928,2048
3939.0,97,26139,2109
4649.0,7,22626,2019
1311.0,97,35128,2109
1326.0,148,65758,2160
1333.0,1269,15140,3281
3262.0,81,70402,2093
3263.0,61,23040,2073
3264.0,60,38665,2072
3264.0,44,19037,2056
3265.0,46,72928,2058
3546.0,7,38434,2019
4374.0,10,22626,2022
1434.0,145,35128,2157
1503.0,98,65758,2110
1509.0,94,15140,2106
3658.0,34,70402,2046
3659.0,34,23040,2046
3659.0,33,38665,2045
3660.0,30,34131,2042
3661.0,26,72928,2038
3936.0,8,37961,2020
4685.0,12,22626,2024
1418.0,107,35128,2119
1479.0,43,65758,2055
1485.0,36,15140,2048
3467.0,29,70402,2041
3468.0,64,23040,2076
3468.0,39,38665,2051
3469.0,40,19037,2052
3469.0,76,72928,2088
3748.0,9,38135,2021
4521.0,7,22626,2019
1355.0,105,35128,2117
1411.0,46,65758,2058
1417.0,40,15140,2052
3552.0,66,70402,2078
3553.0,26,38665,2038
3553.0,66,19037,2078
3554.0,65,34131,2077
3554.0,85,52578,2097
3555.0,51,72928,2063
3811.0,8,18109,2020
4615.0,5,22626,2017
1319.0,37,65758,2049
1321.0,35,15140,2047
2116.0,93,35128,2105
4190.0,41,70402,2053
4194.0,77,23040,2089
4195.0,32,38665,2044
4196.0,75,19037,2087
4197.0,40,34131,2052
4198.0,38,72928,2050
4518.0,11,37961,2023
5240.0,45,22626,2057
1312.0,106,35128,2118
1370.0,47,65758,2059
1376.0,44,15140,2056
3865.0,26,70402,2038
3867.0,19,23040,2031
3867.0,17,38665,2029
3868.0,16,19037,2028
3868.0,21,72928,2033
4452.0,65,26139,2077
4898.0,7,22626,2019
1378.0,84,35128,2096
1438.0,28,65758,2040
1444.0,56,15140,2068
3667.0,68,70402,2080
3668.0,46,23040,2058
3668.0,30,38665,2042
3668.0,31,34131,2043
3669.0,32,72928,2044
3943.0,9,18109,2021
4718.0,7,22626,2019
1344.0,96,35128,2108
1358.0,86,65758,2098
1365.0,78,15140,2090
3719.0,38,70402,2050
3720.0,33,23040,2045
3720.0,32,19037,2044
3721.0,30,34131,2042
3722.0,33,72928,2045
4025.0,7,37961,2019
4793.0,8,22626,2020
1506.0,87,35128,2099
1565.0,56,65758,2068
1571.0,48,15140,2060
3790.0,84,70402,2096
3791.0,61,23040,2073
3791.0,57,38665,2069
3792.0,44,19037,2056
3792.0,58,72928,2070
4051.0,94,17666,2106
4848.0,8,22626,2020
1351.0,102,35128,2114
1412.0,45,65758,2057
1418.0,37,15140,2049
3667.0,33,70402,2045
3668.0,33,19037,2045
3668.0,35,34131,2047
3669.0,917,18775,2929
3669.0,60,72928,2072
4806.0,8,39234,2020
5517.0,13,22626,2025
1361.0,89,35128,2101
1424.0,52,65758,2064
1430.0,44,15140,2056
4254.0,93,70402,2105
4255.0,93,23040,2105
4255.0,76,19037,2088
4256.0,92,34131,2104
4256.0,77,72928,2089
4559.0,92,39234,2104
5296.0,16,22626,2028
1276.0,102,35128,2114
1337.0,45,65758,2057
1342.0,80,15140,2092
4878.0,4,17666,2016
5374.0,8,22626,2020
8517.0,219,67814,2231
1483.0,110,35128,2122
1543.0,47,65758,2059
1549.0,43,15140,2055
4826.0,6,38135,2018
5565.0,9,22626,2021
8809.0,12,67814,2024
1388.0,246,65758,2258
1389.0,160,15140,2172
1452.0,220,35128,2232
5163.0,6,37961,2018
5955.0,11,22626,2023
7161.0,10,67814,2022
2539.0,60,65758,2072
2541.0,61,15140,2073
2639.0,122,35128,2134
6204.0,8,39234,2020
6927.0,14,22626,2026
10269.0,10,67814,2022
1528.0,89,35128,2101
1593.0,50,65758,2062
1598.0,45,15140,2057
5446.0,6,26139,2018
6183.0,8,22626,2020
7286.0,8,67814,2020
1274.0,155,65758,2167
1276.0,152,15140,2164
1486.0,93,35128,2105
5347.0,7,18109,2019
6111.0,14,22626,2026
7251.0,20,67814,2032
1391.0,149,65758,2161
1393.0,146,15140,2158
1418.0,123,35128,2135
5513.0,7,37961,2019
6228.0,9,22626,2021
7102.0,9,67814,2021
1368.0,101,35128,2113
1383.0,91,65758,2103
1390.0,88,15140,2100
4791.0,10,18109,2022
5540.0,8,22626,2020
8632.0,9,67814,2021
1644.0,111,35128,2123
1665.0,156,65758,2168
1672.0,148,15140,2160
5527.0,5,26139,2017
6284.0,8,22626,2020
7393.0,13,67814,2025
2181.0,66,65758,2078
2182.0,70,15140,2082
2299.0,150,35128,2162
5919.0,123,19802,2135
6622.0,13,22626,2025
9993.0,9,67814,2021
1504.0,170,65758,2182
1506.0,165,15140,2177
1709.0,82,35128,2094
5612.0,6,17666,2018
6412.0,9,22626,2021
7237.0,8,67814,2020
1275.0,174,65758,2186
1276.0,176,15140,2188
1485.0,1009,35128,3021
5449.0,7,18109,2019
6190.0,8,22626,2020
7001.0,10,67814,2022
1372.0,115,35128,2127
1376.0,106,65758,2118
1380.0,112,15140,2124
5656.0,7,18109,2019
6362.0,8,22626,2020
7148.0,10,67814,2022
1395.0,114,35128,2126
1401.0,107,65758,2119
1406.0,103,15140,2115
5725.0,6,38434,2018
6475.0,9,22626,2021
7185.0,21,67814,2033
1450.0,91,35128,2103
1517.0,51,65758,2063
1522.0,48,15140,2060
5384.0,6,26139,2018
6128.0,9,22626,2021
7236.0,9,67814,2021
1500.0,115,35128,2127
1504.0,114,65758,2126
1508.0,102,15140,2114
5374.0,6,17666,2018
6129.0,14,22626,2026
7271.0,9,67814,2021
1377.0,171,65758,2183
1378.0,166,15140,2178
1602.0,125,35128,2137
5590.0,102,37961,2114
6361.0,10,22626,2022
7141.0,9,67814,2021
1375.0,107,65758,2119
1377.0,103,15140,2115
1586.0,74,35128,2086
5784.0,5,26139,2017
6536.0,9,22626,2021
7243.0,27,67814,2039
1322.0,157,65758,2169
1323.0,154,15140,2166
1532.0,72,35128,2084
5913.0,5,26139,2017
6644.0,9,22626,2021
7357.0,23,67814,2035
1372.0,89,65758,2101
1373.0,87,15140,2099
1506.0,75,35128,2087
5911.0,7,39234,2019
6693.0,8,22626,2020
7201.0,221,67814,2233
1555.0,106,35128,2118
1570.0,95,65758,2107
1576.0,90,15140,2102
5676.0,10,17666,2022
6398.0,8,22626,2020
7290.0,7,67814,2019
1448.0,125,65758,2137
1450.0,136,15140,2148
1637.0,127,35128,2139
6736.0,7,18109,2019
6959.0,10,22626,2022
7455.0,76,67814,2088
1629.0,123,65758,2135
1812.0,73,35128,2085
6173.0,7,17666,2019
6926.0,11,22626,2023
7642.0,25,67814,2037
1395.0,110,65758,2122
1397.0,1301,10194,3313
1552.0,97,35128,2109
5554.0,510,70402,2522
5555.0,512,23040,2524
5556.0,1486,21952,3498
5556.0,509,19037,2521
5557.0,510,72928,2522
7248.0,32,39234,2044
7422.0,8,22626,2020
11061.0,13,74292,2025
1385.0,118,65758,2130
1387.0,118,10194,2130
1539.0,101,35128,2113
5646.0,42,70402,2054
5647.0,38,23040,2050
5648.0,41,21952,2053
5648.0,41,19037,2053
5649.0,64,72928,2076
6295.0,6,17666,2018
7314.0,14,22626,2026
1502.0,118,65758,2130
1505.0,119,10194,2131
1682.0,80,35128,2092
5617.0,9,17666,2021
6352.0,9,22626,2021
7201.0,5,67814,2017
1532.0,92,65758,2104
1533.0,75,10194,2087
1646.0,116,35128,2128
5138.0,455,70402,2467
5140.0,449,23040,2461
5141.0,448,19037,2460
5141.0,449,34131,2461
5142.0,467,72928,2479
5797.0,10,18109,2022
6797.0,70,22626,2082
1536.0,100,65758,2112
1538.0,93,10194,2105
1695.0,126,35128,2138
6184.0,7,39234,2019
6924.0,16,22626,2028
7325.0,8,67814,2020
1354.0,257,65758,2269
1356.0,136,10194,2148
1534.0,1179,35128,3191
6114.0,7,17666,2019
6887.0,8,22626,2020
7229.0,8,67814,2020
1431.0,96,65758,2108
1433.0,103,10194,2115
1593.0,128,35128,2140
6242.0,7,38434,2019
7024.0,89,22626,2101
7391.0,9,67814,2021
1563.0,124,65758,2136
1565.0,119,10194,2131
1739.0,74,35128,2086
6066.0,7,39234,2019
6801.0,8,22626,2020
7524.0,64,67814,2076
1384.0,130,65758,2142
1386.0,124,10194,2136
1615.0,1092,35128,3104
6347.0,6,39234,2018
7075.0,21,22626,2033
7477.0,8,67814,2020
1567.0,49,65758,2061
1570.0,31,10194,2043
1740.0,73,35128,2085
6517.0,6,38135,2018
7268.0,13,22626,2025
7669.0,9,67814,2021
1607.0,107,65758,2119
1609.0,100,10194,2112
1820.0,73,35128,2085
6699.0,7,17666,2019
7444.0,12,22626,2024
7792.0,8,67814,2020
1358.0,124,65758,2136
1361.0,115,10194,2127
1538.0,72,35128,2084
6123.0,6,39234,2018
6887.0,19,22626,2031
7314.0,11,67814,2023
11319.0,6,74475,2018
1366.0,69,65758,2081
1368.0,45,10194,2057
1562.0,81,35128,2093
6346.0,7,19802,2019
7101.0,6,22626,2018
7452.0,7,67814,2019
1297.0,49,65758,2061
1299.0,55,10194,2067
1531.0,1212,35128,3224
6653.0,7,38434,2019
7297.0,20,22626,2032
7300.0,25,67814,2037
1444.0,138,65758,2150
1446.0,137,10194,2149
1626.0,96,35128,2108
6118.0,6,39234,2018
6910.0,12,22626,2024
7231.0,8,67814,2020
11270.0,8,74475,2020
1344.0,45,65758,2057
1346.0,52,10194,2064
1578.0,1131,35128,3143
6275.0,13,38434,2025
6980.0,30,22626,2042
7430.0,12,67814,2024
1540.0,50,65758,2062
1542.0,60,10194,2072
1772.0,1157,35128,3169
6901.0,5,26139,2017
7568.0,27,67814,2039
7570.0,52,22626,2064
1310.0,185,35128,2197
1471.0,30,65758,2042
1477.0,56,10194,2068
6448.0,7,18109,2019
7177.0,17,22626,2029
10454.0,10,67814,2022
1474.0,114,65758,2126
1476.0,102,10194,2114
1629.0,1072,35128,3084
6365.0,10,37961,2022
7045.0,20,22626,2032
7495.0,7,67814,2019
1371.0,29,65758,2041
1373.0,33,10194,2045
1579.0,1156,35128,3168
6699.0,7,38434,2019
7405.0,23,67814,2035
7408.0,50,22626,2062
1503.0,32,65758,2044
1505.0,42,10194,2054
1723.0,1189,35128,3201
6136.0,26,70402,2038
6137.0,669,23040,2681
6138.0,26,21952,2038
6138.0,668,19037,2680
6139.0,27,72928,2039
7043.0,31,38434,2043
1506.0,256,65758,2268
1507.0,250,10194,2262
1677.0,153,35128,2165
6855.0,11,38434,2023
7724.0,27,67814,2039
7727.0,57,22626,2069
11164.0,7,74475,2019
1348.0,28,65758,2040
1350.0,107,10194,2119
1584.0,1295,35128,3307
7333.0,6,38434,2018
8124.0,24,22626,2036
8127.0,48,67814,2060
1528.0,16,65758,2028
1530.0,27,10194,2039
1668.0,74,35128,2086
7591.0,6,17666,2018
8416.0,24,67814,2036
8419.0,75,22626,2087
11849.0,12,74475,2024
