1100	1
1150	6
1200	5
1250	0
1300	7
1350	19
1400	41
1450	55
1500	36
1550	21
1600	28
1650	10
1700	8
1750	8
1800	6
1850	2
1900	0
1950	0
2000	0
2050	0
2100	0
2150	0
2200	3
2250	3
2300	0
2350	10
2400	5
2450	2
2500	5
2550	2
2600	2
2650	6
2700	11
2750	9
2800	13
2850	23
2900	15
2950	1
3000	5
3050	12
3100	8
3150	7
3200	10
3250	3
3300	13
3350	11
3400	7
3450	10
3500	9
3550	13
3600	8
3650	11
3700	15
3750	8
3800	9
3850	10
3900	4
3950	1
4000	2
4050	1
4100	2
4150	3
4200	4
4250	4
4300	10
4350	4
4400	2
4450	1
4500	3
4550	2
4600	1
4650	3
4700	3
4750	0
4800	4
4850	2
4900	1
4950	0
5000	1
5050	1
5100	0
5150	2
5200	0
5250	1
5300	1
5350	4
5400	0
5450	2
5500	4
5550	5
5600	3
5650	7
5700	2
5750	1
5800	1
5850	0
5900	2
5950	1
6000	1
6050	5
6100	6
6150	7
6200	3
6250	2
6300	1
6350	6
6400	2
6450	2
6500	2
6550	0
6600	1
6650	2
6700	4
6750	0
6800	3
6850	3
6900	6
6950	1
7000	3
7050	3
7100	4
7150	3
7200	6
7250	7
7300	6
7350	2
7400	5
7450	4
7500	2
7550	3
7600	1
7650	2
7700	0
7750	3
7800	0
7850	0
7900	0
7950	0
8000	0
8050	0
8100	1
8150	1
8200	0
8250	0
8300	0
8350	0
8400	1
8450	1
8500	0
8550	0
8600	1
8650	0
8700	1
8750	0
8800	1
8850	0
8900	0
8950	0
9000	0
9050	0
9100	0
9150	0
9200	0
9250	0
9300	0
9350	0
9400	0
9450	0
9500	0
9550	0
9600	0
9650	0
9700	0
9750	0
9800	0
9850	0
9900	0
9950	0
10000	1
10050	0
10100	0
10150	0
10200	0
10250	1
10300	0
10350	0
10400	0
10450	1
10500	0
10550	0
10600	0
10650	0
10700	0
10750	0
10800	0
10850	0
10900	0
10950	0
11000	0
11050	1
11100	0
11150	1
11200	0
11250	1
11300	1
11350	0
11400	0
11450	0
11500	0
11550	0
11600	0
11650	0
11700	0
11750	0
11800	0
11850	1
