0	2
5	13
10	3
15	4
20	7
25	5
30	3
35	3
40	4
45	2
50	7
55	2
60	2
65	3
70	5
75	6
80	10
85	12
90	12
95	3
100	4
105	8
110	11
115	3
120	3
125	8
130	3
135	3
140	1
145	1
150	3
155	2
160	2
165	1
170	0
175	0
180	1
185	1
190	0
195	3
200	3
205	1
210	1
215	0
220	0
225	1
230	1
235	1
240	1
245	0
250	1
255	0
260	0
265	0
270	1
275	0
280	0
285	1
290	0
295	0
300	1
305	0
310	0
315	0
320	0
325	1
330	0
335	0
340	1
345	0
350	0
355	0
360	0
365	0
370	0
375	0
380	0
385	0
390	0
395	0
400	0
405	0
410	0
415	0
420	0
425	0
430	0
435	0
440	0
445	0
450	0
455	0
460	0
465	0
470	0
475	0
480	0
485	0
490	0
495	0
500	0
505	0
510	0
515	0
520	0
525	0
530	0
535	0
540	0
545	0
550	0
555	0
560	0
565	0
570	0
575	0
580	0
585	0
590	0
595	0
600	0
605	0
610	0
615	0
620	0
625	0
630	1
