550	3
600	78
650	103
700	102
750	58
800	17
850	23
900	24
950	2
1000	1
1050	4
1100	3
1150	14
1200	9
1250	9
1300	4
1350	4
1400	3
1450	2
1500	4
1550	1
1600	2
1650	1
1700	1
1750	5
1800	2
1850	0
1900	3
1950	0
2000	0
2050	0
2100	1
2150	0
2200	2
2250	4
2300	1
2350	0
2400	4
2450	1
2500	2
2550	3
2600	2
2650	3
2700	2
2750	2
2800	4
2850	0
2900	0
2950	0
3000	1
3050	4
3100	2
3150	3
3200	0
3250	1
3300	1
3350	1
3400	1
3450	0
3500	2
3550	1
3600	3
3650	2
3700	1
3750	4
3800	0
3850	0
3900	1
3950	1
4000	2
4050	0
4100	0
4150	2
4200	3
4250	1
4300	0
4350	1
4400	0
4450	1
4500	0
4550	0
4600	2
4650	2
4700	2
4750	0
4800	0
4850	0
4900	3
4950	2
5000	1
5050	0
5100	0
5150	0
5200	2
5250	0
5300	1
5350	0
5400	2
5450	2
5500	2
5550	0
5600	0
5650	0
5700	0
5750	0
5800	0
5850	0
5900	0
5950	0
6000	1
6050	1
6100	0
6150	1
6200	0
6250	0
6300	2
6350	0
6400	0
6450	0
6500	1
6550	0
6600	0
6650	0
6700	0
6750	0
6800	0
6850	0
6900	0
6950	0
7000	0
7050	0
7100	0
7150	0
7200	0
7250	0
7300	0
7350	0
7400	1
7450	0
7500	0
7550	2
7600	0
7650	0
7700	0
7750	0
7800	0
7850	0
7900	0
7950	0
8000	0
8050	0
8100	0
8150	0
8200	0
8250	0
8300	0
8350	0
8400	0
8450	0
8500	1
8550	0
8600	1
8650	0
8700	0
8750	0
8800	1
8850	0
8900	0
8950	0
9000	0
9050	0
9100	0
9150	0
9200	0
9250	0
9300	0
9350	0
9400	0
9450	0
9500	0
9550	0
9600	0
9650	0
9700	0
9750	0
9800	0
9850	0
9900	0
9950	0
10000	0
10050	0
10100	0
10150	0
10200	0
10250	0
10300	0
10350	0
10400	0
10450	0
10500	0
10550	0
10600	0
10650	0
10700	0
10750	0
10800	0
10850	0
10900	0
10950	0
11000	0
11050	0
11100	0
11150	0
11200	0
11250	0
11300	0
11350	0
11400	0
11450	0
11500	0
11550	0
11600	0
11650	2
11700	0
11750	0
11800	0
11850	0
11900	0
11950	0
12000	0
12050	0
12100	0
12150	0
12200	0
12250	0
12300	0
12350	0
12400	0
12450	0
12500	0
12550	0
12600	0
12650	0
12700	0
12750	0
12800	0
12850	0
12900	0
12950	0
13000	0
13050	0
13100	0
13150	0
13200	0
13250	0
13300	0
13350	0
13400	0
13450	0
13500	0
13550	0
13600	0
13650	0
13700	2
13750	0
13800	0
13850	0
13900	0
13950	0
14000	1
