19650	92
19700	0
19750	0
19800	0
19850	0
19900	0
19950	0
20000	0
20050	0
20100	0
20150	0
20200	0
20250	0
20300	0
20350	0
20400	0
20450	0
20500	0
20550	0
20600	0
20650	0
20700	0
20750	0
20800	0
20850	0
20900	0
20950	0
21000	0
21050	0
21100	0
21150	0
21200	0
21250	0
21300	0
21350	0
21400	0
21450	0
21500	0
21550	0
21600	0
21650	0
21700	0
21750	0
21800	0
21850	0
21900	0
21950	0
22000	0
22050	0
22100	0
22150	0
22200	0
22250	0
22300	0
22350	0
22400	0
22450	0
22500	0
22550	0
22600	0
22650	0
22700	0
22750	0
22800	0
22850	0
22900	0
22950	0
23000	0
23050	0
23100	0
23150	0
23200	0
23250	0
23300	0
23350	0
23400	0
23450	0
23500	0
23550	0
23600	0
23650	0
23700	0
23750	0
23800	0
23850	0
23900	0
23950	0
24000	0
24050	0
24100	0
24150	0
24200	15
24250	0
24300	0
24350	0
24400	0
24450	0
24500	0
24550	0
24600	0
24650	0
24700	0
24750	0
24800	0
24850	0
24900	0
24950	0
25000	0
25050	0
25100	0
25150	0
25200	0
25250	0
25300	0
25350	0
25400	0
25450	0
25500	0
25550	0
25600	77
