700	76
800	395
900	596
1000	425
1100	123
1200	42
1300	1
1400	41
1500	41
1600	3
1700	5
1800	24
1900	2
2000	5
2100	8
2200	8
2300	10
2400	9
2500	14
2600	31
2700	16
2800	14
2900	10
3000	12
3100	11
3200	18
3300	37
3400	16
3500	21
3600	13
3700	4
3800	6
3900	13
4000	17
4100	11
4200	42
4300	15
4400	11
4500	16
4600	6
4700	9
4800	6
4900	4
5000	7
5100	3
5200	11
5300	13
5400	5
5500	11
5600	8
5700	6
5800	4
5900	3
6000	3
6100	0
6200	0
6300	0
6400	0
6500	0
6600	0
6700	1
6800	1
6900	3
7000	0
7100	0
7200	0
7300	0
7400	0
7500	1
7600	1
7700	0
7800	0
7900	0
8000	0
8100	0
8200	0
8300	0
8400	0
8500	0
8600	0
8700	0
8800	0
8900	0
9000	0
9100	0
9200	0
9300	0
9400	0
9500	0
9600	0
9700	0
9800	0
9900	0
10000	16
10100	5
10200	0
10300	7
10400	7
10500	7
10600	28
10700	0
10800	0
10900	0
11000	14
11100	0
11200	0
11300	14
11400	7
11500	14
11600	0
11700	0
11800	0
11900	0
12000	7
12100	0
12200	0
12300	0
12400	0
12500	0
12600	0
12700	0
12800	0
12900	0
13000	0
13100	0
13200	7
13300	0
13400	7
13500	0
13600	0
13700	0
13800	0
13900	0
14000	0
14100	0
14200	0
14300	0
14400	0
14500	0
14600	0
14700	0
14800	0
14900	0
15000	0
15100	0
15200	0
15300	0
15400	0
15500	0
15600	0
15700	0
15800	0
15900	0
16000	0
16100	0
16200	0
16300	0
16400	0
16500	0
16600	0
16700	0
16800	0
16900	0
17000	0
17100	0
17200	0
17300	0
17400	0
17500	0
17600	0
17700	0
17800	0
17900	0
18000	0
18100	0
18200	0
18300	0
18400	0
18500	3
