starttime,duration,size,total
500.0,111,63620,2123
894.0,8,28693,2020
631.0,37,63620,2049
849.0,128,28693,2140
606.0,94,63620,2106
718.0,33,28693,2045
547.0,136,63620,2148
1062.0,9,28693,2021
639.0,272,63620,2284
1245.0,99,28693,2111
638.0,43,63620,2055
860.0,302,28693,2314
620.0,115,63620,2127
741.0,17,28693,2029
595.0,86,63620,2098
890.0,8,28693,2020
656.0,62,63620,2074
1361.0,26,28693,2038
581.0,130,63620,2142
713.0,43,28693,2055
639.0,54,63620,2066
1378.0,135,28693,2147
690.0,122,63620,2134
818.0,17,28693,2029
571.0,114,63620,2126
1553.0,25,28693,2037
665.0,52,63620,2064
1485.0,198,28693,2210
594.0,138,63620,2150
731.0,52,28693,2064
602.0,132,63620,2144
738.0,37,28693,2049
612.0,129,63620,2141
744.0,12,28693,2024
612.0,130,63620,2142
758.0,52,28693,2064
614.0,80,63620,2092
697.0,53,28693,2065
614.0,127,63620,2139
1794.0,27,28693,2039
631.0,129,63620,2141
764.0,18,28693,2030
628.0,96,63620,2108
724.0,59,28693,2071
634.0,140,63620,2152
2153.0,32,28693,2044
656.0,81,63620,2093
740.0,9,28693,2021
633.0,152,63620,2164
807.0,43,28693,2055
646.0,82,63620,2094
731.0,61,28693,2073
664.0,145,63620,2157
2188.0,48,28693,2060
658.0,86,63620,2098
746.0,70,28693,2082
629.0,83,63620,2095
715.0,70,28693,2082
621.0,153,63620,2165
2370.0,24,28693,2036
614.0,81,63620,2093
698.0,75,28693,2087
630.0,153,63620,2165
800.0,35,28693,2047
639.0,88,63620,2100
725.0,74,28693,2086
628.0,84,63620,2096
715.0,78,28693,2090
644.0,80,63620,2092
733.0,75,28693,2087
641.0,81,63620,2093
731.0,92,28693,2104
636.0,92,63620,2104
727.0,128,28693,2140
663.0,89,63620,2101
750.0,80,28693,2092
662.0,85,63620,2097
749.0,97,28693,2109
627.0,85,63620,2097
711.0,8,28693,2020
656.0,159,63620,2171
2594.0,27,28693,2039
650.0,89,63620,2101
741.0,78,28693,2090
632.0,88,63620,2100
722.0,110,28693,2122
643.0,165,63620,2177
826.0,40,28693,2052
672.0,89,63620,2101
766.0,3,28693,2015
685.0,170,63620,2182
3031.0,25,28693,2037
710.0,85,63620,2097
798.0,111,28693,2123
720.0,91,63620,2103
811.0,119,28693,2131
711.0,95,63620,2107
911.0,77,28693,2089
731.0,84,63620,2096
815.0,133,28693,2145
733.0,94,63620,2106
936.0,69,28693,2081
727.0,87,63620,2099
813.0,8,28693,2020
715.0,190,63620,2202
3276.0,23,28693,2035
727.0,90,63620,2102
820.0,109,28693,2121
717.0,87,63620,2099
807.0,8,28693,2020
752.0,212,63620,2224
3700.0,23,28693,2035
738.0,91,63620,2103
946.0,74,28693,2086
750.0,91,63620,2103
840.0,112,28693,2124
654.0,119,63620,2131
776.0,17,28693,2029
731.0,197,63620,2209
3509.0,91,28693,2103
747.0,91,63620,2103
838.0,8,28693,2020
753.0,205,35103,2217
961.0,11,28693,2023
759.0,199,35103,2211
981.0,45,28693,2057
773.0,87,35103,2099
864.0,8,28693,2020
793.0,245,35103,2257
1037.0,72,28693,2084
750.0,93,35103,2105
843.0,114,28693,2126
769.0,204,35103,2216
996.0,51,28693,2063
845.0,102,35103,2114
951.0,127,28693,2139
777.0,90,35103,2102
870.0,3,28693,2015
963.0,342,35103,2354
4395.0,22,28693,2034
664.0,95,35103,2107
763.0,8,28693,2020
812.0,110,35103,2122
929.0,238,28693,2250
818.0,109,35103,2121
926.0,184,28765,2196
769.0,204,35103,2216
4104.0,22,28765,2034
892.0,115,35103,2127
1011.0,11,28765,2023
859.0,102,35103,2114
969.0,7,28765,2019
790.0,114,35103,2126
934.0,230,28765,2242
845.0,110,35103,2122
959.0,10,28765,2022
935.0,104,35103,2116
1067.0,207,28765,2219
966.0,107,35103,2119
1076.0,231,28765,2243
840.0,113,35103,2125
963.0,286,28765,2298
1047.0,124,35103,2136
1170.0,26,28765,2038
652.0,633,35103,2645
1288.0,54,28765,2066
926.0,160,35103,2172
1103.0,101,28765,2113
763.0,112,35103,2124
884.0,47,28765,2059
983.0,110,35103,2122
1103.0,252,28765,2264
956.0,116,35103,2128
1078.0,150,28765,2162
852.0,112,35103,2124
973.0,10,28765,2022
770.0,125,35103,2137
898.0,27,28765,2039
714.0,327,35103,2339
1043.0,59,28765,2071
1070.0,108,35103,2120
1180.0,165,28765,2177
