0	31
20	46
40	34
60	17
80	13
100	6
120	40
140	37
160	27
180	22
200	16
220	20
240	13
260	12
280	6
300	3
320	5
340	5
360	6
380	2
400	2
420	3
440	2
460	2
480	0
500	1
520	1
540	3
560	0
580	1
600	0
620	2
640	2
660	0
680	1
700	2
720	1
740	0
760	2
780	1
800	0
820	1
840	0
860	0
880	0
900	0
920	1
940	1
960	0
980	0
1000	0
1020	0
1040	1
1060	0
1080	1
1100	1
1120	0
1140	1
1160	1
1180	0
1200	2
1220	0
1240	0
1260	0
1280	0
1300	1
1320	4
1340	0
1360	1
1380	0
1400	0
1420	0
1440	1
1460	0
1480	0
1500	1
1520	1
1540	0
1560	1
1580	0
1600	0
1620	0
1640	2
1660	1
1680	0
1700	0
1720	0
1740	0
1760	0
1780	1
1800	0
1820	1
1840	0
1860	0
1880	0
1900	0
1920	0
1940	0
1960	0
1980	0
2000	0
2020	0
2040	0
2060	0
2080	1
2100	0
2120	0
2140	1
2160	0
2180	0
2200	0
2220	0
2240	0
2260	0
2280	0
2300	0
2320	1
2340	0
2360	0
2380	0
2400	1
2420	0
2440	1
2460	0
2480	0
2500	0
2520	0
2540	1
2560	0
2580	0
2600	0
2620	0
2640	0
2660	0
2680	0
2700	0
2720	0
2740	0
2760	0
2780	0
2800	1
2820	0
2840	2
2860	0
2880	0
2900	0
2920	0
2940	0
2960	0
2980	0
3000	0
3020	0
3040	1
3060	0
3080	0
3100	0
3120	0
3140	0
3160	0
3180	0
3200	0
3220	0
3240	0
3260	0
3280	0
3300	1
3320	0
3340	0
3360	0
3380	0
3400	0
3420	0
3440	0
3460	0
3480	0
3500	0
3520	0
3540	0
3560	1
