600	1
620	0
640	1
660	6
680	2
700	1
720	3
740	3
760	8
780	8
800	8
820	11
840	11
860	9
880	11
900	13
920	11
940	12
960	8
980	9
1000	7
1020	6
1040	9
1060	8
1080	5
1100	7
1120	3
1140	4
1160	6
1180	10
1200	2
1220	5
1240	3
1260	10
1280	2
1300	3
1320	1
1340	2
1360	3
1380	4
1400	4
1420	2
1440	2
1460	2
1480	2
1500	3
1520	2
1540	0
1560	0
1580	1
1600	2
1620	1
1640	0
1660	0
1680	0
1700	0
1720	0
1740	1
1760	0
1780	0
1800	0
1820	0
1840	1
1860	0
1880	1
1900	0
1920	0
1940	0
1960	0
1980	0
2000	0
2020	0
2040	0
2060	0
2080	0
2100	0
2120	0
2140	0
2160	0
2180	0
2200	0
2220	1
2240	0
2260	1
2280	0
2300	0
2320	0
2340	0
2360	0
2380	0
2400	0
2420	0
2440	1
2460	0
2480	0
2500	0
2520	0
2540	0
2560	0
2580	0
2600	0
2620	0
2640	0
2660	0
2680	1
2700	0
2720	0
2740	0
2760	0
2780	0
2800	0
2820	0
2840	0
2860	0
2880	0
2900	0
2920	0
2940	0
2960	0
2980	0
3000	0
3020	0
3040	0
3060	0
3080	0
3100	1
3120	0
3140	0
3160	0
3180	0
3200	0
3220	0
3240	0
3260	0
3280	0
3300	0
3320	0
3340	0
3360	1
3380	0
3400	0
3420	0
3440	0
3460	0
3480	0
3500	0
3520	0
3540	0
3560	0
3580	0
3600	2
3620	0
3640	0
3660	0
3680	0
3700	0
3720	0
3740	0
3760	0
3780	1
3800	0
3820	0
3840	0
3860	0
3880	0
3900	0
3920	1
3940	0
3960	0
3980	0
4000	1
4020	0
4040	0
4060	0
4080	0
4100	0
4120	0
4140	0
4160	1
4180	0
4200	0
4220	0
4240	0
4260	0
4280	0
4300	0
4320	0
4340	0
4360	0
4380	0
4400	0
4420	0
4440	0
4460	0
4480	1
