0	678
20	609
40	207
60	400
80	278
100	199
120	188
140	198
160	171
180	255
200	153
220	133
240	145
260	129
280	132
300	93
320	51
340	34
360	18
380	22
400	28
420	14
440	12
460	16
480	12
500	17
520	17
540	25
560	16
580	16
600	10
620	18
640	11
660	7
680	5
700	8
720	8
740	11
760	11
780	13
800	17
820	14
840	12
860	18
880	10
900	19
920	12
940	12
960	22
980	17
1000	7
1020	6
1040	12
1060	18
1080	10
1100	12
1120	9
1140	11
1160	13
1180	11
1200	7
1220	4
1240	8
1260	5
1280	10
1300	5
1320	3
1340	2
1360	4
1380	6
1400	6
1420	5
1440	7
1460	2
1480	5
1500	3
1520	3
1540	5
1560	5
1580	5
1600	1
1620	3
1640	2
1660	2
1680	3
1700	1
1720	2
1740	1
1760	1
1780	2
1800	3
1820	2
1840	0
1860	1
1880	1
1900	3
1920	2
1940	1
1960	2
1980	1
2000	1
2020	1
2040	4
2060	4
2080	0
2100	0
2120	1
2140	2
2160	3
2180	2
2200	1
2220	4
2240	4
2260	3
2280	3
2300	4
2320	2
2340	2
2360	3
2380	3
2400	1
2420	2
2440	2
2460	1
2480	2
2500	2
2520	4
2540	1
2560	0
2580	4
2600	2
2620	1
2640	8
2660	3
2680	2
2700	2
2720	7
2740	4
2760	8
2780	2
2800	4
2820	3
2840	4
2860	1
2880	3
2900	4
2920	1
2940	2
2960	4
2980	6
3000	3
3020	2
3040	3
3060	3
3080	0
3100	3
3120	1
3140	2
3160	1
3180	3
3200	1
3220	0
3240	1
3260	1
3280	1
3300	0
3320	1
3340	1
3360	0
3380	0
3400	0
3420	1
3440	2
3460	1
3480	2
3500	0
3520	0
3540	0
3560	0
3580	0
3600	0
3620	0
3640	0
3660	0
3680	1
3700	0
3720	0
3740	0
3760	0
3780	0
3800	0
3820	0
3840	0
3860	0
3880	0
3900	1
3920	0
3940	0
3960	0
3980	0
4000	0
4020	0
4040	0
4060	0
4080	0
4100	0
4120	0
4140	0
4160	0
4180	0
4200	0
4220	0
4240	0
4260	0
4280	0
4300	0
4320	0
4340	0
4360	0
4380	0
4400	0
4420	0
4440	0
4460	0
4480	0
4500	0
4520	0
4540	0
4560	0
4580	0
4600	0
4620	0
4640	0
4660	0
4680	1
