400	15
450	63
500	63
550	53
600	56
650	28
700	58
750	36
800	24
850	49
900	51
950	23
1000	52
1050	28
1100	35
1150	19
1200	33
1250	12
1300	4
1350	11
1400	4
1450	8
1500	4
1550	9
1600	1
1650	3
1700	1
1750	2
1800	2
1850	3
1900	0
1950	1
2000	1
2050	2
2100	0
2150	1
2200	2
2250	2
2300	0
2350	1
2400	1
2450	1
2500	3
2550	2
2600	1
2650	2
2700	0
2750	1
2800	1
2850	1
2900	2
2950	0
3000	0
3050	4
3100	2
3150	4
3200	1
3250	0
3300	0
3350	3
3400	2
3450	1
3500	0
3550	1
3600	2
3650	0
3700	1
3750	0
3800	0
3850	1
3900	2
3950	0
4000	0
4050	0
4100	0
4150	0
4200	0
4250	0
4300	0
4350	0
4400	0
4450	1
4500	2
4550	1
4600	3
4650	0
4700	1
4750	1
4800	0
4850	2
4900	0
4950	0
5000	1
5050	1
5100	0
5150	1
5200	0
5250	2
5300	0
5350	1
5400	0
5450	1
5500	2
5550	1
5600	0
5650	0
5700	0
5750	1
5800	2
5850	0
5900	0
5950	0
6000	0
6050	1
6100	0
6150	1
6200	0
6250	0
6300	0
6350	0
6400	0
6450	0
6500	0
6550	0
6600	0
6650	0
6700	0
6750	0
6800	0
6850	0
6900	0
6950	0
7000	0
7050	0
7100	0
7150	0
7200	0
7250	1
7300	0
7350	0
7400	0
7450	0
7500	0
7550	0
7600	0
7650	1
7700	0
7750	0
7800	0
7850	0
7900	0
7950	0
8000	0
8050	0
8100	0
8150	0
8200	0
8250	0
8300	0
8350	0
8400	0
8450	0
8500	0
8550	0
8600	0
8650	0
8700	0
8750	0
8800	0
8850	0
8900	0
8950	0
9000	0
9050	0
9100	0
9150	0
9200	0
9250	1
9300	0
9350	0
9400	0
9450	0
9500	0
9550	0
9600	0
9650	0
9700	0
9750	0
9800	0
9850	0
9900	0
9950	0
10000	0
10050	0
10100	0
10150	0
10200	0
10250	0
10300	0
10350	0
10400	0
10450	0
10500	0
10550	0
10600	0
10650	0
10700	0
10750	0
10800	0
10850	0
10900	0
10950	0
11000	0
11050	0
11100	0
11150	0
11200	0
11250	0
11300	0
11350	0
11400	0
11450	0
11500	0
11550	0
11600	0
11650	0
11700	0
11750	0
11800	0
11850	0
11900	0
11950	0
12000	0
12050	0
12100	0
12150	0
12200	0
12250	0
12300	0
12350	0
12400	0
12450	0
12500	0
12550	0
12600	0
12650	0
12700	1
