280	3
300	15
320	36
340	44
360	55
380	61
400	76
420	50
440	26
460	23
480	34
500	16
520	19
540	2
560	4
580	13
600	7
620	14
640	19
660	7
680	32
700	25
720	18
740	46
760	20
780	20
800	19
820	20
840	13
860	27
880	28
900	39
920	22
940	32
960	17
980	25
1000	26
1020	28
1040	23
1060	17
1080	17
1100	11
1120	18
1140	27
1160	11
1180	8
1200	12
1220	17
1240	6
1260	8
1280	28
1300	11
1320	3
1340	7
1360	6
1380	3
1400	0
1420	2
1440	5
1460	5
1480	4
1500	1
1520	1
1540	4
1560	4
1580	5
1600	3
1620	3
1640	2
1660	2
1680	1
1700	0
1720	0
1740	0
1760	2
1780	0
1800	6
1820	1
1840	0
1860	0
1880	1
1900	1
1920	0
1940	0
1960	1
1980	0
2000	0
2020	0
2040	0
2060	1
2080	3
2100	1
2120	0
2140	0
2160	0
2180	1
2200	0
2220	0
2240	0
2260	0
2280	0
2300	0
2320	0
2340	0
2360	0
2380	0
2400	0
2420	0
2440	0
2460	0
2480	0
2500	0
2520	0
2540	0
2560	0
2580	0
2600	0
2620	0
2640	0
2660	0
2680	0
2700	1
2720	1
2740	1
2760	0
2780	0
2800	0
2820	2
2840	0
2860	0
2880	0
2900	0
2920	1
2940	0
2960	0
2980	0
3000	0
3020	0
3040	0
3060	2
3080	0
3100	0
3120	0
3140	0
3160	1
3180	0
3200	0
3220	0
3240	0
3260	0
3280	5
