starttime,duration,size,total
336.0,579,22153,2591
340.0,530,442,2542
340.0,346,9117,2358
341.0,345,147,2357
341.0,239,5411,2251
342.0,523,9570,2535
342.0,520,8,2532
1030.0,234,159390,2246
1263.0,110,29812,2122
2536.0,299,85772,2311
2537.0,168,13823,2180
2538.0,220,84985,2232
2542.0,635,22434,2647
2556.0,174,2,2186
228.0,252,22153,2264
230.0,210,442,2222
230.0,80,9117,2092
231.0,79,147,2091
231.0,79,5411,2091
232.0,196,9570,2208
232.0,77,8,2089
479.0,28,159390,2040
507.0,117,29812,2129
661.0,90,85772,2102
662.0,49,13823,2061
663.0,92,84985,2104
667.0,87,22434,2099
679.0,421,2,2433
221.0,334,22153,2346
224.0,247,442,2259
224.0,80,9117,2092
225.0,80,147,2092
225.0,78,5411,2090
226.0,244,9570,2256
226.0,78,8,2090
555.0,44,159390,2056
598.0,52,29812,2064
688.0,58,85772,2070
688.0,56,13823,2068
689.0,66,84985,2078
693.0,49,22434,2061
704.0,382,2,2394
218.0,237,22153,2249
221.0,184,442,2196
221.0,86,9117,2098
222.0,85,147,2097
223.0,85,5411,2097
223.0,193,9570,2205
224.0,84,8,2096
455.0,29,159390,2041
484.0,52,29812,2064
695.0,61,85772,2073
696.0,62,13823,2074
697.0,61,84985,2073
701.0,56,22434,2068
714.0,382,2,2394
270.0,680,22153,2692
272.0,628,442,2640
273.0,84,9117,2096
273.0,84,147,2096
274.0,84,5411,2096
274.0,633,9570,2645
275.0,82,8,2094
949.0,28,159390,2040
976.0,51,29812,2063
1069.0,70,85772,2082
1069.0,70,13823,2082
1070.0,69,84985,2081
1074.0,65,22434,2077
1086.0,382,2,2394
223.0,238,22152,2250
226.0,191,442,2203
226.0,87,9117,2099
227.0,87,147,2099
227.0,1262,5411,3274
228.0,189,9570,2201
228.0,85,8,2097
1410.0,26,159390,2038
1436.0,52,29812,2064
1529.0,70,85772,2082
1530.0,68,13823,2080
1531.0,68,84985,2080
1535.0,66,22434,2078
1547.0,423,2,2435
225.0,222,22153,2234
228.0,189,442,2201
229.0,93,9117,2105
229.0,92,147,2104
230.0,92,5411,2104
230.0,187,9570,2199
231.0,92,8,2104
447.0,29,159390,2041
475.0,52,29812,2064
726.0,61,85772,2073
727.0,60,13823,2072
728.0,307,84985,2319
731.0,55,22434,2067
745.0,292,2,2304
240.0,253,22152,2265
242.0,217,442,2229
243.0,92,9117,2104
244.0,92,147,2104
244.0,90,5411,2102
245.0,208,9570,2220
246.0,89,8,2101
493.0,31,159390,2043
523.0,134,29812,2146
732.0,67,85772,2079
733.0,67,13823,2079
734.0,61,84985,2073
737.0,60,22434,2072
750.0,401,2,2413
299.0,295,22153,2307
301.0,271,442,2283
302.0,94,9117,2106
302.0,95,147,2107
303.0,94,5411,2106
303.0,258,9570,2270
304.0,94,8,2106
593.0,804,159390,2816
1397.0,52,29812,2064
1489.0,71,85772,2083
1490.0,69,13823,2081
1491.0,70,84985,2082
1494.0,67,22434,2079
1506.0,401,2,2413
619.0,344,22153,2356
621.0,289,442,2301
622.0,81,9117,2093
622.0,80,147,2092
623.0,80,5411,2092
623.0,286,9570,2298
624.0,79,8,2091
963.0,28,159390,2040
990.0,53,29812,2065
1085.0,60,85772,2072
1086.0,75,13823,2087
1086.0,66,84985,2078
1090.0,47,22434,2059
1102.0,404,2,2416
231.0,593,22152,2605
233.0,542,442,2554
234.0,101,9117,2113
234.0,100,147,2112
235.0,219,5411,2231
236.0,540,9570,2552
237.0,98,8,2110
823.0,27,159390,2039
850.0,51,29812,2063
945.0,71,85772,2083
946.0,69,13823,2081
946.0,69,84985,2081
950.0,64,22434,2076
962.0,404,2,2416
223.0,705,22153,2717
225.0,661,442,2673
226.0,103,9117,2115
226.0,100,147,2112
227.0,102,5411,2114
227.0,650,9570,2662
228.0,101,8,2113
928.0,28,159390,2040
956.0,51,29812,2063
1050.0,73,85772,2085
1051.0,71,13823,2083
1052.0,72,84985,2084
1056.0,68,22434,2080
1068.0,406,2,2418
226.0,372,22152,2384
309.0,173,442,2185
310.0,21,9117,2033
311.0,20,147,2032
312.0,20,5411,2032
315.0,180,9570,2192
316.0,15,8,2027
598.0,44,159390,2056
642.0,53,29812,2065
736.0,68,85772,2080
737.0,76,13823,2088
738.0,75,84985,2087
741.0,61,22434,2073
753.0,392,2,2404
561.0,235,22153,2247
564.0,183,442,2195
564.0,85,9117,2097
565.0,84,147,2096
565.0,83,5411,2095
566.0,185,9570,2197
567.0,82,8,2094
796.0,28,159390,2040
823.0,51,29812,2063
919.0,72,85772,2084
920.0,70,13823,2082
921.0,71,84985,2083
925.0,69,22434,2081
937.0,419,2,2431
233.0,263,22153,2275
235.0,201,442,2213
236.0,105,9117,2117
236.0,104,147,2116
237.0,104,5411,2116
237.0,199,9570,2211
238.0,103,8,2115
495.0,28,159390,2040
523.0,182,29812,2194
747.0,73,85772,2085
748.0,56,13823,2068
749.0,72,84985,2084
752.0,54,22434,2066
765.0,430,2,2442
237.0,380,22153,2392
239.0,266,442,2278
239.0,108,9117,2120
240.0,108,147,2120
240.0,247,5411,2259
241.0,252,9570,2264
242.0,105,8,2117
616.0,44,159390,2056
660.0,57,29812,2069
763.0,76,85772,2088
764.0,76,13823,2088
765.0,71,84985,2083
768.0,67,22434,2079
782.0,405,2,2417
218.0,267,22153,2279
220.0,211,442,2223
221.0,109,9117,2121
222.0,107,147,2119
222.0,107,5411,2119
223.0,202,9570,2214
223.0,106,8,2118
484.0,29,159390,2041
512.0,194,29812,2206
755.0,67,85772,2079
756.0,64,13823,2076
757.0,65,84985,2077
760.0,61,22434,2073
773.0,429,2,2441
284.0,325,22153,2337
286.0,303,442,2315
286.0,122,9117,2134
287.0,120,147,2132
287.0,119,5411,2131
288.0,301,9570,2313
288.0,119,8,2131
608.0,111,159390,2123
719.0,55,29812,2067
825.0,75,85772,2087
826.0,75,13823,2087
827.0,74,84985,2086
830.0,69,22434,2081
842.0,413,2,2425
226.0,272,22153,2284
228.0,225,442,2237
228.0,114,9117,2126
229.0,113,147,2125
230.0,113,5411,2125
230.0,221,9570,2233
231.0,112,8,2124
496.0,28,159390,2040
524.0,205,29812,2217
774.0,104,85772,2116
775.0,56,13823,2068
776.0,99,84985,2111
780.0,98,22434,2110
792.0,851,2,2863
219.0,478,22153,2490
221.0,439,442,2451
222.0,115,9117,2127
223.0,115,147,2127
223.0,114,5411,2126
224.0,428,9570,2440
224.0,112,8,2124
696.0,28,159390,2040
723.0,56,29812,2068
823.0,76,85772,2088
824.0,76,13823,2088
825.0,74,84985,2086
829.0,69,22434,2081
844.0,841,2,2853
220.0,273,22153,2285
312.0,139,442,2151
312.0,24,9117,2036
313.0,23,147,2035
314.0,67,5411,2079
315.0,127,9570,2139
315.0,22,8,2034
492.0,29,159390,2041
521.0,214,29812,2226
787.0,58,85772,2070
788.0,66,13823,2078
789.0,67,84985,2079
792.0,66,22434,2078
804.0,167,2,2179
223.0,451,22152,2463
225.0,388,442,2400
226.0,113,9117,2125
227.0,114,147,2126
227.0,114,5411,2126
228.0,384,9570,2396
228.0,112,8,2124
673.0,28,159390,2040
701.0,52,29812,2064
800.0,74,85772,2086
801.0,73,13823,2085
802.0,73,84985,2085
805.0,70,22434,2082
818.0,417,2,2429
244.0,194,22153,2206
246.0,129,442,2141
246.0,111,9117,2123
247.0,110,147,2122
247.0,109,5411,2121
248.0,127,9570,2139
249.0,109,8,2121
437.0,27,159390,2039
464.0,57,29812,2069
847.0,65,85772,2077
848.0,64,13823,2076
849.0,64,84985,2076
853.0,58,22434,2070
866.0,424,2,2436
233.0,421,22153,2433
236.0,270,442,2282
236.0,109,9117,2121
237.0,107,147,2119
237.0,107,5411,2119
238.0,256,9570,2268
239.0,106,8,2118
654.0,45,159390,2057
698.0,57,29812,2069
807.0,90,85772,2102
810.0,84,13823,2096
811.0,86,84985,2098
815.0,78,22434,2090
829.0,465,2,2477
1131.0,681,22153,2693
1206.0,566,442,2578
1207.0,77,9117,2089
1208.0,76,147,2088
1208.0,76,5411,2088
1209.0,564,9570,2576
1210.0,73,8,2085
1812.0,27,159390,2039
1838.0,52,29812,2064
1941.0,139,85772,2151
1942.0,140,13823,2152
1943.0,139,84985,2151
1947.0,134,22434,2146
1961.0,1108,2,3120
526.0,592,22153,2604
528.0,544,442,2556
529.0,99,9117,2111
530.0,99,147,2111
530.0,218,5411,2230
531.0,552,9570,2564
531.0,97,8,2109
1118.0,28,159390,2040
1145.0,53,29812,2065
1248.0,73,85772,2085
1249.0,70,13823,2082
1250.0,70,84985,2082
1254.0,65,22434,2077
1266.0,401,2,2413
220.0,438,22153,2450
222.0,271,442,2283
223.0,119,9117,2131
223.0,119,147,2131
224.0,118,5411,2130
225.0,260,9570,2272
225.0,117,8,2129
658.0,54,159390,2066
711.0,55,29812,2067
815.0,996,85772,3008
816.0,996,13823,3008
817.0,996,84985,3008
821.0,984,22434,2996
833.0,975,2,2987
218.0,400,22153,2412
220.0,398,442,2410
221.0,127,9117,2139
222.0,125,147,2137
222.0,125,5411,2137
223.0,396,9570,2408
223.0,123,8,2135
626.0,45,159390,2057
670.0,57,29812,2069
775.0,114,85772,2126
776.0,111,13823,2123
776.0,114,84985,2126
780.0,50,22434,2062
792.0,441,2,2453
221.0,461,22153,2473
223.0,274,442,2286
224.0,116,9117,2128
225.0,116,147,2128
225.0,114,5411,2126
226.0,271,9570,2283
226.0,113,8,2125
682.0,47,159390,2059
729.0,54,29812,2066
834.0,74,85772,2086
835.0,72,13823,2084
836.0,80,84985,2092
840.0,73,22434,2085
852.0,465,2,2477
233.0,460,22153,2472
330.0,159,442,2171
331.0,23,9117,2035
335.0,19,147,2031
337.0,17,5411,2029
337.0,155,9570,2167
338.0,15,8,2027
692.0,46,159390,2058
737.0,55,29812,2067
843.0,74,85772,2086
844.0,74,13823,2086
845.0,74,84985,2086
848.0,70,22434,2082
860.0,413,2,2425
226.0,768,22153,2780
228.0,713,442,2725
229.0,156,9117,2168
229.0,156,147,2168
230.0,366,5411,2378
231.0,719,9570,2731
231.0,154,8,2166
993.0,28,159390,2040
1021.0,55,29812,2067
1125.0,71,85772,2083
1126.0,73,13823,2085
1127.0,72,84985,2084
1131.0,69,22434,2081
1144.0,304,2,2316
242.0,685,22153,2697
244.0,642,442,2654
244.0,116,9117,2128
245.0,116,147,2128
245.0,115,5411,2127
246.0,640,9570,2652
246.0,114,8,2126
926.0,28,159390,2040
954.0,53,29812,2065
1059.0,70,85772,2082
1060.0,69,13823,2081
1060.0,69,84985,2081
1064.0,66,22434,2078
1076.0,1034,2,3046
219.0,473,22153,2485
221.0,279,442,2291
222.0,127,9117,2139
223.0,125,147,2137
223.0,125,5411,2137
224.0,272,9570,2284
224.0,123,8,2135
692.0,45,159390,2057
736.0,57,29812,2069
841.0,59,85772,2071
842.0,61,13823,2073
843.0,56,84985,2068
846.0,400,22434,2412
858.0,412,2,2424
289.0,351,22153,2363
291.0,346,442,2358
292.0,123,9117,2135
293.0,123,147,2135
293.0,122,5411,2134
294.0,344,9570,2356
294.0,121,8,2133
639.0,45,159390,2057
684.0,58,29812,2070
792.0,169,85772,2181
792.0,60,13823,2072
793.0,60,84985,2072
797.0,164,22434,2176
809.0,481,2,2493
411.0,405,22153,2417
414.0,348,442,2360
414.0,125,9117,2137
415.0,123,147,2135
416.0,123,5411,2135
416.0,336,9570,2348
417.0,122,8,2134
816.0,28,159390,2040
844.0,53,29812,2065
973.0,64,85772,2076
974.0,64,13823,2076
975.0,61,84985,2073
980.0,58,22434,2070
994.0,405,2,2417
229.0,426,22153,2438
352.0,302,442,2314
357.0,19,9117,2031
358.0,19,147,2031
359.0,64,5411,2076
359.0,284,9570,2296
360.0,16,8,2028
655.0,45,159390,2057
700.0,57,29812,2069
838.0,61,85772,2073
839.0,58,13823,2070
840.0,58,84985,2070
844.0,54,22434,2066
857.0,133,2,2145
223.0,426,22153,2438
225.0,422,442,2434
226.0,136,9117,2148
227.0,135,147,2147
227.0,134,5411,2146
228.0,415,9570,2427
228.0,134,8,2146
649.0,47,159390,2059
696.0,57,29812,2069
847.0,68,85772,2080
848.0,65,13823,2077
849.0,65,84985,2077
853.0,60,22434,2072
869.0,414,2,2426
313.0,348,22153,2360
315.0,322,442,2334
316.0,128,9117,2140
316.0,127,147,2139
317.0,127,5411,2139
317.0,320,9570,2332
318.0,126,8,2138
660.0,37,159390,2049
696.0,53,29812,2065
802.0,73,85772,2085
803.0,73,13823,2085
804.0,71,84985,2083
809.0,67,22434,2079
822.0,418,2,2430
225.0,462,22153,2474
227.0,422,442,2434
227.0,150,9117,2162
228.0,149,147,2161
228.0,150,5411,2162
229.0,409,9570,2421
229.0,148,8,2160
686.0,29,159390,2041
714.0,57,29812,2069
848.0,65,85772,2077
849.0,62,13823,2074
850.0,59,84985,2071
854.0,56,22434,2068
868.0,425,2,2437
226.0,251,22153,2263
231.0,203,442,2215
232.0,145,9117,2157
232.0,145,147,2157
233.0,145,5411,2157
233.0,200,9570,2212
234.0,143,8,2155
476.0,29,159390,2041
504.0,275,29812,2287
872.0,61,85772,2073
873.0,59,13823,2071
875.0,58,84985,2070
880.0,54,22434,2066
895.0,404,2,2416
225.0,728,22153,2740
227.0,679,442,2691
228.0,141,9117,2153
229.0,141,147,2153
229.0,238,5411,2250
230.0,676,9570,2688
231.0,138,8,2150
953.0,30,159390,2042
982.0,54,29812,2066
1088.0,72,85772,2084
1089.0,72,13823,2084
1090.0,70,84985,2082
1093.0,66,22434,2078
1106.0,428,2,2440
236.0,460,22153,2472
350.0,154,442,2166
351.0,15,9117,2027
351.0,15,147,2027
352.0,14,5411,2026
353.0,164,9570,2176
353.0,12,8,2024
696.0,45,159390,2057
741.0,59,29812,2071
859.0,90,85772,2102
860.0,96,13823,2108
861.0,95,84985,2107
866.0,83,22434,2095
880.0,421,2,2433
222.0,486,22153,2498
333.0,158,442,2170
335.0,43,9117,2055
336.0,41,147,2053
337.0,39,5411,2051
338.0,163,9570,2175
338.0,39,8,2051
707.0,45,159390,2057
752.0,58,29812,2070
859.0,59,85772,2071
860.0,252,13823,2264
861.0,248,84985,2260
865.0,53,22434,2065
877.0,242,2,2254
224.0,211,22153,2223
227.0,296,442,2308
228.0,139,9117,2151
229.0,138,147,2150
229.0,138,5411,2150
230.0,294,9570,2306
230.0,136,8,2148
434.0,28,159390,2040
461.0,58,29812,2070
931.0,113,85772,2125
932.0,56,13823,2068
933.0,55,84985,2067
936.0,49,22434,2061
949.0,93,2,2105
219.0,484,22153,2496
221.0,284,442,2296
221.0,141,9117,2153
222.0,140,147,2152
222.0,140,5411,2152
223.0,290,9570,2302
224.0,138,8,2150
703.0,46,159390,2058
748.0,57,29812,2069
859.0,76,85772,2088
860.0,76,13823,2088
861.0,80,84985,2092
865.0,71,22434,2083
878.0,434,2,2446
251.0,438,22153,2450
254.0,423,442,2435
254.0,129,9117,2141
255.0,129,147,2141
256.0,190,5411,2202
257.0,430,9570,2442
257.0,127,8,2139
688.0,45,159390,2057
733.0,60,29812,2072
872.0,61,85772,2073
873.0,59,13823,2071
874.0,57,84985,2069
879.0,414,22434,2426
892.0,403,2,2415
221.0,454,22153,2466
223.0,452,442,2464
223.0,152,9117,2164
224.0,151,147,2163
224.0,150,5411,2162
225.0,462,9570,2474
225.0,149,8,2161
686.0,47,159390,2059
732.0,58,29812,2070
874.0,59,85772,2071
875.0,363,13823,2375
876.0,57,84985,2069
881.0,53,22434,2065
894.0,344,2,2356
242.0,451,22153,2463
244.0,450,442,2462
245.0,154,9117,2166
245.0,152,147,2164
246.0,152,5411,2164
246.0,448,9570,2460
247.0,151,8,2163
693.0,46,159390,2058
738.0,60,29812,2072
880.0,61,85772,2073
881.0,59,13823,2071
882.0,59,84985,2071
886.0,56,22434,2068
900.0,420,2,2432
222.0,476,22153,2488
224.0,468,442,2480
225.0,171,9117,2183
226.0,171,147,2183
226.0,170,5411,2182
227.0,472,9570,2484
227.0,169,8,2181
698.0,47,159390,2059
744.0,59,29812,2071
888.0,66,85772,2078
890.0,64,13823,2076
891.0,62,84985,2074
895.0,60,22434,2072
912.0,421,2,2433
227.0,476,22153,2488
372.0,331,442,2343
373.0,23,9117,2035
373.0,15,147,2027
374.0,20,5411,2032
375.0,327,9570,2339
375.0,18,8,2030
714.0,45,159390,2057
758.0,60,29812,2072
901.0,141,85772,2153
902.0,141,13823,2153
903.0,141,84985,2153
907.0,134,22434,2146
920.0,2001,2,4013
229.0,266,22153,2278
232.0,250,442,2262
233.0,144,9117,2156
234.0,145,147,2157
234.0,190,5411,2202
235.0,247,9570,2259
235.0,142,8,2154
495.0,29,159390,2041
523.0,402,29812,2414
1032.0,66,85772,2078
1034.0,63,13823,2075
1036.0,63,84985,2075
1039.0,59,22434,2071
1053.0,114,2,2126
218.0,494,22152,2506
221.0,492,442,2504
221.0,143,9117,2155
222.0,142,147,2154
222.0,142,5411,2154
223.0,489,9570,2501
224.0,141,8,2153
718.0,46,159390,2058
763.0,60,29812,2072
906.0,60,85772,2072
908.0,59,13823,2071
909.0,58,84985,2070
913.0,54,22434,2066
926.0,410,2,2422
223.0,220,22153,2232
358.0,114,442,2126
359.0,16,9117,2028
359.0,15,147,2027
360.0,16,5411,2028
360.0,111,9570,2123
361.0,13,8,2025
442.0,29,159390,2041
470.0,58,29812,2070
995.0,56,85772,2068
995.0,54,13823,2066
996.0,55,84985,2067
1000,115,22434,2127
1013.0,102,2,2114
224.0,472,22153,2484
226.0,459,442,2471
226.0,166,9117,2178
227.0,166,147,2178
227.0,165,5411,2177
228.0,468,9570,2480
228.0,165,8,2177
695.0,46,159390,2058
741.0,62,29812,2074
906.0,98,85772,2110
907.0,96,13823,2108
908.0,94,84985,2106
911.0,91,22434,2103
925.0,435,2,2447
221.0,276,22153,2288
223.0,235,442,2247
224.0,60,9117,2072
224.0,59,147,2071
225.0,158,5411,2170
225.0,233,9570,2245
226.0,62,8,2074
497.0,30,159390,2042
526.0,377,29812,2389
1007.0,62,85772,2074
1009.0,58,13823,2070
1010.0,60,84985,2072
1014.0,56,22434,2068
1027.0,449,2,2461
219.0,470,22153,2482
221.0,456,442,2468
222.0,185,9117,2197
222.0,185,147,2197
223.0,467,5411,2479
223.0,461,9570,2473
224.0,184,8,2196
689.0,46,159390,2058
734.0,61,29812,2073
879.0,194,85772,2206
880.0,59,13823,2071
881.0,57,84985,2069
885.0,53,22434,2065
899.0,173,2,2185
222.0,229,22153,2241
224.0,177,442,2189
225.0,164,9117,2176
226.0,163,147,2175
226.0,163,5411,2175
227.0,167,9570,2179
228.0,165,8,2177
450.0,30,159390,2042
480.0,58,29812,2070
1090.0,60,85772,2072
1091.0,60,13823,2072
1092.0,55,84985,2067
1096.0,116,22434,2128
1109.0,100,2,2112
224.0,500,26993,2512
226.0,489,442,2501
226.0,190,9117,2202
227.0,189,147,2201
227.0,189,5411,2201
228.0,496,9570,2508
228.0,187,8,2199
723.0,46,159390,2058
768.0,64,29812,2076
903.0,309,87184,2321
904.0,126,13823,2138
905.0,66,84985,2078
910.0,63,22434,2075
924.0,200,2,2212
416.0,377,26993,2389
418.0,326,442,2338
419.0,164,9117,2176
419.0,164,147,2176
420.0,164,5411,2176
420.0,336,9570,2348
421.0,162,8,2174
792.0,31,159390,2043
822.0,54,29812,2066
964.0,116,87184,2128
965.0,58,13823,2070
966.0,56,84985,2068
970.0,52,22434,2064
983.0,441,2,2453
220.0,474,26993,2486
222.0,472,442,2484
222.0,159,9117,2171
223.0,160,147,2172
223.0,159,5411,2171
224.0,469,9570,2481
224.0,157,8,2169
698.0,47,159390,2059
745.0,59,29812,2071
887.0,60,87184,2072
889.0,59,13823,2071
890.0,59,84985,2071
894.0,418,22434,2430
908.0,402,2,2414
214.0,666,26993,2678
216.0,627,442,2639
217.0,161,9117,2173
217.0,161,147,2173
218.0,198,5411,2210
219.0,614,9570,2626
220.0,158,8,2170
879.0,29,159390,2041
908.0,55,29812,2067
1050.0,60,87184,2072
1052.0,60,13823,2072
1053.0,58,84985,2070
1056.0,55,22434,2067
1072.0,409,2,2421
228.0,482,26993,2494
230.0,480,442,2492
230.0,155,9117,2167
232.0,152,147,2164
233.0,152,5411,2164
234.0,469,9570,2481
234.0,152,8,2164
714.0,47,159390,2059
761.0,60,29812,2072
909.0,63,87184,2075
911.0,60,13823,2072
912.0,60,84985,2072
917.0,54,22434,2066
929.0,439,2,2451
224.0,281,26993,2293
226.0,224,442,2236
227.0,161,9117,2173
227.0,161,147,2173
228.0,161,5411,2173
228.0,217,9570,2229
229.0,159,8,2171
505.0,363,159390,2375
867.0,75,29812,2087
1029.0,2267,87184,4279
1030.0,2266,13823,4278
1031.0,2261,84985,4273
1035.0,2258,22434,4270
1050.0,2241,2,4253
222.0,503,26993,2515
224.0,507,442,2519
224.0,174,9117,2186
225.0,173,147,2185
225.0,172,5411,2184
226.0,506,9570,2518
226.0,172,8,2184
730.0,48,159390,2060
777.0,62,29812,2074
928.0,112,87184,2124
929.0,113,13823,2125
931.0,55,84985,2067
935.0,106,22434,2118
947.0,424,2,2436
224.0,630,26993,2642
226.0,263,442,2275
227.0,203,9117,2215
228.0,203,147,2215
228.0,202,5411,2214
229.0,260,9570,2272
230.0,200,8,2212
854.0,47,159390,2059
901.0,155,29812,2167
1160.0,67,87184,2079
1161.0,71,13823,2083
1162.0,67,84985,2079
1166.0,65,22434,2077
1179.0,439,2,2451
424.0,612,26993,2624
427.0,554,442,2566
428.0,154,9117,2166
430.0,153,147,2165
430.0,274,5411,2286
431.0,550,9570,2562
431.0,153,8,2165
1035.0,30,159390,2042
1065.0,56,29812,2068
1211.0,61,87184,2073
1212.0,59,13823,2071
1214.0,58,84985,2070
1218.0,55,22434,2067
1231.0,955,2,2967
248.0,752,26993,2764
250.0,710,442,2722
250.0,155,9117,2167
251.0,154,147,2166
252.0,154,5411,2166
252.0,692,9570,2704
253.0,153,8,2165
999.0,29,159390,2041
1028.0,54,29812,2066
1162.0,61,87184,2073
1163.0,60,13823,2072
1165.0,120,84985,2132
1169.0,115,22434,2127
1182.0,451,2,2463
224.0,517,26993,2529
381.0,347,442,2359
382.0,18,9117,2030
383.0,17,147,2029
383.0,15,5411,2027
384.0,352,9570,2364
384.0,15,8,2027
741.0,46,159390,2058
786.0,63,29812,2075
934.0,61,87184,2073
935.0,58,13823,2070
936.0,118,84985,2130
940.0,112,22434,2124
955.0,101,2,2113
235.0,506,26993,2518
384.0,370,442,2382
385.0,17,9117,2029
385.0,16,147,2028
386.0,16,5411,2028
386.0,368,9570,2380
387.0,15,8,2027
753.0,47,159390,2059
799.0,63,29812,2075
934.0,74,87184,2086
935.0,73,13823,2085
936.0,71,84985,2083
941.0,65,22434,2077
955.0,109,2,2121
223.0,522,26993,2534
226.0,517,442,2529
226.0,173,9117,2185
227.0,173,147,2185
227.0,172,5411,2184
228.0,517,9570,2529
228.0,171,8,2183
744.0,46,159390,2058
789.0,62,29812,2074
938.0,60,87184,2072
939.0,60,13823,2072
941.0,117,84985,2129
945.0,54,22434,2066
958.0,431,2,2443
231.0,529,26993,2541
391.0,365,442,2377
392.0,21,9117,2033
393.0,18,147,2030
393.0,64,5411,2076
394.0,374,9570,2386
394.0,18,8,2030
767.0,47,159390,2059
813.0,62,29812,2074
966.0,65,87184,2077
968.0,65,13823,2077
969.0,61,84985,2073
973.0,59,22434,2071
989.0,105,2,2117
227.0,599,26993,2611
232.0,543,442,2555
232.0,169,9117,2181
233.0,168,147,2180
233.0,167,5411,2179
234.0,532,9570,2544
235.0,167,8,2179
825.0,28,159390,2040
853.0,55,29812,2067
1001.0,61,87184,2073
1003.0,60,13823,2072
1004.0,57,84985,2069
1009.0,55,22434,2067
1022.0,99,2,2111
224.0,242,26993,2254
228.0,183,442,2195
229.0,183,9117,2195
230.0,182,147,2194
231.0,189,5411,2201
232.0,188,9570,2200
232.0,179,8,2191
466.0,32,159390,2044
498.0,76,29812,2088
1138.0,67,87184,2079
1139.0,67,13823,2079
1140.0,64,84985,2076
1144.0,61,22434,2073
1157.0,109,2,2121
229.0,518,26993,2530
385.0,363,442,2375
386.0,18,9117,2030
386.0,16,147,2028
387.0,18,5411,2030
387.0,361,9570,2373
388.0,12,8,2024
759.0,46,159390,2058
805.0,63,29812,2075
946.0,65,87184,2077
948.0,62,13823,2074
949.0,60,84985,2072
953.0,57,22434,2069
966.0,105,2,2117
229.0,277,26993,2289
231.0,225,442,2237
232.0,177,9117,2189
233.0,177,147,2189
233.0,175,5411,2187
234.0,223,9570,2235
234.0,175,8,2187
505.0,416,159390,2428
920.0,76,29812,2088
1088.0,63,87184,2075
1089.0,65,13823,2077
1090.0,65,84985,2077
1094.0,58,22434,2070
1107.0,437,2,2449
719.0,386,26993,2398
721.0,332,442,2344
722.0,155,9117,2167
722.0,154,147,2166
723.0,330,5411,2342
723.0,329,9570,2341
724.0,153,8,2165
1104.0,30,159390,2042
1134.0,54,29812,2066
1283.0,59,87184,2071
1284.0,58,13823,2070
1284.0,347,84985,2359
1288.0,53,22434,2065
1302.0,327,2,2339
446.0,613,26993,2625
451.0,560,442,2572
452.0,185,9117,2197
453.0,184,147,2196
453.0,184,5411,2196
454.0,541,9570,2553
454.0,183,8,2195
1058.0,29,159390,2041
1087.0,58,29812,2070
1236.0,58,87184,2070
1236.0,57,13823,2069
1237.0,58,84985,2070
1241.0,54,22434,2066
1254.0,97,2,2109
227.0,668,26993,2680
288.0,193,442,2205
292.0,143,9117,2155
293.0,143,147,2155
297.0,138,5411,2150
298.0,185,9570,2197
299.0,136,8,2148
894.0,47,159390,2059
940.0,68,29812,2080
1086.0,130,87184,2142
1087.0,122,13823,2134
1089.0,60,84985,2072
1093.0,57,22434,2069
1106.0,109,2,2121
231.0,535,26993,2547
233.0,533,442,2545
234.0,184,9117,2196
235.0,183,147,2195
235.0,184,5411,2196
236.0,522,9570,2534
236.0,181,8,2193
765.0,47,159390,2059
811.0,68,29812,2080
972.0,58,87184,2070
973.0,122,13823,2134
974.0,123,84985,2135
978.0,53,22434,2065
991.0,461,2,2473
228.0,223,26993,2235
232.0,311,442,2323
232.0,182,9117,2194
233.0,166,147,2178
234.0,165,5411,2177
235.0,305,9570,2317
236.0,178,8,2190
451.0,30,159390,2042
480.0,59,29812,2071
1084.0,59,87184,2071
1085.0,58,13823,2070
1086.0,58,84985,2070
1090.0,53,22434,2065
1103.0,108,2,2120
236.0,242,26993,2254
239.0,178,442,2190
240.0,182,9117,2194
240.0,189,147,2201
241.0,175,5411,2187
242.0,179,9570,2191
243.0,187,8,2199
478.0,31,159390,2043
509.0,493,29812,2505
1108.0,188,87184,2200
1109.0,192,13823,2204
1110.0,187,84985,2199
1114.0,183,22434,2195
1127.0,173,2,2185
231.0,672,26993,2684
233.0,234,442,2246
234.0,177,9117,2189
234.0,177,147,2189
235.0,176,5411,2188
235.0,227,9570,2239
236.0,176,8,2188
903.0,46,159390,2058
948.0,187,29812,2199
1241.0,1582,87184,3594
1242.0,218,13823,2230
1243.0,58,84985,2070
1246.0,53,22434,2065
1260.0,97,2,2109
229.0,674,26993,2686
231.0,244,442,2256
232.0,188,9117,2200
233.0,188,147,2200
233.0,188,5411,2200
234.0,238,9570,2250
235.0,185,8,2197
903.0,47,159390,2059
950.0,62,29812,2074
1105.0,60,87184,2072
1106.0,58,13823,2070
1107.0,57,84985,2069
1110.0,55,22434,2067
1124.0,456,2,2468
229.0,654,26993,2666
231.0,227,442,2239
231.0,180,9117,2192
232.0,180,147,2192
233.0,179,5411,2191
233.0,225,9570,2237
234.0,177,8,2189
882.0,46,159390,2058
928.0,61,29812,2073
1082.0,67,87184,2079
1084.0,63,13823,2075
1085.0,65,84985,2077
1089.0,61,22434,2073
1103.0,447,2,2459
247.0,649,26993,2661
250.0,232,442,2244
250.0,186,9117,2198
251.0,184,147,2196
252.0,184,5411,2196
252.0,229,9570,2241
253.0,182,8,2194
896.0,57,159390,2069
953.0,55,29812,2067
1106.0,63,87184,2075
1107.0,63,13823,2075
1108.0,60,84985,2072
1112.0,58,22434,2070
1124.0,439,2,2451
233.0,676,26993,2688
238.0,255,442,2267
239.0,196,9117,2208
239.0,196,147,2208
240.0,194,5411,2206
242.0,251,9570,2263
242.0,192,8,2204
909.0,48,159390,2060
956.0,60,29812,2072
1140.0,102,87184,2114
1141.0,100,13823,2112
1142.0,100,84985,2112
1146.0,95,22434,2107
1158.0,444,2,2456
227.0,776,26993,2788
400.0,561,442,2573
401.0,19,9117,2031
401.0,21,147,2033
402.0,19,5411,2031
402.0,558,9570,2570
403.0,16,8,2028
1002.0,29,159390,2041
1031.0,54,29812,2066
1172.0,63,87184,2075
1173.0,62,13823,2074
1174.0,62,84985,2074
1178.0,466,22434,2478
1191.0,106,2,2118
230.0,525,26993,2537
232.0,527,442,2539
233.0,179,9117,2191
233.0,178,147,2190
234.0,178,5411,2190
234.0,524,9570,2536
235.0,178,8,2190
766.0,46,159390,2058
812.0,64,29812,2076
976.0,65,87184,2077
978.0,122,13823,2134
979.0,61,84985,2073
984.0,57,22434,2069
997.0,446,2,2458
232.0,539,26993,2551
234.0,543,442,2555
235.0,183,9117,2195
236.0,188,147,2200
236.0,186,5411,2198
237.0,535,9570,2547
237.0,180,8,2192
777.0,48,159390,2060
824.0,64,29812,2076
967.0,67,87184,2079
969.0,63,13823,2075
970.0,62,84985,2074
974.0,120,22434,2132
987.0,486,2,2498
229.0,279,26993,2291
231.0,240,442,2252
231.0,192,9117,2204
232.0,191,147,2203
232.0,190,5411,2202
233.0,238,9570,2250
233.0,190,8,2202
508.0,473,159390,2485
980.0,161,29812,2173
1254.0,1815,87184,3827
1255.0,225,13823,2237
1256.0,120,84985,2132
1260.0,116,22434,2128
1274.0,207,2,2219
224.0,283,26993,2295
226.0,248,442,2260
227.0,196,9117,2208
227.0,197,147,2209
228.0,196,5411,2208
228.0,245,9570,2257
229.0,195,8,2207
506.0,503,159390,2515
1008.0,60,29812,2072
1166.0,61,87184,2073
1168.0,415,13823,2427
1168.0,57,84985,2069
1172.0,56,22434,2068
1185.0,396,2,2408
226.0,769,26993,2781
228.0,729,442,2741
229.0,204,9117,2216
230.0,203,147,2215
230.0,203,5411,2215
231.0,722,9570,2734
231.0,202,8,2214
994.0,30,159390,2042
1024.0,61,29812,2073
1168.0,122,87184,2134
1169.0,114,13823,2126
1170.0,113,84985,2125
1176.0,111,22434,2123
1188.0,479,2,2491
