starttime,duration,size,total
423.0,2807,91556,3230.0
424.0,71,52043,495.0
424.0,71,242078,495.0
425.0,93,8127,518.0
601.0,255,611,856.0
601.0,254,1178,855.0
670.0,2,3768,672.0
3248.0,32,36596,3280.0
3274.0,140,4529,3414.0
3280.0,32,66158,3312.0
3303.0,211,341,3514.0
3513.0,361,248,3874.0
3874.0,183,347,4057.0
4057.0,31,47670,4088.0
4086.0,157,936,4243.0
4243.0,53,922,4296.0
4244.0,4,15180,4248.0
4295.0,121,924,4416.0
4364.0,838,8792,5202.0
5409.0,11,6824,5420.0
296.0,421,91556,717.0
296.0,75,52043,371.0
297.0,98,242078,395.0
298.0,97,8127,395.0
299.0,97,611,396.0
300.0,96,1178,396.0
423.0,139,3768,562.0
641.0,6,66158,647.0
732.0,4,36596,736.0
755.0,174,4529,929.0
772.0,193,711,965.0
956.0,275,248,1231.0
1230.0,169,5530,1399.0
1398.0,50,801,1448.0
1446.0,90,47670,1536.0
1536.0,532,936,2068.0
2067.0,76,922,2143.0
2143.0,150,924,2293.0
2232.0,698,8792,2930.0
2479.0,31,15180,2510.0
3016.0,17,6824,3033.0
305.0,492,91556,797.0
305.0,108,52043,413.0
306.0,109,242078,415.0
307.0,81,8127,388.0
426.0,258,611,684.0
427.0,5,1178,432.0
564.0,18,3768,582.0
736.0,5,66158,741.0
811.0,4,36596,815.0
836.0,158,4529,994.0
853.0,186,213,1039.0
1030.0,214,248,1244.0
1243.0,151,305,1394.0
1394.0,4,3111,1398.0
1397.0,395,2122,1792.0
1770.0,311,1900,2081.0
1791.0,290,47670,2081.0
2080.0,157,936,2237.0
2237.0,100,922,2337.0
2320.0,6,15180,2326.0
2336.0,132,924,2468.0
2415.0,551,8792,2966.0
3033.0,29,6824,3062.0
300.0,482,91556,782.0
300.0,115,52043,415.0
301.0,114,242078,415.0
302.0,113,8127,415.0
427.0,258,611,685.0
428.0,6,1178,434.0
567.0,18,3768,585.0
728.0,5,66158,733.0
796.0,3,36596,799.0
819.0,175,4529,994.0
836.0,170,351,1006.0
1006.0,282,248,1288.0
1288.0,209,347,1497.0
1497.0,34,47670,1531.0
1530.0,147,936,1677.0
1676.0,56,922,1732.0
1677.0,3,15180,1680.0
1730.0,124,924,1854.0
1795.0,492,8792,2287.0
2767.0,11,6824,2778.0
296.0,415,91556,711.0
296.0,108,52043,404.0
297.0,108,242078,405.0
298.0,107,8127,405.0
299.0,121,611,420.0
300.0,119,1178,419.0
435.0,2,3768,437.0
644.0,6,66158,650.0
726.0,3,36596,729.0
748.0,179,4529,927.0
764.0,213,213,977.0
977.0,349,248,1326.0
1326.0,160,305,1486.0
1485.0,11,3111,1496.0
1494.0,312,2122,1806.0
1786.0,65,1900,1851.0
1806.0,45,47670,1851.0
1850.0,430,936,2280.0
2279.0,79,922,2358.0
2357.0,225,924,2582.0
2528.0,490,8632,3018.0
2597.0,46,15180,2643.0
3313.0,32,6824,3345.0
350.0,480,91556,830.0
350.0,111,52043,461.0
351.0,110,242078,461.0
352.0,85,8127,437.0
353.0,121,611,474.0
354.0,118,1178,472.0
473.0,23,3768,496.0
697.0,5,66158,702.0
845.0,3,36596,848.0
867.0,161,4529,1028.0
884.0,194,213,1078.0
1069.0,251,248,1320.0
1320.0,167,305,1487.0
1487.0,4,3111,1491.0
1491.0,677,2122,2168.0
2148.0,64,1900,2212.0
2167.0,45,47670,2212.0
2210.0,225,935,2435.0
2434.0,95,922,2529.0
2529.0,135,924,2664.0
2560.0,11,15180,2571.0
2611.0,747,8633,3358.0
3521.0,12,6824,3533.0
298.0,482,91556,780.0
299.0,122,52043,421.0
299.0,120,242078,419.0
301.0,120,8127,421.0
433.0,7,611,440.0
433.0,2,1178,435.0
582.0,18,3768,600.0
715.0,2,66158,717.0
795.0,5,36596,800.0
820.0,164,4529,984.0
837.0,176,213,1013.0
1004.0,285,248,1289.0
1289.0,162,305,1451.0
1450.0,4,3111,1454.0
1453.0,746,2122,2199.0
2179.0,128,1900,2307.0
2198.0,103,47670,2301.0
2300.0,161,936,2461.0
2460.0,62,921,2522.0
2472.0,7,15180,2479.0
2522.0,115,924,2637.0
2583.0,470,8633,3053.0
3398.0,20,6824,3418.0
293.0,412,91556,705.0
294.0,93,52043,387.0
295.0,94,242078,389.0
296.0,93,8127,389.0
296.0,293,611,589.0
298.0,116,1178,414.0
413.0,31,3768,444.0
658.0,2,66158,660.0
721.0,3,36596,724.0
746.0,164,4529,910.0
763.0,165,213,928.0
927.0,166,248,1093.0
1092.0,261,305,1353.0
1353.0,154,3111,1507.0
1507.0,331,2122,1838.0
1818.0,57,1900,1875.0
1838.0,28,47670,1866.0
1865.0,308,936,2173.0
2172.0,78,921,2250.0
2249.0,167,924,2416.0
2316.0,112,15180,2428.0
2355.0,629,8633,2984.0
3341.0,28,6824,3369.0
300.0,437,91556,737.0
301.0,114,52043,415.0
302.0,113,242078,415.0
303.0,111,8127,414.0
303.0,111,611,414.0
304.0,86,1178,390.0
431.0,18,3768,449.0
653.0,6,66158,659.0
753.0,5,36596,758.0
778.0,161,4529,939.0
795.0,175,213,970.0
961.0,339,248,1300.0
1299.0,181,5927,1480.0
1479.0,23,801,1502.0
1501.0,46,47670,1547.0
1546.0,150,936,1696.0
1694.0,79,922,1773.0
1697.0,6,15180,1703.0
1772.0,129,924,1901.0
1839.0,933,8633,2772.0
3184.0,156,6824,3340.0
300.0,1061,91556,1361.0
300.0,115,52043,415.0
301.0,115,242078,416.0
302.0,90,8127,392.0
417.0,31,611,448.0
418.0,30,1178,448.0
609.0,18,3768,627.0
635.0,5,66158,640.0
1376.0,3,36596,1379.0
1401.0,167,4529,1568.0
1418.0,181,213,1599.0
1590.0,184,248,1774.0
1773.0,314,305,2087.0
2086.0,42,3111,2128.0
2128.0,370,2122,2498.0
2476.0,67,1900,2543.0
2497.0,46,47670,2543.0
2542.0,556,936,3098.0
3097.0,75,922,3172.0
3171.0,156,924,3327.0
3271.0,721,8633,3992.0
3372.0,57,15180,3429.0
4392.0,35,6824,4427.0
291.0,545,91556,836.0
291.0,132,52043,423.0
292.0,95,242078,387.0
293.0,131,8127,424.0
384.0,280,611,664.0
385.0,40,1178,425.0
439.0,6,3768,445.0
744.0,6,66158,750.0
851.0,3,36596,854.0
873.0,160,4529,1033.0
890.0,180,213,1070.0
1061.0,347,248,1408.0
1407.0,164,305,1571.0
1570.0,5,3111,1575.0
1574.0,1230,2122,2804.0
2780.0,51,1900,2831.0
2803.0,47,47670,2850.0
2849.0,106,936,2955.0
2954.0,51,922,3005.0
2956.0,3,15180,2959.0
3005.0,117,922,3122.0
3067.0,1327,8633,4394.0
4426.0,18,6824,4444.0
289.0,417,91556,706.0
290.0,97,52043,387.0
290.0,97,242078,387.0
292.0,120,8127,412.0
412.0,275,611,687.0
413.0,32,1178,445.0
600.0,22,3768,622.0
656.0,7,66158,663.0
724.0,3,36596,727.0
749.0,298,4529,1047.0
766.0,179,213,945.0
945.0,166,248,1111.0
1110.0,344,305,1454.0
1453.0,23,3111,1476.0
1475.0,430,2122,1905.0
1884.0,34,1900,1918.0
1904.0,45,47670,1949.0
1948.0,494,936,2442.0
2441.0,87,922,2528.0
2527.0,209,924,2736.0
2680.0,685,8633,3365.0
2743.0,624,15180,3367.0
3745.0,39,6824,3784.0
296.0,417,91556,713.0
296.0,100,52043,396.0
297.0,124,242078,421.0
298.0,124,8127,422.0
299.0,123,611,422.0
300.0,122,1178,422.0
423.0,31,3768,454.0
648.0,9,66158,657.0
729.0,3,36596,732.0
754.0,178,4529,932.0
771.0,196,213,967.0
966.0,165,248,1131.0
1131.0,354,305,1485.0
1484.0,15,3111,1499.0
1499.0,388,2122,1887.0
1864.0,61,1900,1925.0
1885.0,39,47670,1924.0
1924.0,665,936,2589.0
2589.0,82,922,2671.0
2670.0,157,924,2827.0
2772.0,847,8633,3619.0
2934.0,36,15180,2970.0
3991.0,41,6824,4032.0
292.0,417,91556,709.0
292.0,104,52043,396.0
293.0,105,242078,398.0
294.0,102,8127,396.0
294.0,103,611,397.0
295.0,100,1178,395.0
423.0,31,3768,454.0
648.0,9,66158,657.0
724.0,3,36596,727.0
748.0,313,4529,1061.0
765.0,182,213,947.0
947.0,170,248,1117.0
1116.0,355,305,1471.0
1471.0,20,3111,1491.0
1490.0,443,2122,1933.0
1911.0,47,1900,1958.0
1932.0,50,47670,1982.0
1980.0,567,936,2547.0
2546.0,87,922,2633.0
2632.0,225,924,2857.0
2801.0,750,8633,3551.0
2867.0,685,15180,3552.0
3928.0,44,6824,3972.0
299.0,638,91556,937.0
300.0,126,52043,426.0
300.0,125,242078,425.0
301.0,125,8127,426.0
427.0,274,611,701.0
427.0,33,1178,460.0
608.0,22,3768,630.0
644.0,2,66158,646.0
953.0,3,36596,956.0
976.0,281,4529,1257.0
993.0,282,213,1275.0
1266.0,170,248,1436.0
1435.0,169,305,1604.0
1604.0,180,3111,1784.0
1783.0,681,2122,2464.0
2443.0,90,1900,2533.0
2462.0,98,47670,2560.0
2559.0,173,936,2732.0
2732.0,72,922,2804.0
2803.0,121,922,2924.0
2841.0,7,15180,2848.0
2870.0,747,8633,3617.0
4139.0,49,6824,4188.0
308.0,409,91556,717.0
309.0,130,52043,439.0
309.0,130,242078,439.0
310.0,127,8127,437.0
312.0,130,611,442.0
313.0,127,1178,440.0
441.0,32,3768,473.0
657.0,888,66158,1545.0
732.0,3,36596,735.0
755.0,265,4529,1020.0
1535.0,195,213,1730.0
1730.0,338,248,2068.0
2067.0,163,305,2230.0
2230.0,88,3111,2318.0
2318.0,325,2122,2643.0
2620.0,489,1900,3109.0
2641.0,488,47670,3129.0
3128.0,789,935,3917.0
3917.0,83,922,4000.0
3999.0,123,924,4122.0
4037.0,104,15180,4141.0
4069.0,800,8633,4869.0
5222.0,30,6824,5252.0
299.0,511,91556,810.0
300.0,132,52043,432.0
300.0,131,242078,431.0
301.0,130,8127,431.0
402.0,60,611,462.0
403.0,58,1178,461.0
457.0,13,3768,470.0
742.0,548,66158,1290.0
825.0,4,36596,829.0
851.0,146,4529,997.0
1281.0,194,213,1475.0
1474.0,166,248,1640.0
1639.0,161,305,1800.0
1800.0,4,3111,1804.0
1804.0,598,2122,2402.0
2383.0,181,1900,2564.0
2401.0,161,47670,2562.0
2561.0,137,936,2698.0
2698.0,64,922,2762.0
2756.0,145,15180,2901.0
2762.0,122,924,2884.0
2826.0,803,8633,3629.0
4124.0,51,6824,4175.0
299.0,406,91556,705.0
300.0,135,52043,435.0
300.0,132,242078,432.0
301.0,134,8127,435.0
303.0,324,611,627.0
303.0,133,1178,436.0
434.0,17,3768,451.0
659.0,2,66158,661.0
720.0,3,36596,723.0
743.0,296,4529,1039.0
760.0,168,213,928.0
927.0,167,248,1094.0
1094.0,418,305,1512.0
1511.0,64,3111,1575.0
1575.0,1345,2122,2920.0
2895.0,64,1900,2959.0
2918.0,41,47670,2959.0
2958.0,547,936,3505.0
3504.0,52,921,3556.0
3545.0,27,15180,3572.0
3555.0,126,924,3681.0
3627.0,783,8633,4410.0
4784.0,42,6824,4826.0
294.0,410,91556,704.0
294.0,107,52043,401.0
295.0,106,242078,401.0
296.0,129,8127,425.0
426.0,278,611,704.0
427.0,32,1178,459.0
615.0,32,3768,647.0
648.0,2,66158,650.0
719.0,3,36596,722.0
745.0,309,4529,1054.0
762.0,182,213,944.0
943.0,168,248,1111.0
1111.0,415,305,1526.0
1525.0,73,3111,1598.0
1597.0,320,2122,1917.0
1895.0,61,1900,1956.0
1915.0,36,47670,1951.0
1951.0,101,936,2052.0
2051.0,671,922,2722.0
2053.0,3,15180,2056.0
2720.0,165,924,2885.0
2831.0,1003,8633,3834.0
4313.0,11,6824,4324.0
293.0,420,91556,713.0
294.0,109,52043,403.0
294.0,134,242078,428.0
295.0,108,8127,403.0
296.0,133,611,429.0
297.0,134,1178,431.0
430.0,33,3768,463.0
644.0,28,66158,672.0
728.0,3,36596,731.0
752.0,290,4529,1042.0
769.0,170,213,939.0
939.0,170,248,1109.0
1108.0,433,305,1541.0
1540.0,70,3111,1610.0
1609.0,406,2122,2015.0
1992.0,633,1900,2625.0
2013.0,611,47670,2624.0
2624.0,148,936,2772.0
2771.0,72,922,2843.0
2842.0,143,924,2985.0
2884.0,9,15180,2893.0
2928.0,812,8486,3740.0
4268.0,40,6824,4308.0
1083.0,440,91556,1523.0
1084.0,113,52043,1197.0
1084.0,137,242078,1221.0
1085.0,112,8127,1197.0
1222.0,33,611,1255.0
1223.0,32,1178,1255.0
1333.0,2,3768,1335.0
1426.0,6,66158,1432.0
1539.0,3,36596,1542.0
1562.0,307,4529,1869.0
1579.0,284,213,1863.0
1853.0,178,248,2031.0
2031.0,174,305,2205.0
2205.0,6,3111,2211.0
2210.0,1039,2122,3249.0
3229.0,94,1900,3323.0
3248.0,101,47670,3349.0
3348.0,139,936,3487.0
3486.0,70,922,3556.0
3555.0,162,924,3717.0
3620.0,99,15180,3719.0
3664.0,927,8486,4591.0
5252.0,53,6824,5305.0
297.0,598,91556,895.0
298.0,153,52043,451.0
298.0,152,242078,450.0
299.0,117,8127,416.0
300.0,148,611,448.0
414.0,35,1172,449.0
417.0,61,3768,478.0
760.0,6,66158,766.0
910.0,3,36596,913.0
932.0,169,4529,1101.0
950.0,188,213,1138.0
1129.0,415,248,1544.0
1544.0,198,305,1742.0
1740.0,15,3111,1755.0
1754.0,1065,2122,2819.0
2798.0,148,1900,2946.0
2819.0,147,47670,2966.0
2965.0,211,936,3176.0
3175.0,76,922,3251.0
3201.0,4,15180,3205.0
3250.0,119,924,3369.0
3315.0,1036,8486,4351.0
4982.0,35,6824,5017.0
300.0,572,91556,872.0
301.0,130,52043,431.0
301.0,129,242078,430.0
302.0,153,8127,455.0
304.0,162,611,466.0
304.0,152,1172,456.0
428.0,38,3768,466.0
700.0,190,66158,890.0
888.0,56,36596,944.0
911.0,163,4529,1074.0
928.0,164,213,1092.0
1092.0,566,248,1658.0
1657.0,168,305,1825.0
1825.0,5,3111,1830.0
1829.0,357,2122,2186.0
2166.0,33,1900,2199.0
2186.0,43,47670,2229.0
2227.0,663,936,2890.0
2890.0,115,922,3005.0
3003.0,130,924,3133.0
3079.0,1280,8433,4359.0
3256.0,64,15180,3320.0
5148.0,260,6824,5408.0
299.0,426,91556,725.0
299.0,58,52043,357.0
300.0,57,242078,357.0
301.0,81,8127,382.0
302.0,390,611,692.0
303.0,79,1172,382.0
461.0,11,3768,472.0
692.0,13,66158,705.0
758.0,4,36596,762.0
783.0,302,4529,1085.0
803.0,170,213,973.0
972.0,169,248,1141.0
1141.0,584,305,1725.0
1724.0,10,3111,1734.0
1734.0,448,2122,2182.0
2157.0,65,1900,2222.0
2180.0,40,47670,2220.0
2220.0,893,936,3113.0
3112.0,89,922,3201.0
3200.0,138,924,3338.0
3282.0,1286,8580,4568.0
3392.0,75,15180,3467.0
5155.0,48,6824,5203.0
291.0,517,91556,808.0
291.0,167,52043,458.0
292.0,143,242078,435.0
293.0,166,8127,459.0
404.0,59,611,463.0
405.0,58,1172,463.0
642.0,19,3768,661.0
751.0,6,66158,757.0
823.0,5,36596,828.0
849.0,158,4529,1007.0
866.0,196,213,1062.0
1053.0,432,248,1485.0
1484.0,165,305,1649.0
1649.0,6,3111,1655.0
1654.0,356,2122,2010.0
1989.0,775,1900,2764.0
2009.0,752,47670,2761.0
2759.0,174,936,2933.0
2932.0,81,922,3013.0
3012.0,145,924,3157.0
3075.0,1018,15180,4093.0
3101.0,992,8404,4093.0
4650.0,29,6824,4679.0
316.0,526,91556,842.0
316.0,160,52043,476.0
317.0,159,242078,476.0
318.0,158,8127,476.0
435.0,40,611,475.0
436.0,41,1172,477.0
656.0,466,3768,1122.0
780.0,6,66158,786.0
857.0,5,36596,862.0
882.0,164,4529,1046.0
899.0,196,213,1095.0
1085.0,453,248,1538.0
1537.0,173,305,1710.0
1709.0,5,3111,1714.0
1714.0,361,2122,2075.0
2053.0,804,1900,2857.0
2074.0,871,47670,2945.0
2943.0,115,936,3058.0
3057.0,68,922,3125.0
3124.0,143,922,3267.0
3212.0,1162,8421,4374.0
3317.0,36,15180,3353.0
5074.0,72,6824,5146.0
294.0,533,91556,827.0
294.0,170,52043,464.0
295.0,128,242078,423.0
296.0,169,8127,465.0
420.0,268,611,688.0
421.0,43,1172,464.0
659.0,18,3768,677.0
760.0,6,66158,766.0
842.0,5,36596,847.0
868.0,168,4529,1036.0
885.0,187,213,1072.0
1063.0,530,248,1593.0
1592.0,199,305,1791.0
1791.0,5,3111,1796.0
1796.0,1146,2122,2942.0
2920.0,108,1900,3028.0
2940.0,87,47670,3027.0
3026.0,500,936,3526.0
3525.0,59,922,3584.0
3528.0,2,15180,3530.0
3583.0,123,924,3706.0
3651.0,2141,8421,5792.0
5882.0,10,6824,5892.0
289.0,430,91556,719.0
290.0,57,52043,347.0
290.0,55,242078,345.0
291.0,55,8127,346.0
454.0,11,611,465.0
454.0,11,1172,465.0
684.0,59,3768,743.0
685.0,58,66158,743.0
741.0,4,36596,745.0
768.0,295,4529,1063.0
785.0,174,213,959.0
959.0,172,248,1131.0
1131.0,985,305,2116.0
2115.0,66,3111,2181.0
2181.0,449,2122,2630.0
2607.0,69,1900,2676.0
2629.0,43,47670,2672.0
2670.0,122,936,2792.0
2791.0,738,921,3529.0
2794.0,4,15180,2798.0
3529.0,151,924,3680.0
3625.0,1292,8421,4917.0
5414.0,81,6824,5495.0
292.0,555,91556,847.0
293.0,191,52043,484.0
293.0,190,242078,483.0
294.0,164,8127,458.0
424.0,64,611,488.0
425.0,63,1172,488.0
680.0,23,3768,703.0
778.0,637,66158,1415.0
864.0,6,36596,870.0
890.0,143,4529,1033.0
1406.0,197,213,1603.0
1602.0,169,248,1771.0
1771.0,1061,305,2832.0
2832.0,239,3111,3071.0
3070.0,691,2122,3761.0
3739.0,130,1900,3869.0
3760.0,108,47670,3868.0
3867.0,181,936,4048.0
4047.0,49,922,4096.0
4050.0,5,15180,4055.0
4095.0,117,924,4212.0
4157.0,1835,8424,5992.0
6147.0,27,6824,6174.0
287.0,404,91556,691.0
288.0,58,52043,346.0
288.0,57,242078,345.0
289.0,56,8127,345.0
291.0,161,611,452.0
292.0,79,1172,371.0
453.0,11,3768,464.0
691.0,65,66158,756.0
754.0,5,36596,759.0
781.0,291,4529,1072.0
798.0,174,213,972.0
971.0,165,248,1136.0
1136.0,914,305,2050.0
2050.0,69,3111,2119.0
2118.0,376,2122,2494.0
2469.0,57,1900,2526.0
2493.0,51,47670,2544.0
2543.0,84,936,2627.0
2626.0,74,922,2700.0
2629.0,4,15180,2633.0
2700.0,117,924,2817.0
2762.0,2227,8424,4989.0
5322.0,33,6824,5355.0
299.0,445,91556,744.0
300.0,57,52043,357.0
300.0,56,242078,356.0
301.0,82,8127,383.0
302.0,80,611,382.0
303.0,80,1172,383.0
467.0,14,3768,481.0
726.0,113,66158,839.0
765.0,75,36596,840.0
790.0,290,4529,1080.0
829.0,197,213,1026.0
1026.0,169,248,1195.0
1194.0,615,305,1809.0
1808.0,9,3111,1817.0
1817.0,422,2122,2239.0
2213.0,50,1900,2263.0
2237.0,49,47670,2286.0
2285.0,1034,935,3319.0
3318.0,73,922,3391.0
3391.0,138,922,3529.0
3473.0,1434,8424,4907.0
3658.0,31,15180,3689.0
5413.0,35,6824,5448.0
294.0,434,91556,728.0
294.0,81,52043,375.0
295.0,82,242078,377.0
296.0,56,8127,352.0
297.0,80,611,377.0
298.0,169,1172,467.0
462.0,15,3768,477.0
727.0,212,66158,939.0
770.0,3,36596,773.0
796.0,271,4529,1067.0
930.0,195,213,1125.0
1124.0,641,248,1765.0
1765.0,204,305,1969.0
1968.0,5,3111,1973.0
1972.0,459,2122,2431.0
2405.0,821,1900,3226.0
2429.0,818,47670,3247.0
3247.0,142,936,3389.0
3389.0,77,921,3466.0
3440.0,18,15180,3458.0
3465.0,122,924,3587.0
3532.0,1296,8268,4828.0
5586.0,24,6824,5610.0
302.0,539,91556,841.0
302.0,149,52043,451.0
303.0,150,242078,453.0
304.0,132,8127,436.0
434.0,17,611,451.0
435.0,16,1172,451.0
672.0,34,3768,706.0
796.0,6,66158,802.0
856.0,3,36596,859.0
881.0,170,4529,1051.0
900.0,217,213,1117.0
1109.0,469,248,1578.0
1578.0,172,305,1750.0
1749.0,19,3111,1768.0
1767.0,1217,2122,2984.0
2960.0,93,1900,3053.0
2983.0,93,47670,3076.0
3075.0,152,936,3227.0
3227.0,371,922,3598.0
3330.0,228,15180,3558.0
3597.0,123,924,3720.0
3663.0,725,8269,4388.0
5637.0,20,6824,5657.0
291.0,438,91556,729.0
292.0,56,52043,348.0
293.0,57,242078,350.0
294.0,80,8127,374.0
462.0,12,611,474.0
462.0,11,1172,473.0
712.0,38,3768,750.0
729.0,21,66158,750.0
749.0,4,36596,753.0
775.0,293,4529,1068.0
792.0,185,213,977.0
976.0,171,248,1147.0
1147.0,1017,305,2164.0
2164.0,18,3111,2182.0
2181.0,459,2122,2640.0
2616.0,57,1900,2673.0
2639.0,52,47670,2691.0
2691.0,148,936,2839.0
2838.0,802,922,3640.0
2841.0,4,15180,2845.0
3639.0,153,924,3792.0
3737.0,1420,8269,5157.0
5627.0,73,6824,5700.0
300.0,439,91556,739.0
301.0,94,52043,395.0
302.0,93,242078,395.0
303.0,92,8127,395.0
313.0,411,611,724.0
314.0,175,1172,489.0
484.0,15,3768,499.0
724.0,61,66158,785.0
760.0,25,36596,785.0
808.0,301,4529,1109.0
828.0,174,213,1002.0
1001.0,170,248,1171.0
1171.0,710,305,1881.0
1880.0,80,3111,1960.0
1960.0,430,2122,2390.0
2366.0,98,1900,2464.0
2388.0,98,47670,2486.0
2486.0,842,936,3328.0
3326.0,77,922,3403.0
3402.0,141,924,3543.0
3489.0,1418,8271,4907.0
3560.0,76,15180,3636.0
5681.0,675,6824,6356.0
290.0,482,91556,772.0
290.0,144,52043,434.0
291.0,141,242078,432.0
292.0,142,8127,434.0
432.0,36,611,468.0
433.0,40,1172,473.0
684.0,31,3768,715.0
702.0,17,66158,719.0
787.0,3,36596,790.0
810.0,300,4529,1110.0
828.0,174,213,1002.0
1001.0,168,248,1169.0
1168.0,623,305,1791.0
1790.0,66,3111,1856.0
1856.0,466,2122,2322.0
2300.0,77,1900,2377.0
2321.0,54,47670,2375.0
2375.0,829,936,3204.0
3203.0,97,922,3300.0
3299.0,144,924,3443.0
3387.0,1387,8367,4774.0
3536.0,41,15180,3577.0
5503.0,667,6824,6170.0
294.0,485,91556,779.0
295.0,176,52043,471.0
295.0,172,242078,467.0
296.0,172,8127,468.0
348.0,133,611,481.0
351.0,130,1172,481.0
470.0,43,3768,513.0
726.0,70,66158,796.0
795.0,57,36596,852.0
818.0,289,4529,1107.0
835.0,178,213,1013.0
1013.0,167,248,1180.0
1179.0,636,305,1815.0
1815.0,25,3111,1840.0
1837.0,591,2122,2428.0
2405.0,817,1900,3222.0
2427.0,821,47670,3248.0
3247.0,121,936,3368.0
3367.0,145,922,3512.0
3477.0,52,15180,3529.0
3511.0,136,924,3647.0
3591.0,1364,8250,4955.0
5708.0,696,6824,6404.0
291.0,555,91556,846.0
291.0,178,52043,469.0
292.0,177,242078,469.0
293.0,175,8127,468.0
433.0,65,611,498.0
434.0,63,1172,497.0
696.0,19,3768,715.0
798.0,6,66158,804.0
862.0,59,36596,921.0
886.0,155,4529,1041.0
903.0,181,213,1084.0
1083.0,712,248,1795.0
1795.0,159,305,1954.0
1954.0,8,3111,1962.0
1961.0,374,2122,2335.0
2310.0,39,1900,2349.0
2333.0,41,47670,2374.0
2374.0,1066,936,3440.0
3439.0,102,922,3541.0
3540.0,192,924,3732.0
3632.0,108,15180,3740.0
3677.0,1472,8249,5149.0
5919.0,664,6824,6583.0
295.0,404,91556,699.0
296.0,142,52043,438.0
296.0,140,242078,436.0
297.0,164,8127,461.0
462.0,280,611,742.0
463.0,12,1172,475.0
697.0,44,3768,741.0
720.0,737,66158,1457.0
740.0,4,36596,744.0
766.0,278,4529,1044.0
1447.0,196,213,1643.0
1643.0,270,248,1913.0
1912.0,1061,305,2973.0
2973.0,17,3111,2990.0
2990.0,524,2122,3514.0
3489.0,42,1900,3531.0
3512.0,52,47670,3564.0
3563.0,126,935,3689.0
3688.0,741,922,4429.0
3691.0,4,15180,3695.0
4429.0,132,924,4561.0
4504.0,1415,8115,5919.0
6447.0,37,6824,6484.0
289.0,414,91556,703.0
290.0,143,52043,433.0
290.0,144,242078,434.0
291.0,146,8127,437.0
435.0,293,611,728.0
436.0,40,1172,476.0
705.0,45,3768,750.0
707.0,44,66158,751.0
749.0,6,36596,755.0
777.0,295,4529,1072.0
794.0,203,213,997.0
997.0,175,248,1172.0
1171.0,1015,305,2186.0
2186.0,17,3111,2203.0
2202.0,499,2122,2701.0
2676.0,76,1900,2752.0
2699.0,49,47670,2748.0
2747.0,661,936,3408.0
3408.0,101,922,3509.0
3498.0,23,15180,3521.0
3508.0,145,924,3653.0
3598.0,1420,8353,5018.0
5836.0,45,6824,5881.0
296.0,560,91556,856.0
296.0,157,52043,453.0
297.0,145,242078,442.0
298.0,156,8127,454.0
439.0,15,611,454.0
440.0,40,1172,480.0
706.0,24,3768,730.0
801.0,7,66158,808.0
870.0,5,36596,875.0
896.0,163,4529,1059.0
914.0,185,213,1099.0
1089.0,599,248,1688.0
1688.0,172,305,1860.0
1859.0,12,3111,1871.0
1870.0,1413,2122,3283.0
3259.0,87,1900,3346.0
3281.0,94,47670,3375.0
3374.0,179,936,3553.0
3552.0,66,922,3618.0
3618.0,128,924,3746.0
3658.0,10,15180,3668.0
3691.0,1465,10037,5156.0
6076.0,43,6824,6119.0
289.0,458,91556,747.0
290.0,60,52043,350.0
290.0,60,242078,350.0
291.0,59,8127,350.0
293.0,180,611,473.0
293.0,180,1172,473.0
472.0,13,3768,485.0
732.0,60,66158,792.0
768.0,25,36596,793.0
818.0,292,4529,1110.0
835.0,185,213,1020.0
1019.0,174,248,1193.0
1193.0,865,305,2058.0
2058.0,17,3111,2075.0
2074.0,531,2122,2605.0
2581.0,718,1900,3299.0
2604.0,694,47670,3298.0
3297.0,154,936,3451.0
3450.0,79,922,3529.0
3454.0,34,15180,3488.0
3528.0,121,924,3649.0
3592.0,1401,8367,4993.0
5869.0,216,6824,6085.0
304.0,443,91556,747.0
304.0,64,52043,368.0
305.0,64,242078,369.0
306.0,64,8127,370.0
307.0,424,611,731.0
308.0,87,1172,395.0
493.0,11,3768,504.0
726.0,67,66158,793.0
769.0,24,36596,793.0
816.0,301,4529,1117.0
835.0,203,213,1038.0
1037.0,171,248,1208.0
1208.0,810,305,2018.0
2017.0,20,3111,2037.0
2036.0,495,2122,2531.0
2509.0,73,1900,2582.0
2531.0,47,47670,2578.0
2577.0,856,936,3433.0
3432.0,110,922,3542.0
3541.0,145,924,3686.0
3631.0,1527,8577,5158.0
3693.0,138,15180,3831.0
5897.0,48,6824,5945.0
1529.0,489,91556,2018.0
1530.0,187,52043,1717.0
1530.0,183,242078,1713.0
1531.0,157,8127,1688.0
1532.0,182,611,1714.0
1533.0,184,1172,1717.0
1715.0,16,3768,1731.0
1946.0,7,66158,1953.0
2034.0,3,36596,2037.0
2393.0,162,4529,2555.0
2411.0,203,213,2614.0
2606.0,173,248,2779.0
2779.0,995,305,3774.0
3773.0,122,3111,3895.0
3894.0,1153,2122,5047.0
5025.0,49,1900,5074.0
5046.0,58,47670,5104.0
5103.0,139,936,5242.0
5241.0,72,922,5313.0
5296.0,6,15180,5302.0
5312.0,119,924,5431.0
5375.0,1597,8576,6972.0
7952.0,34,6824,7986.0
293.0,488,91556,781.0
293.0,88,52043,381.0
294.0,64,242078,358.0
295.0,87,8127,382.0
296.0,195,611,491.0
297.0,86,1172,383.0
492.0,288,3768,780.0
800.0,44,66158,844.0
820.0,25,36596,845.0
869.0,293,4529,1162.0
886.0,184,213,1070.0
1069.0,194,248,1263.0
1263.0,997,305,2260.0
2259.0,16,3111,2275.0
2274.0,1308,2122,3582.0
3557.0,105,1900,3662.0
3581.0,124,47670,3705.0
3704.0,103,936,3807.0
3807.0,54,922,3861.0
3809.0,2,15180,3811.0
3860.0,119,924,3979.0
3923.0,1726,8558,5649.0
6707.0,37,6824,6744.0
295.0,529,91556,824.0
296.0,89,52043,385.0
296.0,88,242078,384.0
297.0,86,8127,383.0
298.0,87,611,385.0
300.0,204,1172,504.0
500.0,13,3768,513.0
809.0,39,66158,848.0
847.0,3,36596,850.0
875.0,297,4529,1172.0
892.0,216,213,1108.0
1107.0,175,248,1282.0
1282.0,1089,305,2371.0
2371.0,18,3111,2389.0
2388.0,535,2122,2923.0
2898.0,67,1900,2965.0
2921.0,43,47670,2964.0
2963.0,1319,936,4282.0
4282.0,89,922,4371.0
4370.0,153,924,4523.0
4434.0,111,15180,4545.0
4467.0,1932,8374,6399.0
7111.0,70,6824,7181.0
292.0,482,91556,774.0
293.0,61,52043,354.0
293.0,62,242078,355.0
294.0,85,8127,379.0
494.0,15,611,509.0
494.0,15,1172,509.0
759.0,44,66158,803.0
776.0,27,3768,803.0
800.0,6,36596,806.0
830.0,296,4529,1126.0
848.0,209,213,1057.0
1056.0,176,248,1232.0
1232.0,1053,305,2285.0
2285.0,16,3111,2301.0
2300.0,529,2122,2829.0
2804.0,68,1900,2872.0
2828.0,44,47670,2872.0
2871.0,1098,936,3969.0
3969.0,70,921,4039.0
4038.0,137,922,4175.0
4118.0,2049,8203,6167.0
4203.0,86,15180,4289.0
7212.0,40,6824,7252.0
303.0,468,91556,771.0
304.0,207,52043,511.0
304.0,206,242078,510.0
305.0,206,8127,511.0
485.0,37,611,522.0
486.0,37,1172,523.0
675.0,12,3768,687.0
718.0,7,66158,725.0
786.0,3,36596,789.0
813.0,176,4529,989.0
830.0,212,213,1042.0
1042.0,1048,248,2090.0
2089.0,181,305,2270.0
2270.0,4,3111,2274.0
2273.0,1597,2122,3870.0
3850.0,203,1900,4053.0
3870.0,170,47670,4040.0
4039.0,144,936,4183.0
4182.0,51,922,4233.0
4187.0,5,15180,4192.0
4233.0,120,924,4353.0
4298.0,2004,8243,6302.0
7473.0,39,6824,7512.0
302.0,525,91556,827.0
303.0,68,52043,371.0
303.0,68,242078,371.0
304.0,66,8127,370.0
306.0,90,611,396.0
307.0,90,1172,397.0
518.0,14,3768,532.0
812.0,102,66158,914.0
852.0,3,36596,855.0
879.0,275,4529,1154.0
904.0,199,213,1103.0
1102.0,173,248,1275.0
1275.0,1263,305,2538.0
2537.0,17,3111,2554.0
2554.0,1480,2122,4034.0
4011.0,79,1900,4090.0
4032.0,57,47670,4089.0
4089.0,129,936,4218.0
4217.0,67,922,4284.0
4273.0,11,15180,4284.0
4283.0,117,924,4400.0
4346.0,2051,8202,6397.0
7590.0,103,6824,7693.0
294.0,487,91556,781.0
295.0,188,52043,483.0
295.0,215,242078,510.0
296.0,60,8127,356.0
484.0,325,611,809.0
485.0,279,1172,764.0
755.0,72,3768,827.0
764.0,64,66158,828.0
808.0,18,36596,826.0
854.0,295,4529,1149.0
871.0,199,213,1070.0
1070.0,174,248,1244.0
1244.0,1044,305,2288.0
2288.0,74,3111,2362.0
2361.0,1617,2122,3978.0
3955.0,73,1900,4028.0
3977.0,51,47670,4028.0
4027.0,205,936,4232.0
4232.0,88,922,4320.0
4269.0,15,15180,4284.0
4319.0,125,924,4444.0
4387.0,3186,8203,7573.0
7736.0,32,6824,7768.0
298.0,480,91556,778.0
298.0,213,52043,511.0
299.0,212,242078,511.0
300.0,210,8127,510.0
508.0,286,611,794.0
509.0,20,1172,529.0
659.0,17,3768,676.0
712.0,200,66158,912.0
793.0,3,36596,796.0
818.0,269,4529,1087.0
903.0,235,213,1138.0
1138.0,1026,248,2164.0
2163.0,179,305,2342.0
2341.0,14,3111,2355.0
2354.0,1684,2122,4038.0
4014.0,39,1900,4053.0
4036.0,47,47670,4083.0
4082.0,222,935,4304.0
4303.0,55,922,4358.0
4334.0,6,15180,4340.0
4357.0,118,924,4475.0
4421.0,2147,8080,6568.0
7787.0,37,6824,7824.0
402.0,494,91556,896.0
403.0,96,52043,499.0
403.0,95,242078,498.0
404.0,90,8127,494.0
405.0,65,611,470.0
407.0,212,1172,619.0
496.0,122,3768,618.0
880.0,92,66158,972.0
923.0,48,36596,971.0
997.0,294,4529,1291.0
1016.0,197,213,1213.0
1212.0,174,248,1386.0
1386.0,852,305,2238.0
2237.0,20,3111,2257.0
2256.0,533,2122,2789.0
2763.0,75,1900,2838.0
2787.0,50,47670,2837.0
2837.0,1149,936,3986.0
3985.0,75,922,4060.0
4059.0,196,924,4255.0
4155.0,107,15180,4262.0
4198.0,1902,8283,6100.0
7109.0,20,6824,7129.0
301.0,498,91556,799.0
302.0,187,52043,489.0
302.0,184,242078,486.0
303.0,186,8127,489.0
487.0,282,611,769.0
488.0,281,1172,769.0
763.0,57,3768,820.0
768.0,51,66158,819.0
818.0,4,36596,822.0
862.0,308,4529,1170.0
880.0,211,213,1091.0
1090.0,173,248,1263.0
1262.0,1022,305,2284.0
2284.0,7,3111,2291.0
2291.0,1547,2122,3838.0
3814.0,69,1900,3883.0
3836.0,47,47670,3883.0
3882.0,162,935,4044.0
4043.0,113,922,4156.0
4089.0,55,15180,4144.0
4155.0,119,924,4274.0
4218.0,1997,8480,6215.0
7297.0,89,6824,7386.0
296.0,469,91556,765.0
296.0,67,52043,363.0
297.0,92,242078,389.0
298.0,90,8127,388.0
512.0,280,611,792.0
513.0,15,1172,528.0
744.0,51,3768,795.0
750.0,45,66158,795.0
791.0,4,36596,795.0
818.0,168,4529,986.0
836.0,213,213,1049.0
1041.0,1069,248,2110.0
2109.0,165,305,2274.0
2273.0,7,3111,2280.0
2279.0,1693,2122,3972.0
3948.0,49,1900,3997.0
3970.0,50,47670,4020.0
4020.0,217,935,4237.0
4235.0,74,922,4309.0
4296.0,8,15180,4304.0
4309.0,126,924,4435.0
4380.0,2094,8481,6474.0
7675.0,43,6824,7718.0
301.0,525,91556,826.0
301.0,94,52043,395.0
302.0,93,242078,395.0
303.0,91,8127,394.0
304.0,92,611,396.0
305.0,92,1172,397.0
528.0,11,3768,539.0
826.0,50,66158,876.0
873.0,65,36596,938.0
898.0,299,4529,1197.0
915.0,200,213,1115.0
1115.0,171,248,1286.0
1286.0,1383,305,2669.0
2668.0,14,3111,2682.0
2681.0,1422,2122,4103.0
4082.0,288,1900,4370.0
4103.0,266,47670,4369.0
4369.0,133,936,4502.0
4501.0,60,922,4561.0
4504.0,14,15180,4518.0
4560.0,120,924,4680.0
4622.0,1042,8481,5664.0
5855.0,54,6824,5909.0
382.0,514,91556,896.0
383.0,67,52043,450.0
384.0,92,242078,476.0
385.0,66,8127,451.0
476.0,141,611,617.0
477.0,139,1172,616.0
618.0,10,3768,628.0
877.0,78,66158,955.0
926.0,30,36596,956.0
979.0,296,4529,1275.0
996.0,204,213,1200.0
1200.0,172,248,1372.0
1372.0,1083,305,2455.0
2454.0,22,3111,2476.0
2476.0,1762,2122,4238.0
4216.0,62,1900,4278.0
4237.0,63,47670,4300.0
4299.0,184,936,4483.0
4482.0,116,922,4598.0
4536.0,10,15180,4546.0
4597.0,200,924,4797.0
4740.0,2199,8706,6939.0
8251.0,143,6824,8394.0
300.0,516,91556,816.0
301.0,71,52043,372.0
301.0,72,242078,373.0
303.0,69,8127,372.0
304.0,496,611,800.0
304.0,230,1172,534.0
533.0,11,3768,544.0
800.0,50,66158,850.0
846.0,60,36596,906.0
872.0,280,4529,1152.0
889.0,190,213,1079.0
1078.0,178,248,1256.0
1256.0,1511,305,2767.0
2767.0,19,3111,2786.0
2784.0,527,2122,3311.0
3287.0,79,1900,3366.0
3310.0,50,47670,3360.0
3360.0,1018,936,4378.0
4377.0,103,922,4480.0
4479.0,127,924,4606.0
4507.0,102,15180,4609.0
4549.0,2311,8706,6860.0
8056.0,56,6824,8112.0
327.0,470,91556,797.0
327.0,201,52043,528.0
328.0,200,242078,528.0
329.0,173,8127,502.0
529.0,12,611,541.0
530.0,15,1172,545.0
682.0,15,3768,697.0
745.0,7,66158,752.0
812.0,3,36596,815.0
837.0,305,4529,1142.0
856.0,216,213,1072.0
1071.0,994,248,2065.0
2064.0,170,305,2234.0
2234.0,5,3111,2239.0
2239.0,386,2122,2625.0
2601.0,1270,1900,3871.0
2623.0,1244,47670,3867.0
3866.0,110,936,3976.0
3976.0,61,921,4037.0
4037.0,141,924,4178.0
4122.0,1954,8587,6076.0
4219.0,41,15180,4260.0
7122.0,226,6824,7348.0
309.0,473,91556,782.0
309.0,198,52043,507.0
313.0,223,242078,536.0
314.0,194,8127,508.0
509.0,291,611,800.0
510.0,37,1172,547.0
649.0,97,3768,746.0
729.0,2,66158,731.0
799.0,4,36596,803.0
825.0,298,4529,1123.0
842.0,216,213,1058.0
1058.0,1057,248,2115.0
2114.0,188,305,2302.0
2301.0,11,3111,2312.0
2312.0,1543,2122,3855.0
3832.0,87,1900,3919.0
3853.0,100,47670,3953.0
3952.0,148,936,4100.0
4099.0,79,922,4178.0
4154.0,14,15180,4168.0
4178.0,121,924,4299.0
4241.0,2024,8608,6265.0
7500.0,94,6824,7594.0
290.0,544,91556,834.0
290.0,95,52043,385.0
291.0,95,242078,386.0
292.0,93,8127,385.0
293.0,94,611,387.0
294.0,93,1172,387.0
520.0,11,3768,531.0
814.0,48,66158,862.0
860.0,3,36596,863.0
887.0,299,4529,1186.0
905.0,197,213,1102.0
1101.0,186,248,1287.0
1287.0,1103,305,2390.0
2389.0,17,3111,2406.0
2405.0,427,2122,2832.0
2809.0,74,1900,2883.0
2831.0,51,47670,2882.0
2881.0,80,936,2961.0
2961.0,56,922,3017.0
2964.0,8,15180,2972.0
3016.0,1696,924,4712.0
4657.0,2340,8252,6997.0
7756.0,59,6824,7815.0
301.0,579,91556,880.0
301.0,107,52043,408.0
302.0,81,242078,383.0
303.0,105,8127,408.0
304.0,103,611,407.0
304.0,103,1172,407.0
542.0,14,3768,556.0
860.0,57,66158,917.0
913.0,4,36596,917.0
941.0,295,4529,1236.0
958.0,207,213,1165.0
1164.0,172,248,1336.0
1336.0,1322,305,2658.0
2658.0,15,3111,2673.0
2672.0,481,2122,3153.0
3130.0,54,1900,3184.0
3152.0,52,47670,3204.0
3203.0,131,936,3334.0
3333.0,1508,922,4841.0
3339.0,24,15180,3363.0
4840.0,142,924,4982.0
4925.0,2486,8233,7411.0
8235.0,32,6824,8267.0
303.0,585,91556,888.0
304.0,73,52043,377.0
304.0,98,242078,402.0
307.0,94,8127,401.0
308.0,68,611,376.0
309.0,93,1172,402.0
539.0,14,3768,553.0
873.0,49,66158,922.0
917.0,6,36596,923.0
945.0,292,4529,1237.0
962.0,204,343,1166.0
1166.0,173,248,1339.0
1339.0,1445,2634,2784.0
2783.0,53,47670,2836.0
2835.0,412,935,3247.0
3247.0,102,922,3349.0
3348.0,145,924,3493.0
3394.0,106,15180,3500.0
3436.0,1175,8454,4611.0
4726.0,11,6824,4737.0
441.0,441,91556,882.0
442.0,105,52043,547.0
443.0,105,242078,548.0
444.0,102,8127,546.0
448.0,101,611,549.0
451.0,250,1172,701.0
455.0,246,3768,701.0
882.0,64,66158,946.0
913.0,31,36596,944.0
970.0,160,4529,1130.0
988.0,228,213,1216.0
1216.0,178,248,1394.0
1393.0,1285,305,2678.0
2677.0,28,3111,2705.0
2704.0,1678,2122,4382.0
4360.0,70,1900,4430.0
4381.0,45,47670,4426.0
4425.0,161,936,4586.0
4585.0,81,922,4666.0
4631.0,40,15180,4671.0
4666.0,127,924,4793.0
4734.0,2387,8389,7121.0
8479.0,74,6824,8553.0
299.0,483,91556,782.0
300.0,209,52043,509.0
301.0,210,242078,511.0
302.0,235,8127,537.0
511.0,287,611,798.0
512.0,43,1172,555.0
549.0,120,3768,669.0
717.0,2,66158,719.0
797.0,4,36596,801.0
824.0,301,4529,1125.0
841.0,210,213,1051.0
1051.0,1260,248,2311.0
2310.0,211,305,2521.0
2521.0,22,3111,2543.0
2542.0,333,2122,2875.0
2851.0,1487,1900,4338.0
2873.0,1464,47670,4337.0
4337.0,108,936,4445.0
4443.0,69,922,4512.0
4511.0,156,924,4667.0
4578.0,91,15180,4669.0
4610.0,2479,8389,7089.0
8462.0,47,6824,8509.0
297.0,506,91556,803.0
297.0,200,52043,497.0
298.0,199,242078,497.0
299.0,199,8127,498.0
494.0,299,611,793.0
495.0,299,1172,794.0
796.0,55,3768,851.0
847.0,4,36596,851.0
875.0,274,4529,1149.0
1146.0,34,66158,1180.0
1171.0,985,213,2156.0
2155.0,167,248,2322.0
2322.0,152,305,2474.0
2473.0,11,3111,2484.0
2483.0,1599,2122,4082.0
4061.0,100,1900,4161.0
4081.0,107,47670,4188.0
4187.0,1340,936,5527.0
5526.0,67,922,5593.0
5592.0,133,924,5725.0
5630.0,184,15180,5814.0
5668.0,2305,8389,7973.0
8611.0,30,6824,8641.0
291.0,459,91556,750.0
292.0,234,52043,526.0
293.0,69,242078,362.0
294.0,232,8127,526.0
523.0,378,611,901.0
525.0,272,1172,797.0
749.0,50,3768,799.0
750.0,109,66158,859.0
795.0,3,36596,798.0
822.0,288,4529,1110.0
900.0,195,213,1095.0
1094.0,1154,248,2248.0
2248.0,182,305,2430.0
2429.0,52,3111,2481.0
2481.0,1700,2122,4181.0
4158.0,58,1900,4216.0
4179.0,60,47670,4239.0
4238.0,1227,936,5465.0
5464.0,124,922,5588.0
5505.0,38,15180,5543.0
5587.0,127,924,5714.0
5658.0,2386,8257,8044.0
9018.0,57,6824,9075.0
299.0,520,91556,819.0
300.0,102,52043,402.0
301.0,101,242078,402.0
302.0,101,8127,403.0
549.0,13,611,562.0
549.0,13,1172,562.0
551.0,11,3768,562.0
804.0,47,66158,851.0
848.0,4,36596,852.0
875.0,314,4529,1189.0
893.0,214,213,1107.0
1106.0,176,248,1282.0
1282.0,1476,305,2758.0
2758.0,20,3111,2778.0
2776.0,487,2122,3263.0
3239.0,79,1900,3318.0
3262.0,52,47670,3314.0
3313.0,1410,936,4723.0
4722.0,107,922,4829.0
4827.0,143,924,4970.0
4866.0,108,15180,4974.0
4913.0,2506,8086,7419.0
8510.0,50,6824,8560.0
307.0,471,91556,778.0
307.0,241,52043,548.0
308.0,240,242078,548.0
309.0,238,8127,547.0
364.0,350,611,714.0
367.0,179,1172,546.0
558.0,184,3768,742.0
742.0,3,66158,745.0
794.0,62,36596,856.0
819.0,292,4529,1111.0
837.0,207,213,1044.0
1044.0,174,248,1218.0
1218.0,1270,305,2488.0
2487.0,118,3111,2605.0
2604.0,1779,2122,4383.0
4360.0,81,1900,4441.0
4381.0,59,47670,4440.0
4440.0,161,936,4601.0
4600.0,131,922,4731.0
4656.0,31,15180,4687.0
4730.0,123,924,4853.0
4796.0,3737,8035,8533.0
8708.0,155,6824,8863.0
295.0,554,91556,849.0
296.0,74,52043,370.0
297.0,72,242078,369.0
298.0,72,8127,370.0
299.0,251,611,550.0
299.0,250,1172,549.0
545.0,15,3768,560.0
834.0,50,66158,884.0
881.0,56,36596,937.0
907.0,297,4529,1204.0
925.0,205,213,1130.0
1129.0,177,248,1306.0
1306.0,1431,305,2737.0
2737.0,22,3111,2759.0
2758.0,536,2122,3294.0
3270.0,71,1900,3341.0
3292.0,48,47670,3340.0
3339.0,1264,936,4603.0
4602.0,108,922,4710.0
4710.0,133,924,4843.0
4785.0,2624,8118,7409.0
4873.0,109,15180,4982.0
8723.0,54,6824,8777.0
306.0,527,91556,833.0
307.0,104,52043,411.0
307.0,102,242078,409.0
308.0,102,8127,410.0
309.0,238,611,547.0
310.0,101,1172,411.0
552.0,11,3768,563.0
832.0,54,66158,886.0
883.0,4,36596,887.0
909.0,304,4529,1213.0
927.0,214,213,1141.0
1140.0,181,248,1321.0
1321.0,977,305,2298.0
2298.0,12,3111,2310.0
2309.0,477,2122,2786.0
2764.0,72,1900,2836.0
2786.0,49,47670,2835.0
2834.0,404,936,3238.0
3237.0,81,922,3318.0
3306.0,16,15180,3322.0
3318.0,132,924,3450.0
3382.0,2300,8410,5682.0
17580.0,22,6824,17602.0
659.0,420,91556,1079.0
660.0,54,52043,714.0
660.0,53,242078,713.0
661.0,52,8127,713.0
662.0,265,611,927.0
663.0,51,1172,714.0
780.0,148,3768,928.0
1033.0,8,66158,1041.0
1095.0,3,36596,1098.0
1120.0,1085,4529,2205.0
1138.0,1081,213,2219.0
2218.0,182,248,2400.0
2399.0,443,305,2842.0
2842.0,1189,3111,4031.0
4029.0,507,2122,4536.0
4512.0,61,1900,4573.0
4534.0,57,47670,4591.0
4590.0,978,936,5568.0
5567.0,83,922,5650.0
5636.0,22,15180,5658.0
5649.0,146,924,5795.0
5725.0,2535,8410,8260.0
9626.0,106,6824,9732.0
307.0,468,91556,775.0
307.0,220,52043,527.0
308.0,221,242078,529.0
309.0,219,8127,528.0
555.0,18,611,573.0
556.0,19,1172,575.0
558.0,16,3768,574.0
741.0,2,66158,743.0
790.0,3,36596,793.0
815.0,177,4529,992.0
832.0,219,213,1051.0
1051.0,1510,248,2561.0
2560.0,428,305,2988.0
2988.0,21,3111,3009.0
3004.0,1843,2122,4847.0
4824.0,115,1900,4939.0
4845.0,87,47670,4932.0
4931.0,156,936,5087.0
5086.0,82,921,5168.0
5156.0,18,15180,5174.0
5168.0,141,924,5309.0
5237.0,2598,8465,7835.0
9311.0,57,6824,9368.0
360.0,550,91556,910.0
360.0,102,52043,462.0
361.0,101,242078,462.0
362.0,100,8127,462.0
613.0,24,611,637.0
614.0,24,1178,638.0
617.0,277,3768,894.0
893.0,50,66158,943.0
940.0,59,36596,999.0
967.0,322,4529,1289.0
985.0,204,213,1189.0
1188.0,182,248,1370.0
1370.0,1702,305,3072.0
3072.0,21,3111,3093.0
3092.0,431,2122,3523.0
3497.0,83,1900,3580.0
3521.0,54,47670,3575.0
3574.0,82,936,3656.0
3656.0,1982,922,5638.0
5573.0,73,15180,5646.0
5637.0,157,924,5794.0
5723.0,1160,8526,6883.0
9568.0,33,6824,9601.0
302.0,479,91556,781.0
302.0,254,52043,556.0
303.0,249,242078,552.0
304.0,253,8127,557.0
552.0,311,611,863.0
553.0,20,1178,573.0
556.0,137,3768,693.0
714.0,27,66158,741.0
796.0,3,36596,799.0
821.0,176,4529,997.0
849.0,200,213,1049.0
1048.0,1584,248,2632.0
2632.0,429,305,3061.0
3060.0,25,3111,3085.0
3085.0,1918,2122,5003.0
4980.0,90,1900,5070.0
5001.0,105,47670,5106.0
5105.0,143,936,5248.0
5247.0,77,922,5324.0
5313.0,18,15180,5331.0
5324.0,139,922,5463.0
5390.0,2716,8526,8106.0
9648.0,81,6824,9729.0
301.0,509,91556,810.0
301.0,73,52043,374.0
302.0,97,242078,399.0
303.0,70,8127,373.0
544.0,314,611,858.0
545.0,19,1178,564.0
554.0,255,3768,809.0
808.0,128,66158,936.0
857.0,81,36596,938.0
903.0,263,4529,1166.0
925.0,214,711,1139.0
1138.0,182,248,1320.0
1319.0,1410,5530,2729.0
2728.0,99,801,2827.0
2826.0,150,47670,2976.0
2976.0,369,936,3345.0
3344.0,1293,922,4637.0
3403.0,1240,15180,4643.0
4636.0,168,924,4804.0
4735.0,1796,8110,6531.0
9092.0,41,6824,9133.0
297.0,627,91556,924.0
298.0,74,52043,372.0
298.0,74,242078,372.0
299.0,72,8127,371.0
300.0,98,611,398.0
301.0,97,1178,398.0
551.0,20,3768,571.0
924.0,30,66158,954.0
952.0,4,36596,956.0
979.0,307,4529,1286.0
996.0,201,213,1197.0
1197.0,182,248,1379.0
1378.0,1760,305,3138.0
3137.0,195,3111,3332.0
3332.0,1761,2122,5093.0
5070.0,74,1900,5144.0
5091.0,52,47670,5143.0
5142.0,178,936,5320.0
5320.0,65,922,5385.0
5336.0,23,15180,5359.0
5384.0,130,924,5514.0
5447.0,2642,8445,8089.0
9646.0,75,6824,9721.0
306.0,463,91556,769.0
306.0,250,52043,556.0
307.0,250,242078,557.0
308.0,249,8127,557.0
558.0,150,611,708.0
559.0,155,1178,714.0
561.0,147,3768,708.0
741.0,7,66158,748.0
784.0,60,36596,844.0
810.0,305,4529,1115.0
827.0,204,213,1031.0
1030.0,178,248,1208.0
1208.0,1451,5927,2659.0
2657.0,151,801,2808.0
2807.0,299,47670,3106.0
3105.0,119,936,3224.0
3223.0,1366,922,4589.0
3272.0,1319,15180,4591.0
4589.0,164,924,4753.0
4685.0,1658,8473,6343.0
9087.0,77,6824,9164.0
307.0,533,91556,840.0
308.0,75,52043,383.0
308.0,75,242078,383.0
310.0,100,8127,410.0
560.0,281,611,841.0
560.0,20,1178,580.0
563.0,12,3768,575.0
841.0,91,66158,932.0
866.0,7,36596,873.0
895.0,268,4529,1163.0
922.0,205,213,1127.0
1126.0,178,248,1304.0
1304.0,1555,305,2859.0
2858.0,533,3111,3391.0
3390.0,774,2122,4164.0
4143.0,85,1900,4228.0
4163.0,63,47670,4226.0
4226.0,150,936,4376.0
4375.0,88,922,4463.0
4420.0,34,15180,4454.0
4462.0,149,924,4611.0
4544.0,2459,8276,7003.0
9005.0,974,6824,9979.0
306.0,550,91556,856.0
307.0,96,52043,403.0
307.0,71,242078,378.0
308.0,94,8127,402.0
559.0,13,611,572.0
560.0,13,1178,573.0
563.0,11,3768,574.0
836.0,115,66158,951.0
886.0,3,36596,889.0
913.0,278,4529,1191.0
939.0,213,213,1152.0
1152.0,179,248,1331.0
1331.0,1482,305,2813.0
2812.0,19,3111,2831.0
2830.0,513,2122,3343.0
3319.0,79,1900,3398.0
3341.0,56,47670,3397.0
3396.0,1705,936,5101.0
5100.0,104,922,5204.0
5204.0,164,924,5368.0
5300.0,1581,8276,6881.0
5436.0,56,15180,5492.0
9622.0,44,6824,9666.0
296.0,483,91556,779.0
297.0,231,52043,528.0
297.0,256,242078,553.0
298.0,229,8127,527.0
525.0,187,611,712.0
526.0,185,1178,711.0
565.0,178,3768,743.0
743.0,205,66158,948.0
794.0,33,36596,827.0
820.0,271,4529,1091.0
937.0,249,213,1186.0
1185.0,1507,248,2692.0
2691.0,573,305,3264.0
3263.0,49,3111,3312.0
3312.0,1303,2122,4615.0
4593.0,124,1900,4717.0
4614.0,102,47670,4716.0
4715.0,172,936,4887.0
4886.0,96,922,4982.0
4926.0,9,15180,4935.0
4981.0,143,924,5124.0
5051.0,2865,8276,7916.0
10029.0,52,6824,10081.0
313.0,508,91556,821.0
313.0,257,52043,570.0
314.0,256,242078,570.0
315.0,256,8127,571.0
572.0,271,611,843.0
575.0,17,1178,592.0
577.0,15,3768,592.0
822.0,24,66158,846.0
840.0,7,36596,847.0
873.0,326,4529,1199.0
891.0,234,213,1125.0
1125.0,174,248,1299.0
1298.0,1913,305,3211.0
3211.0,20,3111,3231.0
3230.0,1732,2122,4962.0
4940.0,121,1900,5061.0
4961.0,92,47670,5053.0
5052.0,160,935,5212.0
5211.0,109,922,5320.0
5275.0,16,15180,5291.0
5319.0,162,924,5481.0
5405.0,4516,8277,9921.0
10567.0,54,6824,10621.0
300.0,621,91556,921.0
301.0,100,52043,401.0
301.0,75,242078,376.0
302.0,98,8127,400.0
304.0,99,611,403.0
304.0,97,1178,401.0
554.0,20,3768,574.0
922.0,31,66158,953.0
950.0,4,36596,954.0
976.0,302,4529,1278.0
994.0,214,213,1208.0
1207.0,180,248,1387.0
1387.0,1605,305,2992.0
2990.0,14,3111,3004.0
3004.0,485,2122,3489.0
3465.0,53,1900,3518.0
3488.0,53,47670,3541.0
3540.0,1762,935,5302.0
5301.0,89,922,5390.0
5390.0,158,924,5548.0
5478.0,2784,8429,8262.0
5616.0,64,15180,5680.0
9429.0,52,6824,9481.0
302.0,561,91556,863.0
302.0,76,52043,378.0
303.0,74,242078,377.0
304.0,98,8127,402.0
564.0,14,611,578.0
565.0,19,1178,584.0
567.0,11,3768,578.0
863.0,33,66158,896.0
891.0,5,36596,896.0
920.0,301,4529,1221.0
937.0,198,213,1135.0
1135.0,178,248,1313.0
1312.0,1891,305,3203.0
3202.0,19,3111,3221.0
3221.0,580,2122,3801.0
3777.0,75,1900,3852.0
3800.0,51,47670,3851.0
3851.0,123,936,3974.0
3973.0,2051,922,6024.0
3976.0,10,15180,3986.0
6023.0,158,924,6181.0
6112.0,1175,8429,7287.0
10031.0,438,6824,10469.0
310.0,531,91556,841.0
311.0,76,52043,387.0
311.0,265,242078,576.0
312.0,74,8127,386.0
379.0,197,611,576.0
384.0,193,1178,577.0
578.0,267,3768,845.0
845.0,23,66158,868.0
897.0,69,36596,966.0
911.0,290,4529,1201.0
929.0,196,213,1125.0
1125.0,178,248,1303.0
1303.0,1612,305,2915.0
2914.0,131,3111,3045.0
3045.0,2080,2122,5125.0
5102.0,51,1900,5153.0
5123.0,68,47670,5191.0
5190.0,167,936,5357.0
5355.0,120,922,5475.0
5405.0,61,15180,5466.0
5475.0,133,924,5608.0
5540.0,2947,8558,8487.0
10089.0,115,6824,10204.0
300.0,590,91556,890.0
300.0,98,52043,398.0
301.0,72,242078,373.0
302.0,96,8127,398.0
563.0,311,611,874.0
564.0,21,1178,585.0
566.0,19,3768,585.0
890.0,32,66158,922.0
919.0,61,36596,980.0
947.0,312,4529,1259.0
964.0,213,213,1177.0
1176.0,181,248,1357.0
1357.0,1772,305,3129.0
3128.0,18,3111,3146.0
3145.0,455,2122,3600.0
3576.0,47,1900,3623.0
3599.0,54,47670,3653.0
3652.0,2139,936,5791.0
5790.0,94,922,5884.0
5883.0,166,924,6049.0
5982.0,1420,8396,7402.0
6125.0,45,15180,6170.0
10401.0,36,6824,10437.0
302.0,652,91556,954.0
303.0,103,52043,406.0
303.0,103,242078,406.0
304.0,77,8127,381.0
305.0,102,611,407.0
306.0,101,1178,407.0
571.0,15,3768,586.0
981.0,3,36596,984.0
1027.0,270,4529,1297.0
4236.0,41,66158,4277.0
4266.0,220,213,4486.0
4486.0,180,248,4666.0
4666.0,1603,305,6269.0
6268.0,75,3111,6343.0
6342.0,390,2122,6732.0
6707.0,59,1900,6766.0
6730.0,59,47670,6789.0
6789.0,75,936,6864.0
6863.0,55,922,6918.0
6866.0,9,15180,6875.0
6916.0,144,924,7060.0
6982.0,2743,8399,9725.0
12447.0,616,6824,13063.0
294.0,471,91556,765.0
294.0,246,52043,540.0
295.0,245,242078,540.0
296.0,244,8127,540.0
363.0,172,611,535.0
366.0,170,1178,536.0
538.0,228,3768,766.0
765.0,102,66158,867.0
819.0,107,36596,926.0
833.0,272,4529,1105.0
856.0,275,213,1131.0
1131.0,1644,248,2775.0
2774.0,433,305,3207.0
3205.0,29,3111,3234.0
3233.0,2084,2122,5317.0
5290.0,111,1900,5401.0
5316.0,110,47670,5426.0
5426.0,133,936,5559.0
5558.0,97,922,5655.0
5595.0,40,15180,5635.0
5655.0,143,924,5798.0
5721.0,3011,8687,8732.0
10366.0,34,6824,10400.0
308.0,482,91556,790.0
309.0,244,52043,553.0
309.0,268,242078,577.0
310.0,267,8127,577.0
548.0,298,611,846.0
549.0,39,1178,588.0
722.0,124,3768,846.0
746.0,206,66158,952.0
806.0,3,36596,809.0
833.0,170,4529,1003.0
941.0,261,213,1202.0
1201.0,1604,248,2805.0
2805.0,432,305,3237.0
3236.0,44,3111,3280.0
3280.0,2051,2122,5331.0
5307.0,93,1900,5400.0
5330.0,100,47670,5430.0
5428.0,155,936,5583.0
5583.0,80,922,5663.0
5653.0,13,15180,5666.0
5662.0,141,924,5803.0
5729.0,3011,8584,8740.0
10525.0,84,6824,10609.0
392.0,640,91556,1032.0
393.0,287,52043,680.0
394.0,286,242078,680.0
395.0,81,8127,476.0
467.0,547,611,1014.0
471.0,207,1178,678.0
474.0,201,3768,675.0
1015.0,74,66158,1089.0
1056.0,96,36596,1152.0
1115.0,296,4529,1411.0
1134.0,210,213,1344.0
1344.0,1655,248,2999.0
2998.0,432,305,3430.0
3429.0,30,3111,3459.0
3459.0,2182,2122,5641.0
5618.0,116,1900,5734.0
5640.0,112,47670,5752.0
5751.0,128,936,5879.0
5879.0,119,922,5998.0
5937.0,18,15180,5955.0
5997.0,148,924,6145.0
6066.0,3229,8605,9295.0
11001.0,92,6824,11093.0
303.0,709,91556,1012.0
303.0,104,52043,407.0
304.0,79,242078,383.0
305.0,103,8127,408.0
306.0,689,611,995.0
307.0,102,1178,409.0
594.0,16,3768,610.0
996.0,107,66158,1103.0
1044.0,34,36596,1078.0
1071.0,300,4529,1371.0
1092.0,428,213,1520.0
1519.0,1994,248,3513.0
3513.0,1727,305,5240.0
5239.0,20,3111,5259.0
5259.0,438,2122,5697.0
5672.0,82,1900,5754.0
5696.0,59,47670,5755.0
5753.0,79,936,5832.0
5832.0,1725,922,7557.0
5837.0,2,15180,5839.0
7557.0,181,922,7738.0
7659.0,3534,8605,11193.0
12234.0,81,6824,12315.0
