0	409
50	121
100	61
150	9
200	1
250	2
300	2
350	1
400	2
450	3
500	3
550	2
600	0
650	1
700	2
750	0
800	0
850	1
900	0
950	0
1000	1
1050	2
1100	1
1150	0
1200	1
1250	3
1300	0
1350	1
1400	0
1450	0
1500	2
1550	1
1600	0
1650	0
1700	1
1750	0
1800	1
1850	0
1900	0
1950	1
2000	0
2050	3
2100	0
2150	1
2200	0
2250	0
2300	0
2350	1
2400	1
2450	0
2500	1
2550	0
2600	0
2650	0
2700	0
2750	1
2800	0
2850	0
2900	0
2950	0
3000	0
3050	0
3100	0
3150	0
3200	0
3250	0
3300	0
3350	0
3400	0
3450	0
3500	0
3550	0
3600	0
3650	0
3700	0
3750	0
3800	0
3850	0
3900	0
3950	0
4000	0
4050	0
4100	0
4150	0
4200	0
4250	0
4300	0
4350	0
4400	0
4450	0
4500	0
4550	0
4600	0
4650	0
4700	0
4750	0
4800	0
4850	0
4900	0
4950	0
5000	0
5050	0
5100	0
5150	0
5200	0
5250	0
5300	0
5350	0
5400	0
5450	0
5500	0
5550	0
5600	0
5650	0
5700	0
5750	0
5800	0
5850	1
