0	855
500	268
1000	146
1500	230
2000	93
2500	190
3000	159
3500	203
4000	0
4500	0
5000	93
5500	0
6000	93
6500	94
7000	94
7500	93
8000	0
8500	0
9000	0
9500	186
10000	93
10500	0
11000	93
11500	186
12000	0
12500	0
13000	0
13500	0
14000	0
14500	0
15000	93
15500	93
16000	0
16500	186
17000	93
17500	93
18000	0
18500	0
19000	0
19500	0
20000	0
20500	0
21000	0
21500	0
22000	0
22500	0
23000	0
23500	1
24000	93
24500	0
25000	0
25500	93
26000	0
26500	93
27000	0
27500	0
28000	279
28500	0
29000	0
29500	0
30000	0
30500	0
31000	0
31500	0
32000	93
32500	0
33000	0
33500	0
34000	0
34500	0
35000	93
35500	0
36000	0
36500	0
37000	0
37500	0
38000	0
38500	0
39000	0
39500	0
40000	0
40500	0
41000	0
41500	0
42000	0
42500	0
43000	0
43500	0
44000	0
44500	0
45000	0
45500	0
46000	0
46500	0
47000	0
47500	0
48000	0
48500	0
49000	93
49500	0
50000	0
50500	0
51000	0
51500	0
52000	0
52500	0
53000	0
53500	0
54000	0
54500	0
55000	0
55500	0
56000	0
56500	0
57000	0
57500	0
58000	0
58500	0
59000	0
59500	0
60000	0
60500	0
61000	0
61500	0
62000	0
62500	0
63000	0
63500	0
64000	0
64500	0
65000	0
65500	0
66000	0
66500	0
67000	0
67500	0
68000	93
68500	0
69000	0
69500	0
70000	0
70500	0
71000	0
71500	0
72000	0
72500	0
73000	0
73500	0
74000	0
74500	0
75000	0
75500	0
76000	0
76500	0
77000	0
77500	0
78000	0
78500	0
79000	0
79500	0
80000	0
80500	0
81000	0
81500	0
82000	0
82500	0
83000	0
83500	0
84000	0
84500	0
85000	0
85500	0
86000	0
86500	0
87000	0
87500	0
88000	0
88500	0
89000	0
89500	0
90000	0
90500	0
91000	0
91500	0
92000	0
92500	0
93000	0
93500	0
94000	0
94500	0
95000	0
95500	0
96000	0
96500	0
97000	0
97500	0
98000	93
98500	0
99000	0
99500	0
1e+05	0
100500	0
101000	0
101500	0
102000	0
102500	0
103000	0
103500	0
104000	0
104500	0
105000	0
105500	0
106000	0
106500	0
107000	0
107500	0
108000	0
108500	0
109000	0
109500	0
110000	0
110500	0
111000	0
111500	0
112000	0
112500	0
113000	0
113500	93
114000	0
114500	0
115000	0
115500	0
116000	0
116500	0
117000	0
117500	0
118000	0
118500	0
119000	0
119500	0
120000	0
120500	0
121000	0
121500	0
122000	0
122500	0
123000	0
123500	0
124000	0
124500	0
125000	0
125500	0
126000	0
126500	0
127000	0
127500	0
128000	0
128500	0
129000	0
129500	0
130000	0
130500	0
131000	0
131500	0
132000	0
132500	0
133000	0
133500	93
