950	2
1000	3
1050	2
1100	1
1150	6
1200	17
1250	33
1300	34
1350	35
1400	38
1450	36
1500	28
1550	26
1600	15
1650	8
1700	3
1750	3
1800	2
1850	2
1900	0
1950	2
2000	0
2050	2
2100	0
2150	2
2200	3
2250	0
2300	2
2350	0
2400	7
2450	5
2500	2
2550	3
2600	1
2650	2
2700	6
2750	9
2800	9
2850	11
2900	12
2950	7
3000	2
3050	3
3100	4
3150	5
3200	2
3250	3
3300	5
3350	6
3400	10
3450	1
3500	5
3550	4
3600	5
3650	4
3700	1
3750	4
3800	5
3850	3
3900	3
3950	2
4000	0
4050	0
4100	0
4150	0
4200	3
4250	0
4300	0
4350	4
4400	2
4450	1
4500	0
4550	2
4600	5
4650	3
4700	1
4750	0
4800	4
4850	0
4900	0
4950	3
5000	3
5050	4
5100	2
5150	0
5200	7
5250	3
5300	5
5350	5
5400	1
5450	8
5500	6
5550	4
5600	4
5650	0
5700	4
5750	4
5800	1
5850	4
5900	1
5950	4
6000	7
6050	4
6100	3
6150	3
6200	5
6250	4
6300	0
6350	1
6400	1
6450	2
6500	1
6550	6
6600	0
6650	0
6700	2
6750	3
6800	0
6850	1
6900	0
6950	0
7000	1
7050	1
7100	0
7150	0
7200	2
7250	1
7300	0
7350	0
7400	0
7450	1
7500	1
