600	5
650	2
700	9
750	46
800	60
850	81
900	60
950	52
1000	21
1050	10
1100	14
1150	1
1200	9
1250	11
1300	8
1350	9
1400	2
1450	12
1500	16
1550	22
1600	11
1650	3
1700	12
1750	11
1800	9
1850	7
1900	13
1950	14
2000	7
2050	13
2100	4
2150	1
2200	4
2250	7
2300	5
2350	3
2400	5
2450	7
2500	2
2550	2
2600	6
2650	1
2700	1
2750	1
2800	0
2850	1
2900	1
2950	6
3000	2
3050	1
3100	2
3150	1
3200	1
3250	0
3300	1
3350	1
3400	0
3450	1
3500	1
3550	1
3600	1
3650	1
3700	2
3750	0
3800	0
3850	0
3900	2
3950	2
4000	0
4050	1
4100	1
4150	1
4200	3
4250	1
4300	0
4350	0
4400	0
4450	1
4500	0
4550	0
4600	1
4650	1
4700	1
4750	0
4800	0
4850	1
4900	0
4950	0
5000	0
5050	0
5100	0
5150	0
5200	0
5250	1
5300	0
5350	0
5400	0
5450	1
5500	0
5550	0
5600	0
5650	0
5700	0
5750	0
5800	0
5850	0
5900	0
5950	0
6000	0
6050	0
6100	0
6150	0
6200	0
6250	0
6300	0
6350	0
6400	0
6450	0
6500	0
6550	0
6600	0
6650	0
6700	0
6750	0
6800	0
6850	0
6900	0
6950	0
7000	1
7050	0
7100	0
7150	0
7200	0
7250	0
7300	0
7350	0
7400	0
7450	0
7500	0
7550	0
7600	0
7650	0
7700	0
7750	0
7800	0
7850	0
7900	0
7950	0
8000	1
8050	0
8100	0
8150	0
8200	0
8250	0
8300	0
8350	0
8400	0
8450	0
8500	0
8550	0
8600	0
8650	0
8700	0
8750	0
8800	0
8850	0
8900	0
8950	0
9000	0
9050	0
9100	0
9150	0
9200	0
9250	0
9300	0
9350	0
9400	0
9450	0
9500	0
9550	0
9600	0
9650	0
9700	0
9750	0
9800	0
9850	0
9900	0
9950	0
10000	0
10050	0
10100	0
10150	0
10200	0
10250	0
10300	0
10350	0
10400	0
10450	0
10500	0
10550	0
10600	0
10650	0
10700	0
10750	0
10800	0
10850	0
10900	0
10950	1
