850	5
900	4
950	1
1000	0
1050	18
1100	59
1150	35
1200	29
1250	25
1300	22
1350	22
1400	21
1450	22
1500	12
1550	15
1600	5
1650	9
1700	1
1750	1
1800	2
1850	2
1900	3
1950	1
2000	1
2050	2
2100	0
2150	3
2200	1
2250	1
2300	1
2350	6
2400	3
2450	5
2500	6
2550	8
2600	8
2650	10
2700	9
2750	14
2800	15
2850	7
2900	15
2950	5
3000	3
3050	3
3100	3
3150	5
3200	0
3250	2
3300	5
3350	5
3400	4
3450	3
3500	3
3550	2
3600	4
3650	1
3700	3
3750	4
3800	2
3850	2
3900	2
3950	2
4000	0
4050	0
4100	0
4150	1
4200	1
4250	1
4300	1
4350	3
4400	3
4450	0
4500	1
4550	2
4600	3
4650	2
4700	0
4750	0
4800	4
4850	0
4900	0
4950	1
5000	1
5050	0
5100	0
5150	3
5200	4
5250	3
5300	3
5350	1
5400	5
5450	4
5500	3
5550	2
5600	3
5650	2
5700	5
5750	2
5800	1
5850	0
5900	4
5950	5
6000	2
6050	4
6100	3
6150	4
6200	3
6250	1
6300	1
6350	1
6400	1
6450	2
6500	1
6550	3
6600	0
6650	2
6700	1
6750	1
6800	1
6850	0
6900	0
6950	1
7000	1
7050	0
7100	1
7150	1
7200	0
7250	1
7300	0
7350	1
7400	0
7450	0
7500	1
