starttime,duration,size,total
948.0,573,141621,2585
950.0,611,143470,2623
1130.0,354,17954,2366
1948.0,608,5548,2620
1951.0,103,24802,2115
2837.0,463,15952,2475
4437.0,138,6697,2150
4581.0,31,8107,2043
1197.0,82,141621,2094
1198.0,81,143470,2093
1543.0,45,17954,2057
2220.0,257,15896,2269
2525.0,32,6697,2044
2563.0,3,8107,2015
1095.0,76,141621,2088
1097.0,119,143470,2131
1367.0,57,17954,2069
2085.0,252,15902,2264
2386.0,24,6697,2036
2415.0,7,8107,2019
1208.0,129,141621,2141
1210.0,148,143470,2160
1433.0,76,17954,2088
1542.0,47,5548,2059
1546.0,44,24802,2056
2596.0,248,15962,2260
2896.0,34,6697,2046
2933.0,2,8107,2014
875.0,153,141621,2165
876.0,86,143470,2098
1104.0,68,17954,2080
1231.0,225,5548,2237
1234.0,222,24802,2234
2044.0,370,15988,2382
2464.0,29,6697,2041
2497.0,2,8107,2014
896.0,203,141621,2215
965.0,77,143470,2089
1134.0,60,17954,2072
1232.0,41,5548,2053
1235.0,38,24802,2050
2090.0,242,15912,2254
2383.0,29,6697,2041
2418.0,7,8107,2019
1237.0,158,141621,2170
1239.0,95,143470,2107
1474.0,83,17954,2095
1593.0,27,5548,2039
1596.0,24,24802,2036
2260.0,407,15888,2419
2717.0,36,6697,2048
2757.0,2,8107,2014
1067.0,160,141621,2172
1149.0,15,143470,2027
1305.0,65,17954,2077
1414.0,36,5548,2048
1417.0,32,24802,2044
2483.0,261,15976,2273
2784.0,15,6697,2027
2812.0,11,8107,2023
1128.0,96,141621,2108
1130.0,94,143470,2106
1378.0,76,17954,2088
2541.0,236,16105,2248
3328.0,33,6697,2045
3364.0,2,8107,2014
1272.0,132,141621,2144
1273.0,161,143470,2173
1579.0,46,17954,2058
2613.0,254,15906,2266
2916.0,29,6697,2041
2949.0,2,8107,2014
1176.0,167,141621,2179
1177.0,104,143470,2116
1434.0,99,17954,2111
2778.0,258,15892,2270
3086.0,64,6697,2076
3153.0,3,8107,2015
1229.0,130,141621,2142
1230.0,171,143470,2183
1476.0,22,17954,2034
2599.0,279,15938,2291
2928.0,30,6697,2042
2961.0,3,8107,2015
1100.0,128,141621,2140
1101.0,137,143470,2149
1395.0,48,17954,2060
1473.0,40,5548,2052
1476.0,36,24802,2048
2466.0,246,15976,2258
2763.0,30,6697,2042
2798.0,2,8107,2014
1226.0,111,141621,2123
1320.0,82,143470,2094
1477.0,24,17954,2036
1607.0,47,5548,2059
1611.0,43,24802,2055
2544.0,236,15930,2248
2830.0,41,6697,2053
2873.0,3,8107,2015
1149.0,111,141621,2123
1150.0,109,143470,2121
1480.0,46,17954,2058
2574.0,259,15944,2271
2883.0,33,6697,2045
2919.0,3,8107,2015
1111.0,115,141621,2127
1112.0,174,143470,2186
1360.0,29,17954,2041
2667.0,480,15974,2492
3197.0,143,6697,2155
3366.0,23,8107,2035
1162.0,115,141621,2127
1164.0,179,143470,2191
1481.0,54,17954,2066
2559.0,267,15872,2279
2877.0,31,6697,2043
2914.0,3,8107,2015
1179.0,101,141621,2113
1180.0,170,143470,2182
1529.0,51,17954,2063
2613.0,268,15870,2280
2930.0,41,6697,2053
2974.0,4,8107,2016
1413.0,151,141621,2163
1414.0,120,143470,2132
1668.0,37,17954,2049
2827.0,393,15942,2405
3270.0,31,6697,2043
3306.0,3,8107,2015
1080.0,180,141621,2192
1081.0,111,143470,2123
1335.0,28,17954,2040
2501.0,279,15896,2291
2830.0,34,6697,2046
2868.0,3,8107,2015
1132.0,119,141621,2131
1133.0,181,143470,2193
1481.0,48,17954,2060
2623.0,253,16006,2265
2925.0,38,6697,2050
2966.0,2,8107,2014
1187.0,119,141621,2131
1188.0,116,143470,2128
1446.0,31,17954,2043
2833.0,264,15910,2276
3147.0,34,6697,2046
3186.0,3,8107,2015
1167.0,119,141621,2131
1168.0,194,143470,2206
1387.0,61,17954,2073
1576.0,41,5548,2053
1579.0,39,24802,2051
2576.0,524,15940,2536
3266.0,56,6697,2068
3324.0,2,8107,2014
924.0,126,141621,2138
925.0,191,143470,2203
1196.0,36,17954,2048
2360.0,526,15950,2538
3066.0,56,6697,2068
3124.0,3,8107,2015
1114.0,196,141621,2208
1115.0,138,143470,2150
1385.0,54,17954,2066
3147.0,369,15930,2381
4174.0,38,6697,2050
4217.0,3,8107,2015
1116.0,159,141621,2171
1234.0,103,143470,2115
1376.0,48,17954,2060
3188.0,242,15928,2254
3479.0,48,6697,2060
3529.0,4,8107,2016
1217.0,256,141621,2268
1334.0,67,143470,2079
1413.0,160,17954,2172
3057.0,359,15882,2371
3465.0,36,6697,2048
3505.0,3,8107,2015
1177.0,122,141621,2134
1178.0,120,143470,2132
1472.0,114,17954,2126
2687.0,528,15892,2540
3376.0,54,6697,2066
3433.0,3,8107,2015
1103.0,187,141621,2199
1105.0,119,143470,2131
1365.0,25,17954,2037
2688.0,568,16004,2580
3411.0,21,6697,2033
3436.0,5,8107,2017
1132.0,187,141621,2199
1133.0,120,143470,2132
1403.0,29,17954,2041
3373.0,339,15978,2351
3763.0,52,6697,2064
3818.0,3,8107,2015
1097.0,142,141621,2154
1098.0,140,143470,2152
1336.0,123,17954,2135
1530.0,923,5548,2935
1534.0,920,24802,2932
3011.0,268,15982,2280
3329.0,36,6697,2048
3369.0,4,8107,2016
1292.0,127,141621,2139
1294.0,128,143470,2140
1562.0,26,17954,2038
2865.0,579,15894,2591
3598.0,47,6697,2059
3649.0,19,8107,2031
1147.0,141,141621,2153
1148.0,140,143470,2152
1433.0,8,17954,2020
2803.0,610,15994,2622
3567.0,61,6697,2073
3631.0,2,8107,2014
870.0,191,141621,2203
871.0,125,143470,2137
1138.0,27,17954,2039
2392.0,548,15882,2560
3734.0,21,6697,2033
3834.0,8,8107,2020
1122.0,126,141621,2138
1123.0,128,143470,2140
1351.0,121,17954,2133
1543.0,44,5548,2056
1546.0,41,24802,2053
2600.0,580,15892,2592
3339.0,63,6697,2075
3407.0,4,8107,2016
1224.0,151,141621,2163
1225.0,149,143470,2161
1531.0,119,17954,2131
2946.0,624,16057,2636
3743.0,47,6697,2059
3795.0,4,8107,2016
1214.0,135,141621,2147
1216.0,204,143470,2216
1499.0,24,17954,2036
2802.0,585,15998,2597
3541.0,56,6697,2068
3602.0,3,8107,2015
1149.0,142,141621,2154
1150.0,139,143470,2151
1431.0,26,17954,2038
2830.0,621,15830,2633
3633.0,57,6697,2069
3694.0,3,8107,2015
1091.0,138,141621,2150
1092.0,995,143506,3007
1326.0,28,17954,2040
2183.0,27,5548,2039
2186.0,24,24802,2036
2465.0,1347,15962,3359
4298.0,67,6697,2079
4370.0,11,8107,2023
1118.0,133,141621,2145
1119.0,128,143470,2140
1390.0,29,17954,2041
3452.0,410,15876,2422
3915.0,50,6697,2062
3970.0,3,8107,2015
1159.0,153,141621,2165
1160.0,218,143470,2230
1458.0,37,17954,2049
2930.0,654,16061,2666
3729.0,62,6697,2074
3794.0,13,8107,2025
1133.0,148,141621,2160
1134.0,147,143470,2159
1380.0,66,17954,2078
2964.0,676,15904,2688
3780.0,75,6697,2087
3858.0,4,8107,2016
1291.0,187,141621,2199
1292.0,156,143470,2168
1585.0,31,17954,2043
3046.0,637,15888,2649
3868.0,60,6697,2072
3932.0,3,8107,2015
1144.0,187,141621,2199
1145.0,206,143470,2218
1499.0,53,17954,2065
1595.0,44,5548,2056
1598.0,52,24802,2064
2814.0,764,15982,2776
4580.0,37,6697,2049
4621.0,3,8107,2015
1137.0,159,141621,2171
1138.0,224,143470,2236
1444.0,33,17954,2045
2318.0,1594,15998,3606
4366.0,31,6697,2043
4429.0,7,8107,2019
1062.0,151,141621,2163
1063.0,213,143506,2225
1356.0,24,17954,2036
3965.0,415,15916,2427
4399.0,42,6697,2054
4445.0,8,8107,2020
1265.0,152,141621,2164
1266.0,150,143470,2162
1563.0,27,17954,2039
4348.0,259,16104,2271
4625.0,38,6697,2050
4669.0,7,8107,2019
1208.0,259,141621,2271
1210.0,170,143470,2182
1381.0,289,17954,2301
2546.0,2046,16037,4058
4990.0,53,6697,2065
5045.0,12,8107,2024
1152.0,1355,141621,3367
1154.0,1378,143470,3390
2546.0,55,17954,2067
2781.0,38,5548,2050
2784.0,46,24802,2058
4810.0,1044,15972,3056
5986.0,62,6697,2074
6056.0,7,8107,2019
1298.0,231,141621,2243
1299.0,169,143470,2181
1612.0,32,17954,2044
2688.0,2124,16110,4136
5243.0,40,6697,2052
5297.0,8,8107,2020
1105.0,230,141621,2242
1106.0,251,143470,2263
1264.0,94,17954,2106
2628.0,2082,15963,4094
5172.0,47,6697,2059
5248.0,5,8107,2017
1174.0,91,141621,2103
1176.0,260,143470,2272
1398.0,141,17954,2153
2614.0,2217,16081,4229
5271.0,70,6697,2082
5344.0,4,8107,2016
1141.0,198,141621,2210
1142.0,162,143470,2174
1405.0,72,17954,2084
2412.0,1820,16027,3832
4613.0,36,6697,2048
4663.0,6,8107,2018
1416.0,200,141621,2212
1417.0,200,143470,2212
1690.0,128,17954,2140
1934.0,26,5548,2038
1937.0,23,24802,2035
2908.0,1935,16027,3947
5302.0,63,6697,2075
5369.0,16,8107,2028
1323.0,853,141621,2865
1324.0,849,143470,2861
2174.0,73,17954,2085
2378.0,68,5548,2080
2382.0,54,24802,2066
4508.0,1081,16033,3093
5726.0,33,6697,2045
5763.0,34,8107,2046
1319.0,224,141621,2236
1321.0,174,143470,2186
1496.0,179,17954,2191
2743.0,2243,16101,4255
5437.0,41,6697,2053
5491.0,7,8107,2019
1081.0,233,141621,2245
1083.0,182,143470,2194
1270.0,320,17954,2332
4838.0,381,15940,2393
5272.0,44,6697,2056
5330.0,6,8107,2018
1130.0,185,141621,2197
1131.0,184,143470,2196
1313.0,174,17954,2186
2634.0,2389,16103,4401
5433.0,62,6697,2074
5502.0,9,8107,2021
1155.0,182,141621,2194
1157.0,181,143470,2193
1421.0,89,17954,2101
2607.0,2469,16121,4481
5498.0,77,6697,2089
5587.0,8,8107,2020
1219.0,233,141621,2245
1220.0,168,143470,2180
1537.0,31,17954,2043
2657.0,2165,16011,4177
5162.0,56,6697,2068
5223.0,5,8107,2017
1258.0,180,141621,2192
1260.0,173,143506,2185
1434.0,182,17954,2194
4846.0,289,16121,2301
5182.0,37,6697,2049
5235.0,6,8107,2018
1176.0,241,141621,2253
1177.0,189,143470,2201
1368.0,182,17954,2194
2616.0,2339,16039,4351
5420.0,42,6697,2054
5491.0,18,8107,2030
1124.0,214,141621,2226
1125.0,263,143470,2275
1383.0,95,17954,2107
2590.0,2482,16094,4494
5578.0,26,6697,2038
5632.0,5,8107,2017
1127.0,259,141621,2271
1128.0,204,143470,2216
1313.0,165,17954,2177
2675.0,2533,16101,4545
5659.0,66,6697,2078
5731.0,8,8107,2020
1122.0,186,141621,2198
1123.0,184,143470,2196
1379.0,85,17954,2097
2683.0,2576,15995,4588
5715.0,25,6697,2037
5768.0,7,8107,2019
1324.0,172,141621,2184
1326.0,172,143470,2184
1592.0,72,17954,2084
2774.0,2279,16023,4291
5429.0,75,6697,2087
5517.0,9,8107,2021
1219.0,228,141621,2240
1220.0,228,143470,2240
1456.0,121,17954,2133
2692.0,2456,16053,4468
5632.0,919,6697,2931
6559.0,6,8107,2018
1403.0,191,141621,2203
1404.0,263,143470,2275
1591.0,171,17954,2183
2931.0,2556,16089,4568
5977.0,68,6697,2080
6053.0,7,8107,2019
1155.0,199,141621,2211
1156.0,267,143470,2279
1490.0,21,17954,2033
2695.0,309,16001,2321
2726.0,32,5548,2044
2731.0,91,24802,2103
7036.0,23,6697,2035
7183.0,57,8107,2069
1139.0,189,141621,2201
1141.0,273,143470,2285
1482.0,19,17954,2031
2754.0,305,16035,2317
2782.0,80,5548,2092
2787.0,89,24802,2101
5707.0,428,6697,2440
6195.0,24,8107,2036
1266.0,196,141621,2208
1267.0,265,143470,2277
1460.0,169,17954,2181
2717.0,2293,16037,4305
5444.0,46,6697,2058
5505.0,7,8107,2019
1279.0,191,141621,2203
1280.0,175,143470,2187
1453.0,13,17954,2025
2798.0,2200,15959,4212
2830.0,90,5548,2102
2834.0,75,24802,2087
5604.0,38,6697,2050
5745.0,37,8107,2049
1289.0,202,141621,2214
1290.0,204,143470,2216
1489.0,147,17954,2159
2829.0,2614,16059,4626
5971.0,60,6697,2072
6047.0,9,8107,2021
1110.0,207,141621,2219
1111.0,283,143470,2295
1315.0,183,17954,2195
2714.0,2650,16005,4662
5918.0,63,6697,2075
5985.0,9,8107,2021
1180.0,197,141621,2209
1181.0,197,143470,2209
1379.0,149,17954,2161
2782.0,2742,16067,4754
6068.0,54,6697,2066
6148.0,13,8107,2025
1336.0,184,141621,2196
1337.0,257,143470,2269
1691.0,116,17954,2128
2902.0,2459,16034,4471
5810.0,85,6697,2097
5901.0,4,8107,2016
1174.0,247,141621,2259
1175.0,199,143470,2211
1432.0,87,17954,2099
1696.0,7,5548,2019
1699.0,1020,24802,3032
2719.0,2740,16104,4752
6175.0,32,6697,2044
6239.0,13,8107,2025
1316.0,98,141621,2110
1317.0,280,143470,2292
1575.0,25,17954,2037
3019.0,2817,16045,4829
6329.0,69,6697,2081
6403.0,8,8107,2020
1357.0,218,141621,2230
1358.0,216,143470,2228
1573.0,139,17954,2151
2990.0,2908,16023,4920
6487.0,75,6697,2087
6566.0,8,8107,2020
1114.0,203,141621,2215
1115.0,273,143470,2285
1315.0,169,17954,2181
2768.0,2694,16035,4706
5922.0,80,6697,2092
6007.0,8,8107,2020
1114.0,100,141621,2112
1115.0,249,143470,2261
1373.0,56,17954,2068
2831.0,2728,16045,4740
6153.0,49,6697,2061
6219.0,8,8107,2020
1079.0,251,141621,2263
1080.0,251,143470,2263
1288.0,67,17954,2079
1609.0,1095,5548,3107
1612.0,1076,24802,3088
2689.0,2954,16031,4966
6395.0,78,6697,2090
6478.0,7,8107,2019
1194.0,199,141621,2211
1196.0,214,143470,2226
1392.0,14,17954,2026
2712.0,2641,15959,4653
5926.0,55,6697,2067
5994.0,10,8107,2022
1124.0,250,141621,2262
1125.0,229,143470,2241
1478.0,178,17954,2190
2904.0,3078,16075,5090
6074.0,64,6697,2076
6144.0,8,8107,2020
1297.0,272,141621,2284
1298.0,237,143470,2249
1572.0,97,17954,2109
1852.0,7,5548,2019
1855.0,16,24802,2028
2928.0,2971,16087,4983
6675.0,63,6697,2075
6749.0,8,8107,2020
1175.0,62,141621,2074
1177.0,104,143470,2116
1491.0,8,17954,2020
4810.0,1251,15943,3263
6206.0,68,6697,2080
6282.0,7,8107,2019
1220.0,209,141621,2221
1221.0,211,143470,2223
1430.0,149,17954,2161
5464.0,574,16013,2586
6125.0,68,6697,2080
6199.0,8,8107,2020
1121.0,222,141621,2234
1122.0,215,143470,2227
1339.0,62,17954,2074
1659.0,1072,5548,3084
1662.0,1058,24802,3070
2732.0,2989,15943,5001
6505.0,21,6697,2033
6559.0,8,8107,2020
1246.0,232,141621,2244
1247.0,268,143470,2280
1511.0,38,17954,2050
1802.0,1107,5548,3119
1806.0,1103,24802,3115
2897.0,270,16025,2282
6833.0,34,6697,2046
6970.0,53,8107,2065
1253.0,227,141621,2239
1254.0,262,143470,2274
1464.0,124,17954,2136
1750.0,16,5548,2028
1753.0,24,24802,2036
5659.0,897,16049,2909
6696.0,42,6697,2054
6752.0,13,8107,2025
1095.0,263,141621,2275
1096.0,262,143470,2274
1339.0,118,17954,2130
1663.0,1166,5548,3178
1666.0,1164,24802,3176
2827.0,3443,16015,5455
7130.0,85,6697,2097
7258.0,10,8107,2022
1223.0,63,141621,2075
1225.0,303,143470,2315
1536.0,7,17954,2019
3177.0,3594,15935,5606
7393.0,75,6697,2087
7508.0,13,8107,2025
