0	21
20	25
40	45
60	12
80	17
100	19
120	32
140	40
160	29
180	14
200	20
220	10
240	12
260	2
280	5
300	1
320	1
340	4
360	1
380	1
400	1
420	2
440	1
460	1
480	0
500	0
520	0
540	5
560	0
580	0
600	1
620	0
640	2
660	0
680	0
700	1
720	1
740	2
760	0
780	1
800	0
820	1
840	2
860	0
880	2
900	0
920	0
940	1
960	1
980	1
1000	0
1020	2
1040	0
1060	0
1080	1
1100	0
1120	0
1140	0
1160	0
1180	0
1200	0
1220	0
1240	0
1260	0
1280	1
1300	1
1320	0
1340	0
1360	0
1380	0
1400	1
1420	0
1440	0
1460	0
1480	0
1500	0
1520	0
1540	0
1560	0
1580	0
1600	0
1620	0
1640	0
1660	0
1680	0
1700	0
1720	0
1740	0
1760	0
1780	0
1800	0
1820	0
1840	0
1860	0
1880	0
1900	0
1920	0
1940	0
1960	0
1980	1
2000	0
2020	0
2040	0
2060	0
2080	0
2100	0
2120	0
2140	1
2160	0
2180	0
2200	0
2220	0
2240	1
2260	0
2280	0
2300	2
2320	1
2340	0
2360	0
2380	0
2400	0
2420	0
2440	1
2460	0
2480	0
2500	0
2520	2
2540	0
2560	1
2580	0
2600	0
2620	0
2640	1
2660	1
2680	1
2700	0
2720	0
2740	0
2760	2
2780	1
2800	0
2820	0
2840	0
2860	0
2880	1
2900	0
2920	0
2940	0
2960	0
2980	1
3000	0
3020	0
3040	0
3060	0
3080	0
3100	0
3120	1
3140	0
3160	0
3180	0
3200	0
3220	0
3240	0
3260	1
3280	0
3300	1
3320	0
3340	0
3360	0
3380	2
3400	0
3420	0
3440	0
3460	0
3480	0
3500	0
3520	1
3540	0
3560	0
3580	0
3600	0
3620	1
