starttime,duration,size,total
870.0,429,94804,2441
1057.0,454,23631,2466
1058.0,188,582,2200
1073.0,178,9945,2190
1074.0,440,2595,2452
2170.0,5855,5670,7867
8188.0,2800,82499,4812
810.0,45,94804,2057
969.0,7,23631,2019
970.0,4,582,2016
971.0,4,9945,2016
972.0,2,2595,2014
1542.0,95,5670,2107
1853.0,41,82499,2053
713.0,37,94804,2049
849.0,3,23631,2015
850.0,3,582,2015
856.0,3,9945,2015
856.0,2,2595,2014
1455.0,53,5670,2065
1803.0,13,82499,2025
869.0,38,94804,2050
1026.0,4,23631,2016
1027.0,4,582,2016
1028.0,4,9945,2016
1029.0,3,2595,2015
1649.0,104,5670,2116
2048.0,38,82499,2050
854.0,38,94804,2050
986.0,4,23631,2016
987.0,5,582,2017
988.0,3,9945,2015
989.0,3,2595,2015
1585.0,71,5670,2083
1997.0,40,82499,2052
662.0,43,94804,2055
795.0,6,23631,2018
796.0,4,582,2016
796.0,3,9945,2015
797.0,5,2595,2017
1449.0,99,5670,2111
1898.0,699,82499,2711
4895.0,571,11040,2583
648.0,55,94804,2067
784.0,6,23631,2018
785.0,6,582,2018
786.0,4,9945,2016
787.0,3,2595,2015
1448.0,151,5670,2163
1971.0,46,82499,2058
1208.0,44,94804,2056
1348.0,4,23631,2016
1348.0,2,582,2014
1352.0,4,9945,2016
1353.0,3,2595,2015
1991.0,67,5670,2079
2221.0,334,82499,2346
674.0,55,94804,2067
812.0,5,23631,2017
813.0,3,582,2015
814.0,4,9945,2016
815.0,3,2595,2015
1446.0,89,5670,2101
2034.0,49,82499,2061
820.0,45,94804,2057
957.0,5,23631,2017
957.0,4,582,2016
958.0,5,9945,2017
959.0,4,2595,2016
1569.0,59,5670,2071
2155.0,17,82499,2029
757.0,46,94804,2058
946.0,6,23631,2018
946.0,5,582,2017
947.0,6,9945,2018
948.0,3,2595,2015
1461.0,97,5670,2109
2080.0,46,82499,2058
1142.0,62,94804,2074
1300.0,4,23631,2016
1301.0,4,582,2016
1303.0,5,9945,2017
1303.0,4,2595,2016
2331.0,304,5670,2316
3350.0,879,82499,2891
826.0,53,94804,2065
1012.0,5,23631,2017
1013.0,4,582,2016
1014.0,4,9945,2016
1015.0,4,2595,2016
1622.0,71,5670,2083
1867.0,588,82499,2600
745.0,66,94804,2078
935.0,8,23631,2020
936.0,5,582,2017
937.0,3,9945,2015
938.0,3,2595,2015
1583.0,20,5670,2032
2377.0,59,82499,2071
714.0,55,94804,2067
850.0,5,23631,2017
851.0,3,582,2015
852.0,4,9945,2016
853.0,4,2595,2016
1453.0,74,5670,2086
2276.0,38,82499,2050
647.0,69,94804,2081
785.0,5,23631,2017
786.0,7,582,2019
788.0,4,9945,2016
789.0,3,2595,2015
1434.0,135,5670,2147
2293.0,24,82499,2036
697.0,13,94804,2025
793.0,8,23631,2020
794.0,5,582,2017
796.0,3,9945,2015
797.0,3,2595,2015
3451.0,152,5670,2164
4217.0,23,82499,2035
824.0,65,94804,2077
1011.0,6,23631,2018
1012.0,8,582,2020
1014.0,4,9945,2016
1015.0,3,2595,2015
1793.0,86,5670,2098
2678.0,27,82499,2039
553.0,60,94804,2072
635.0,4,23631,2016
636.0,3,582,2015
641.0,4,9945,2016
642.0,4,2595,2016
1303.0,21,5670,2033
2242.0,1083,82499,3095
1350.0,53,94804,2065
1482.0,3,23631,2015
1483.0,2,582,2014
1486.0,3,9945,2015
1487.0,2,2595,2014
2333.0,75,5670,2087
3243.0,1246,82499,3258
644.0,52,94804,2064
766.0,4,23631,2016
767.0,4,582,2016
768.0,5,9945,2017
769.0,3,2595,2015
1462.0,96,5670,2108
2422.0,38,82499,2050
761.0,59,94804,2071
951.0,7,23631,2019
952.0,7,582,2019
952.0,7,9945,2019
953.0,6,2595,2018
1522.0,68,5670,2080
1766.0,748,82499,2760
1127.0,60,94804,2072
1285.0,6,23631,2018
1286.0,5,582,2017
1287.0,6,9945,2018
1288.0,4,2595,2016
1871.0,99,5670,2111
2964.0,64,82499,2076
768.0,71,94804,2083
928.0,7,23631,2019
928.0,6,582,2018
929.0,5,9945,2017
930.0,6,2595,2018
1603.0,129,5670,2141
2841.0,1278,82499,3290
2805.0,65,94804,2077
2985.0,7,23631,2019
2986.0,6,582,2018
2987.0,6,9945,2018
2988.0,6,2595,2018
3670.0,75,5670,2087
3850.0,1025,82499,3037
1001.0,65,94804,2077
1136.0,3,23631,2015
1137.0,2,582,2014
1141.0,4,9945,2016
1141.0,3,2595,2015
1766.0,96,5670,2108
3101.0,30,82499,2042
1470.0,83,94804,2095
1629.0,7,23631,2019
1630.0,7,582,2019
1631.0,6,9945,2018
1632.0,7,2595,2019
2226.0,93,5670,2105
3375.0,1264,82499,3276
739.0,1548,94804,3560
2284.0,9,23631,2021
2285.0,8,582,2020
2285.0,8,9945,2020
2286.0,7,2595,2019
3010.0,102,5670,2114
4243.0,25,82499,2037
809.0,74,94804,2086
943.0,9,23631,2021
944.0,4,582,2016
946.0,6,9945,2018
947.0,5,2595,2017
1611.0,132,5670,2144
1884.0,1113,82499,3125
931.0,69,94804,2081
1065.0,8,23631,2020
1066.0,7,582,2019
1068.0,4,9945,2016
1069.0,4,2595,2016
1968.0,75,5670,2087
2189.0,24,82499,2036
729.0,58,94804,2070
932.0,11,23631,2023
935.0,8,582,2020
935.0,8,9945,2020
936.0,7,2595,2019
1869.0,383,5670,2395
2242.0,122,82499,2134
771.0,64,94804,2076
937.0,4,23631,2016
938.0,4,582,2016
943.0,5,9945,2017
943.0,5,2595,2017
2132.0,104,5670,2116
3462.0,67,82499,2079
1399.0,68,94804,2080
1562.0,4,23631,2016
1563.0,2,582,2014
1568.0,4,9945,2016
1569.0,3,2595,2015
2382.0,93,5670,2105
730.0,68,94804,2080
868.0,7,23631,2019
869.0,7,582,2019
871.0,4,9945,2016
872.0,4,2595,2016
1824.0,110,5670,2122
1939.0,1542,82499,3554
768.0,67,94804,2079
952.0,4,23631,2016
953.0,3,582,2015
958.0,6,9945,2018
959.0,5,2595,2017
1545.0,40,5670,2052
2942.0,52,82499,2064
1418.0,71,94804,2083
1572.0,7,23631,2019
1573.0,7,582,2019
1575.0,4,9945,2016
1576.0,4,2595,2016
2317.0,119,5670,2131
2440.0,52,82499,2064
701.0,94,94804,2106
861.0,5,23631,2017
862.0,5,582,2017
865.0,4,9945,2016
865.0,3,2595,2015
1593.0,88,5670,2100
3123.0,1581,82499,3593
657.0,68,94804,2080
777.0,3,23631,2015
778.0,3,582,2015
783.0,4,9945,2016
784.0,3,2595,2015
1425.0,90,5670,2102
2876.0,30,82499,2042
1516.0,81,94804,2093
1703.0,5,23631,2017
1704.0,4,582,2016
1706.0,6,9945,2018
1707.0,5,2595,2017
2348.0,66,5670,2078
2551.0,65,82499,2077
1747.0,74,94804,2086
1905.0,9,23631,2021
1906.0,4,582,2016
1908.0,5,9945,2017
1909.0,4,2595,2016
2560.0,77,5670,2089
4154.0,29,82499,2041
683.0,72,94804,2084
848.0,6,23631,2018
849.0,4,582,2016
851.0,7,9945,2019
852.0,5,2595,2017
1584.0,57,5670,2069
1758.0,1273,82499,3285
702.0,86,94804,2098
863.0,10,23631,2022
864.0,5,582,2017
867.0,6,9945,2018
868.0,4,2595,2016
1532.0,111,5670,2123
3151.0,26,82499,2038
662.0,81,94804,2093
770.0,4,23631,2016
771.0,3,582,2015
776.0,4,9945,2016
777.0,3,2595,2015
1829.0,534,5670,2546
2379.0,69,82499,2081
1161.0,88,94804,2100
1347.0,9,23631,2021
1348.0,8,582,2020
1349.0,7,9945,2019
1349.0,7,2595,2019
2125.0,82,5670,2094
2321.0,1356,82499,3368
639.0,77,94804,2089
767.0,3,23631,2015
767.0,2,582,2014
770.0,6,9945,2018
771.0,6,2595,2018
1459.0,138,5670,2150
3184.0,54,82499,2066
658.0,114,94804,2126
843.0,10,23631,2022
843.0,10,582,2022
844.0,10,9945,2022
845.0,9,2595,2021
1512.0,121,5670,2133
3375.0,21,82499,2033
702.0,97,94804,2109
862.0,3,23631,2015
862.0,3,582,2015
869.0,3,9945,2015
869.0,2,2595,2014
1549.0,96,5670,2108
1869.0,1716,82499,3728
754.0,97,94804,2109
939.0,8,23631,2020
940.0,7,582,2019
943.0,5,9945,2017
943.0,6,2595,2018
1762.0,60,5670,2072
1941.0,57,82499,2069
695.0,106,94804,2118
840.0,9,23631,2021
841.0,7,582,2019
842.0,7,9945,2019
842.0,6,2595,2018
1618.0,176,5670,2188
1923.0,1980,82499,3992
1410.0,94,94804,2106
1565.0,3,23631,2015
1566.0,3,582,2015
1573.0,3,9945,2015
1574.0,3,2595,2015
2423.0,65,5670,2077
2557.0,50,82499,2062
1354.0,124,94804,2136
1537.0,8,23631,2020
1538.0,7,582,2019
1541.0,4,9945,2016
1541.0,4,2595,2016
2268.0,112,5670,2124
4658.0,2358,82499,4370
744.0,95,94804,2107
881.0,9,23631,2021
881.0,4,582,2016
882.0,3,9945,2015
884.0,5,2595,2017
1663.0,113,5670,2125
1952.0,33,82499,2045
679.0,97,94804,2109
808.0,7,23631,2019
809.0,7,582,2019
809.0,3,9945,2015
812.0,4,2595,2016
1675.0,51,5670,2063
1829.0,53,82499,2065
701.0,100,94804,2112
859.0,9,23631,2021
859.0,6,582,2018
860.0,8,9945,2020
864.0,6,2595,2018
1573.0,163,5670,2175
1866.0,1845,82499,3857
754.0,105,94804,2117
939.0,8,23631,2020
940.0,7,582,2019
940.0,6,9945,2018
944.0,4,2595,2016
1749.0,117,5670,2129
1894.0,2062,82499,4074
1407.0,112,94804,2124
1543.0,8,23631,2020
1543.0,7,582,2019
1544.0,6,9945,2018
1546.0,3,2595,2015
2408.0,136,5670,2148
2556.0,57,82499,2069
796.0,113,94804,2125
929.0,9,23631,2021
930.0,8,582,2020
930.0,7,9945,2019
931.0,7,2595,2019
1713.0,150,5670,2162
2063.0,2169,82499,4181
812.0,111,94804,2123
970.0,5,23631,2017
971.0,5,582,2017
971.0,4,9945,2016
976.0,4,2595,2016
2429.0,60,5670,2072
2633.0,32,82499,2044
1018.0,116,94804,2128
1204.0,11,23631,2023
1205.0,6,582,2018
1205.0,9,9945,2021
1209.0,5,2595,2017
1975.0,100,5670,2112
2252.0,64,82499,2076
827.0,119,94804,2131
1015.0,10,23631,2022
1016.0,10,582,2022
1016.0,5,9945,2017
1020.0,4,2595,2016
1810.0,138,5670,2150
1961.0,9,82499,2021
713.0,109,94804,2121
851.0,9,23631,2021
851.0,8,582,2020
852.0,7,9945,2019
852.0,8,2595,2020
1677.0,173,5670,2185
1981.0,2074,82499,4086
677.0,129,94804,2141
834.0,8,23631,2020
835.0,7,582,2019
835.0,7,9945,2019
841.0,5,2595,2017
1613.0,99,5670,2111
1898.0,2100,82499,4112
699.0,103,94804,2115
856.0,8,23631,2020
857.0,4,582,2016
857.0,7,9945,2019
860.0,4,2595,2016
1742.0,54,5670,2066
1860.0,86,82499,2098
650.0,116,94804,2128
789.0,9,23631,2021
789.0,7,582,2019
790.0,6,9945,2018
794.0,3,2595,2015
1637.0,86,5670,2098
1861.0,92,82499,2104
742.0,109,94804,2121
927.0,11,23631,2023
928.0,6,582,2018
929.0,276,9956,2288
933.0,5,2595,2017
1826.0,96,5670,2108
1924.0,67,82499,2079
1133.0,110,94804,2122
1267.0,10,23631,2022
1268.0,6,582,2018
1269.0,5,9956,2017
1273.0,4,2595,2016
2331.0,7,5670,2019
2998.0,82,82499,2094
686.0,117,94804,2129
840.0,7,23631,2019
841.0,8,582,2020
842.0,7,9956,2019
844.0,4,2595,2016
1823.0,139,5670,2151
3885.0,46,82499,2058
815.0,108,94804,2120
1003.0,11,23631,2023
1004.0,11,582,2023
1004.0,10,9956,2022
1005.0,9,2595,2021
1746.0,102,5670,2114
2033.0,34,82499,2046
692.0,122,94804,2134
931.0,16,23631,2028
934.0,12,582,2024
934.0,12,9956,2024
935.0,12,2595,2024
1717.0,61,5670,2073
1836.0,87,82499,2099
957.0,124,94804,2136
1115.0,10,23631,2022
1116.0,10,582,2022
1116.0,8,9956,2020
1117.0,9,2595,2021
1937.0,98,5670,2110
2216.0,40,82499,2052
851.0,14,94804,2026
931.0,9,23631,2021
932.0,10,582,2022
935.0,6,9956,2018
936.0,6,2595,2018
1714.0,110,5670,2122
2017.0,66,82499,2078
742.0,115,94804,2127
928.0,4,23631,2016
929.0,5,582,2017
932.0,6,9956,2018
933.0,6,2595,2018
1663.0,167,5670,2179
1970.0,14,82499,2026
985.0,122,94804,2134
1129.0,10,23631,2022
1130.0,9,582,2021
1130.0,8,9956,2020
1131.0,8,2595,2020
1926.0,158,5670,2170
2216.0,2450,82499,4462
795.0,114,94804,2126
950.0,5,23631,2017
951.0,4,582,2016
954.0,6,9956,2018
954.0,6,2595,2018
1866.0,58,5670,2070
1980.0,81,82499,2093
660.0,117,94804,2129
775.0,28,23631,2040
775.0,27,582,2039
779.0,27,9956,2039
780.0,23,2595,2035
1703.0,65,5670,2077
1890.0,70,82499,2082
710.0,742,94804,2754
859.0,468,23631,2480
859.0,533,582,2545
860.0,534,9956,2546
860.0,466,2595,2478
1698.0,1081,5670,3093
2778.0,2522,82499,4534
656.0,123,94804,2135
801.0,10,23631,2022
802.0,10,582,2022
803.0,9,9956,2021
803.0,9,2595,2021
1622.0,146,5670,2158
1905.0,7,82499,2019
725.0,125,94804,2137
882.0,4,23631,2016
883.0,4,582,2016
887.0,10,9956,2022
887.0,9,2595,2021
1772.0,69,5670,2081
1999.0,91,82499,2103
794.0,120,94804,2132
981.0,12,23631,2024
982.0,5,582,2017
985.0,7,9956,2019
986.0,7,2595,2019
1881.0,64,5670,2076
2000,60,82499,2072
697.0,114,94804,2126
937.0,16,23631,2028
940.0,13,582,2025
940.0,11,9956,2023
941.0,11,2595,2023
1662.0,98,5670,2110
1930.0,58,82499,2070
1298.0,134,94804,2146
1485.0,8,23631,2020
1485.0,8,582,2020
1486.0,7,9956,2019
1489.0,5,2595,2017
2372.0,100,5670,2112
2539.0,63,82499,2075
891.0,135,94804,2147
1050.0,8,23631,2020
1051.0,8,582,2020
1052.0,7,9956,2019
1053.0,10,2595,2022
1958.0,85,5670,2097
2175.0,39,82499,2051
753.0,126,94804,2138
940.0,4,23631,2016
940.0,3,582,2015
946.0,6,9956,2018
946.0,6,2595,2018
1864.0,55,5670,2067
1982.0,88,82499,2100
696.0,132,94804,2144
849.0,9,23631,2021
850.0,8,582,2020
850.0,8,9956,2020
851.0,7,2595,2019
1745.0,46,5670,2058
1910.0,82,82499,2094
661.0,134,94804,2146
789.0,31,23631,2043
790.0,30,582,2042
791.0,30,9956,2042
791.0,30,2595,2042
1633.0,108,5670,2120
1930.0,54,82499,2066
746.0,129,94804,2141
933.0,5,23631,2017
934.0,5,582,2017
937.0,7,9956,2019
938.0,6,2595,2018
1857.0,103,5670,2115
2023.0,46,82499,2058
700.0,142,94804,2154
866.0,10,23631,2022
867.0,10,582,2022
868.0,8,9956,2020
868.0,9,2595,2021
1782.0,81,5670,2093
2041.0,37,82499,2049
687.0,256,94804,2268
938.0,21,23631,2033
939.0,19,582,2031
940.0,19,9956,2031
940.0,19,2595,2031
1781.0,51,5670,2063
1947.0,69,82499,2081
667.0,136,94804,2148
800.0,32,23631,2044
800.0,32,582,2044
801.0,32,9956,2044
802.0,31,2595,2043
1680.0,100,5670,2112
1992.0,16,82499,2028
725.0,140,94804,2152
868.0,12,23631,2024
869.0,12,582,2024
869.0,12,9956,2024
870.0,11,2595,2023
1621.0,90,5670,2102
2020.0,97,82499,2109
677.0,7,94804,2019
823.0,27,23631,2039
824.0,26,582,2038
825.0,26,9956,2038
825.0,26,2595,2038
1582.0,205,5670,2217
2037.0,69,82499,2081
751.0,147,94804,2159
937.0,5,23631,2017
938.0,4,582,2016
943.0,9,9956,2021
944.0,8,2595,2020
1925.0,44,5670,2056
2031.0,88,82499,2100
