0	276
20	121
40	171
60	151
80	132
100	124
120	98
140	93
160	143
180	81
200	61
220	22
240	27
260	35
280	50
300	24
320	9
340	8
360	8
380	5
400	20
420	25
440	13
460	16
480	26
500	10
520	19
540	13
560	7
580	7
600	3
620	10
640	2
660	8
680	8
700	4
720	4
740	6
760	2
780	3
800	7
820	4
840	4
860	2
880	2
900	1
920	2
940	0
960	3
980	6
1000	5
1020	5
1040	5
1060	6
1080	5
1100	1
1120	0
1140	5
1160	3
1180	1
1200	1
1220	3
1240	2
1260	5
1280	5
1300	4
1320	3
1340	1
1360	2
1380	2
1400	9
1420	3
1440	2
1460	5
1480	2
1500	4
1520	1
1540	3
1560	0
1580	5
1600	5
1620	0
1640	3
1660	1
1680	4
1700	2
1720	4
1740	1
1760	5
1780	1
1800	0
1820	1
1840	1
1860	0
1880	1
1900	3
1920	1
1940	1
1960	0
1980	3
2000	1
2020	1
2040	4
2060	1
2080	2
2100	0
2120	1
2140	2
2160	0
2180	2
2200	0
2220	1
2240	0
2260	0
2280	1
2300	2
2320	1
2340	0
2360	0
2380	2
2400	0
2420	0
2440	1
2460	1
2480	1
2500	1
2520	1
2540	0
2560	0
2580	1
2600	0
2620	1
2640	1
2660	0
2680	0
2700	1
2720	0
2740	1
2760	0
2780	1
2800	1
2820	0
2840	0
2860	1
2880	0
2900	0
2920	0
2940	1
2960	0
2980	0
3000	2
3020	0
3040	0
3060	0
3080	0
3100	0
3120	0
3140	0
3160	0
3180	1
3200	0
3220	1
3240	0
3260	0
3280	0
3300	0
3320	0
3340	0
3360	0
3380	0
3400	0
3420	0
3440	0
3460	0
3480	0
3500	0
3520	1
3540	0
3560	0
3580	0
3600	0
3620	0
3640	0
3660	0
3680	0
3700	0
3720	1
3740	0
3760	0
3780	0
3800	0
3820	0
3840	0
3860	0
3880	0
3900	0
3920	0
3940	0
3960	0
3980	0
4000	0
4020	0
4040	0
4060	0
4080	0
4100	0
4120	0
4140	0
4160	0
4180	0
4200	0
4220	0
4240	0
4260	0
4280	0
4300	0
4320	0
4340	0
4360	0
4380	0
4400	0
4420	0
4440	0
4460	0
4480	0
4500	1
