0	699
200	784
400	309
600	200
800	383
1000	235
1200	129
1400	151
1600	126
1800	60
2000	65
2200	57
2400	55
2600	54
2800	57
3000	88
3200	81
3400	96
3600	92
3800	89
4000	68
4200	97
4400	87
4600	74
4800	70
5000	77
5200	56
5400	53
5600	34
5800	38
6000	66
6200	61
6400	75
6600	35
6800	36
7000	34
7200	16
7400	24
7600	21
7800	15
8000	5
8200	7
8400	7
8600	3
8800	6
9000	7
9200	5
9400	3
9600	1
9800	3
10000	3
10200	4
10400	6
10600	4
10800	3
11000	3
11200	3
11400	6
11600	3
11800	1
12000	0
12200	1
12400	2
12600	1
12800	0
13000	1
13200	0
13400	1
13600	1
