350	207
400	31
450	121
500	118
550	83
600	23
650	8
700	5
750	13
800	15
850	23
900	16
950	8
1000	10
1050	13
1100	17
1150	13
1200	7
1250	4
1300	4
1350	2
1400	5
1450	4
1500	4
1550	3
1600	1
1650	3
1700	2
1750	2
1800	4
1850	1
1900	3
1950	2
2000	1
2050	1
2100	2
2150	0
2200	0
2250	2
2300	3
2350	0
2400	1
2450	3
2500	2
2550	3
2600	1
2650	1
2700	3
2750	0
2800	1
2850	0
2900	0
2950	0
3000	4
3050	1
3100	2
3150	1
3200	0
3250	0
3300	1
3350	3
3400	2
3450	0
3500	1
3550	3
3600	1
3650	1
3700	0
3750	0
3800	1
3850	1
3900	2
3950	0
4000	0
4050	1
4100	1
4150	0
4200	0
4250	0
4300	0
4350	1
4400	0
4450	0
4500	0
4550	0
4600	0
4650	0
4700	0
4750	0
4800	0
4850	0
4900	0
4950	0
5000	0
5050	0
5100	0
5150	0
5200	0
5250	1
5300	0
5350	0
5400	0
5450	1
5500	0
5550	0
5600	0
5650	0
5700	0
5750	0
5800	0
5850	0
5900	0
5950	0
6000	1
