starttime,duration,size,total
453.0,279,2768,2291
454.0,278,1958,2290
455.0,545,102447,2557
455.0,255,12566,2267
456.0,276,3565,2288
456.0,275,62,2287
457.0,250,5617,2262
745.0,1130,4723,3142
764.0,256,1760,2268
810.0,207,0,2219
814.0,680,36596,2692
1028.0,99,0,2111
1359.0,173,51493,2185
1618.0,80,267662,2092
1619.0,62,7415,2074
1620.0,19,28716,2031
1881.0,755,13,2767
1886.0,751,13,2763
81.0,222,2768,2234
82.0,21,1958,2033
82.0,144,102447,2156
83.0,22,12566,2034
83.0,20,3565,2032
84.0,21,62,2033
84.0,21,5617,2033
126.0,185,4723,2197
144.0,637,1716,2649
227.0,554,0,2566
231.0,78,36596,2090
316.0,219,0,2231
350.0,434,13,2446
355.0,421,13,2433
780.0,36,51493,2048
874.0,160,267662,2172
875.0,489,7415,2501
875.0,65,28716,2077
87.0,109,2768,2121
87.0,160,1958,2172
88.0,110,102447,2122
89.0,102,12566,2114
89.0,102,3565,2114
90.0,109,62,2121
90.0,206,5617,2218
112.0,205,4723,2217
130.0,479,1833,2491
193.0,417,0,2429
205.0,117,36596,2129
307.0,80,0,2092
345.0,539,13,2551
350.0,523,13,2535
880.0,122,51493,2134
999.0,108,267662,2120
1000,109,7415,2121
1000,110,28716,2122
444.0,352,2768,2364
444.0,16,1958,2028
445.0,545,102447,2557
445.0,16,12566,2028
446.0,15,3565,2027
447.0,15,62,2027
448.0,13,5617,2025
807.0,192,4723,2204
824.0,500,1844,2512
873.0,451,0,2463
877.0,122,36596,2134
907.0,83,0,2095
1029.0,573,13,2585
1034.0,572,13,2584
1610.0,113,51493,2125
1721.0,65,267662,2077
1722.0,65,7415,2077
1722.0,69,28716,2081
107.0,84,2768,2096
108.0,89,1958,2101
108.0,233,102447,2245
109.0,89,12566,2101
109.0,82,3565,2094
110.0,87,62,2099
110.0,104,5617,2116
117.0,91,4723,2103
136.0,510,1754,2522
190.0,454,0,2466
195.0,51,36596,2063
232.0,110,0,2122
237.0,409,13,2421
242.0,402,13,2414
964.0,56,51493,2068
1079.0,56,267662,2068
1079.0,60,7415,2072
1080.0,57,28716,2069
95.0,182,2768,2194
96.0,129,1958,2141
96.0,131,102447,2143
97.0,182,12566,2194
97.0,180,3565,2192
99.0,229,62,2241
100.0,126,5617,2138
145.0,3197,4723,5209
165.0,2448,1765,4460
229.0,2384,0,4396
233.0,2303,36596,4315
339.0,2340,0,4352
2946.0,68,51493,2080
3065.0,293,267662,2305
3066.0,292,7415,2304
3066.0,290,28716,2302
3519.0,437,13,2449
3529.0,428,13,2440
573.0,221,2768,2233
574.0,7,1958,2019
575.0,504,102447,2516
575.0,5,12566,2017
576.0,4,3565,2016
576.0,12,62,2024
577.0,4,5617,2016
802.0,113,4723,2125
821.0,621,1820,2633
868.0,576,0,2588
872.0,65,36596,2077
906.0,537,0,2549
929.0,515,13,2527
933.0,511,13,2523
1441.0,107,51493,2119
1546.0,64,267662,2076
1546.0,60,7415,2072
1547.0,65,28716,2077
93.0,116,2768,2128
93.0,121,1958,2133
94.0,169,102447,2181
95.0,25,12566,2037
95.0,219,3565,2231
96.0,121,62,2133
96.0,110,5617,2122
125.0,213,4723,2225
146.0,671,1751,2683
207.0,599,0,2611
214.0,133,36596,2145
331.0,72,0,2084
364.0,457,13,2469
369.0,437,13,2449
815.0,35,51493,2047
906.0,369,267662,2381
907.0,370,7415,2382
907.0,369,28716,2381
92.0,225,2768,2237
93.0,39,1958,2051
93.0,126,102447,2138
94.0,38,12566,2050
95.0,36,3565,2048
95.0,36,62,2048
96.0,36,5617,2048
136.0,190,4723,2202
156.0,922,1683,2934
221.0,856,0,2868
225.0,573,36596,2585
331.0,465,0,2477
348.0,443,13,2455
353.0,438,13,2450
789.0,410,51493,2422
1228.0,45,267662,2057
1229.0,38,7415,2050
1229.0,43,28716,2055
104.0,131,2768,2143
105.0,11,1958,2023
105.0,227,102447,2239
106.0,15,12566,2027
106.0,15,3565,2027
107.0,9,62,2021
107.0,9,5617,2021
142.0,197,4723,2209
161.0,705,1766,2717
229.0,638,0,2650
234.0,114,36596,2126
355.0,126,0,2138
374.0,491,13,2503
379.0,487,13,2499
863.0,473,51493,2485
1508.0,45,267662,2057
1509.0,34,7415,2046
1509.0,41,28716,2053
204.0,173,2768,2185
205.0,11,1958,2023
206.0,248,102447,2260
206.0,9,12566,2021
207.0,11,3565,2023
207.0,8,62,2020
208.0,8,5617,2020
260.0,758,4723,2770
279.0,640,1814,2652
368.0,551,0,2563
377.0,85,36596,2097
477.0,433,0,2445
916.0,31,51493,2043
1008.0,69,267662,2081
1008.0,72,7415,2084
1009.0,71,28716,2083
1096.0,902,13,2914
1101.0,899,13,2911
481.0,374,2768,2386
482.0,24,1958,2036
482.0,567,102447,2579
483.0,21,12566,2033
483.0,21,3565,2033
484.0,21,62,2033
484.0,20,5617,2032
865.0,191,4723,2203
883.0,603,1961,2615
932.0,556,0,2568
935.0,125,36596,2137
976.0,85,0,2097
1085.0,1075,13,3087
1090.0,1074,13,3086
5596.0,603,51493,2615
6279.0,7,267662,2019
6279.0,7,7415,2019
6280.0,5,28716,2017
433.0,335,2768,2347
434.0,17,1958,2029
434.0,534,102447,2546
435.0,16,12566,2028
435.0,16,3565,2028
436.0,14,62,2026
436.0,14,5617,2026
779.0,192,4723,2204
797.0,928,1981,2940
845.0,878,0,2890
849.0,120,36596,2132
894.0,176,0,2188
1055.0,663,13,2675
1060.0,662,13,2674
1721.0,92,51493,2104
1811.0,481,267662,2493
1812.0,478,7415,2490
1812.0,479,28716,2491
102.0,132,2768,2144
103.0,17,1958,2029
103.0,222,102447,2234
104.0,19,12566,2031
104.0,16,3565,2028
105.0,15,62,2027
106.0,16,5617,2028
146.0,191,4723,2203
164.0,902,1861,2914
229.0,843,0,2855
233.0,110,36596,2122
347.0,132,0,2144
367.0,693,13,2705
372.0,701,13,2713
1064.0,656,51493,2668
1837.0,16,267662,2028
1838.0,27,7415,2039
1839.0,16,28716,2028
93.0,168,2768,2180
93.0,32,1958,2044
94.0,262,102447,2274
95.0,30,12566,2042
95.0,30,3565,2042
97.0,27,62,2039
98.0,30,5617,2042
170.0,200,4723,2212
190.0,881,1861,2893
256.0,805,0,2817
260.0,112,36596,2124
382.0,680,0,2692
406.0,665,13,2677
412.0,658,13,2670
1068.0,755,51493,2767
1913.0,46,267662,2058
1914.0,62,7415,2074
1914.0,42,28716,2054
89.0,162,2768,2174
89.0,9,1958,2021
90.0,182,102447,2194
90.0,8,12566,2020
91.0,7,3565,2019
92.0,231,62,2243
92.0,19,5617,2031
127.0,936,4723,2948
145.0,916,1735,2928
246.0,817,0,2829
250.0,99,36596,2111
334.0,105,0,2117
1060.0,96,51493,2108
1154.0,507,267662,2519
1155.0,507,7415,2519
1155.0,504,28716,2516
1189.0,815,13,2827
1195.0,810,13,2822
1214.0,345,2768,2357
1215.0,18,1958,2030
1216.0,528,102447,2540
1216.0,17,12566,2029
1217.0,17,3565,2029
1217.0,17,62,2029
1253.0,3,5617,2015
1566.0,516,4723,2528
1585.0,633,1735,2645
1636.0,582,0,2594
1640.0,448,36596,2460
1761.0,495,0,2507
2170.0,736,13,2748
2176.0,730,13,2742
2213.0,42,51493,2054
2319.0,74,267662,2086
2320.0,74,7415,2086
2320.0,100,28716,2112
101.0,261,2768,2273
101.0,132,1958,2144
102.0,177,102447,2189
103.0,134,12566,2146
103.0,131,3565,2143
104.0,136,62,2148
104.0,133,5617,2145
123.0,112,4723,2124
142.0,1028,1819,3040
273.0,885,13,2897
281.0,877,0,2889
286.0,113,36596,2125
378.0,778,13,2790
381.0,787,0,2799
1163.0,31,51493,2043
1256.0,573,267662,2585
1256.0,573,7415,2585
1257.0,571,28716,2583
104.0,246,2768,2258
105.0,7,1958,2019
106.0,140,102447,2152
107.0,6,12566,2018
107.0,16,3565,2028
108.0,16,62,2028
108.0,15,5617,2027
156.0,211,4723,2223
176.0,1066,1574,3078
249.0,983,0,2995
254.0,114,36596,2126
372.0,148,0,2160
400.0,843,13,2855
406.0,835,13,2847
1237.0,576,51493,2588
1956.0,37,267662,2049
1957.0,38,7415,2050
1957.0,36,28716,2048
431.0,336,2768,2348
431.0,21,1958,2033
432.0,548,102447,2560
433.0,25,12566,2037
434.0,24,3565,2036
435.0,18,62,2030
435.0,3,5617,2015
776.0,214,4723,2226
797.0,1061,1880,3073
847.0,1006,0,3018
852.0,136,36596,2148
897.0,91,0,2103
1057.0,789,13,2801
1063.0,784,13,2796
1852.0,30,51493,2042
1941.0,537,267662,2549
1942.0,537,7415,2549
1942.0,536,28716,2548
91.0,267,2768,2279
92.0,20,1958,2032
93.0,180,102447,2192
93.0,20,12566,2032
94.0,21,3565,2033
94.0,17,62,2029
95.0,18,5617,2030
156.0,1060,4723,3072
176.0,1038,1774,3050
274.0,944,0,2956
285.0,83,36596,2095
385.0,122,0,2134
1224.0,91,51493,2103
1312.0,608,267662,2620
1313.0,608,7415,2620
1314.0,607,28716,2619
1929.0,1011,13,3023
1933.0,1006,13,3018
131.0,252,2768,2264
131.0,104,1958,2116
132.0,106,102447,2118
132.0,108,12566,2120
133.0,83,3565,2095
133.0,84,62,2096
134.0,110,5617,2122
140.0,102,4723,2114
160.0,935,1417,2947
277.0,811,13,2823
281.0,806,0,2818
286.0,109,36596,2121
404.0,690,13,2702
434.0,662,0,2674
1093.0,86,51493,2098
1177.0,769,267662,2781
1178.0,765,7415,2777
1179.0,765,28716,2777
96.0,230,2768,2242
97.0,26,1958,2038
98.0,122,102447,2134
98.0,26,12566,2038
99.0,18,3565,2030
99.0,21,62,2033
100.0,19,5617,2031
148.0,209,4723,2221
167.0,1217,1796,3229
221.0,1164,0,3176
230.0,140,36596,2152
353.0,79,0,2091
395.0,992,13,3004
402.0,982,13,2994
1381.0,32,51493,2044
1474.0,679,267662,2691
1474.0,679,7415,2691
1475.0,676,28716,2688
115.0,218,2768,2230
115.0,146,1958,2158
116.0,315,102447,2327
117.0,149,12566,2161
117.0,142,3565,2154
118.0,151,62,2163
118.0,172,5617,2184
122.0,146,4723,2158
141.0,1241,1786,3253
280.0,1102,13,3114
325.0,1055,0,3067
331.0,100,36596,2112
345.0,1037,13,3049
348.0,152,0,2164
1386.0,1147,51493,3159
2700.0,40,267662,2052
2701.0,40,7415,2052
2701.0,37,28716,2049
447.0,543,2768,2555
447.0,35,1958,2047
448.0,460,102447,2472
448.0,38,12566,2050
449.0,38,3565,2050
449.0,34,62,2046
450.0,37,5617,2049
782.0,226,4723,2238
802.0,1426,1753,3438
911.0,1328,0,3340
915.0,94,36596,2106
1019.0,1208,0,3220
1048.0,1179,13,3191
1054.0,1174,13,3186
2235.0,639,51493,2651
3063.0,55,267662,2067
3064.0,54,7415,2066
3064.0,50,28716,2062
100.0,203,2768,2215
101.0,170,1958,2182
101.0,172,102447,2184
102.0,172,12566,2184
103.0,251,3565,2263
103.0,169,62,2181
104.0,168,5617,2180
130.0,1468,4723,3480
149.0,1451,1884,3463
275.0,1325,0,3337
282.0,85,36596,2097
375.0,130,0,2142
1597.0,61,51493,2073
1691.0,62,267662,2074
1692.0,60,7415,2072
1692.0,58,28716,2070
1738.0,874,13,2886
1745.0,839,13,2851
439.0,329,2768,2341
439.0,34,1958,2046
440.0,548,102447,2560
441.0,32,12566,2044
441.0,32,3565,2044
442.0,32,62,2044
443.0,30,5617,2042
777.0,135,4723,2147
795.0,1286,1727,3298
844.0,1239,0,3251
849.0,60,36596,2072
1011.0,114,0,2126
1045.0,1040,13,3052
1050.0,1035,13,3047
2078.0,99,51493,2111
2175.0,688,267662,2700
2176.0,689,7415,2701
2177.0,687,28716,2699
445.0,337,2768,2349
445.0,36,1958,2048
446.0,543,102447,2555
447.0,40,12566,2052
447.0,40,3565,2052
448.0,35,62,2047
448.0,38,5617,2050
790.0,213,4723,2225
809.0,1375,1888,3387
857.0,1327,0,3339
860.0,147,36596,2159
914.0,164,0,2176
1040.0,4519,13,6531
1045.0,4512,13,6524
2181.0,750,51493,2762
3069.0,62,267662,2074
3070.0,43,7415,2055
3070.0,44,28716,2056
110.0,87,2768,2099
111.0,332,1958,2344
111.0,458,102447,2470
112.0,82,12566,2094
112.0,319,3565,2331
113.0,308,62,2320
114.0,325,5617,2337
120.0,314,4723,2326
141.0,1149,1882,3161
196.0,1094,0,3106
442.0,50,36596,2062
450.0,848,13,2860
454.0,845,13,2857
472.0,817,0,2829
1296.0,64,51493,2076
1392.0,78,267662,2090
1393.0,72,7415,2084
1394.0,75,28716,2087
114.0,166,2768,2178
115.0,129,1958,2141
115.0,245,102447,2257
116.0,128,12566,2140
116.0,126,3565,2138
117.0,125,62,2137
118.0,124,5617,2136
144.0,140,4723,2152
162.0,1548,1365,3560
275.0,1437,0,3449
280.0,156,36596,2168
382.0,129,0,2141
391.0,1321,13,3333
397.0,1314,13,3326
1708.0,818,51493,2830
2657.0,36,267662,2048
2658.0,38,7415,2050
2658.0,37,28716,2049
452.0,339,2768,2351
453.0,34,1958,2046
454.0,565,102447,2577
454.0,31,12566,2043
455.0,31,3565,2043
455.0,31,62,2043
456.0,30,5617,2042
810.0,1595,4723,3607
829.0,1568,1712,3580
875.0,1523,0,3535
879.0,153,36596,2165
931.0,100,0,2112
2402.0,30,51493,2042
2492.0,787,267662,2799
2493.0,787,7415,2799
2494.0,783,28716,2795
3305.0,442,13,2454
3310.0,434,13,2446
102.0,194,2768,2206
102.0,132,1958,2144
103.0,263,102447,2275
103.0,130,12566,2142
104.0,137,3565,2149
104.0,133,62,2145
105.0,131,5617,2143
123.0,114,4723,2126
140.0,1493,1870,3505
284.0,1340,13,3352
289.0,1345,0,3357
294.0,77,36596,2089
383.0,1240,13,3252
408.0,100,0,2112
1631.0,60,51493,2072
1726.0,885,267662,2897
1727.0,885,7415,2897
1727.0,885,28716,2897
99.0,191,2768,2203
101.0,16,1958,2028
102.0,210,102447,2222
102.0,15,12566,2027
103.0,15,3565,2027
104.0,14,62,2026
104.0,258,5617,2270
145.0,222,4723,2234
170.0,1197,1885,3209
285.0,1086,0,3098
290.0,120,36596,2132
377.0,143,0,2155
400.0,972,13,2984
404.0,963,13,2975
1364.0,96,51493,2108
1458.0,1242,267662,3254
1459.0,1242,7415,3254
1459.0,1244,28716,3256
451.0,335,2768,2347
452.0,35,1958,2047
453.0,538,102447,2550
453.0,32,12566,2044
454.0,31,3565,2043
454.0,30,62,2042
455.0,33,5617,2045
796.0,210,4723,2222
814.0,1617,1706,3629
861.0,1557,0,3569
866.0,138,36596,2150
1018.0,144,0,2156
1067.0,1354,13,3366
1072.0,1349,13,3361
2426.0,29,51493,2041
2520.0,831,267662,2843
2520.0,829,7415,2841
2521.0,829,28716,2841
110.0,215,2768,2227
111.0,173,1958,2185
112.0,313,102447,2325
112.0,173,12566,2185
113.0,157,3565,2169
113.0,158,62,2170
114.0,148,5617,2160
122.0,150,4723,2162
141.0,1315,1722,3327
294.0,1165,13,3177
320.0,1128,0,3140
324.0,26,36596,2038
344.0,1105,13,3117
346.0,158,0,2170
1453.0,27,51493,2039
1543.0,22,267662,2034
1544.0,22,7415,2034
1544.0,20,28716,2032
117.0,1324,4723,3336
137.0,1305,1750,3317
186.0,115,2768,2127
186.0,57,1958,2069
187.0,254,102447,2266
187.0,116,12566,2128
187.0,121,3565,2133
188.0,115,62,2127
188.0,54,5617,2066
294.0,1149,0,3161
299.0,8,36596,2020
324.0,127,0,2139
1437.0,26,51493,2038
1530.0,1283,267662,3295
1530.0,1283,7415,3295
1531.0,1283,28716,3295
2933.0,402,13,2414
2939.0,397,13,2409
126.0,119,2768,2131
127.0,84,1958,2096
128.0,344,102447,2356
128.0,81,12566,2093
129.0,81,3565,2093
129.0,82,62,2094
130.0,82,5617,2094
138.0,98,4723,2110
158.0,1275,1966,3287
239.0,1196,0,3208
244.0,75,36596,2087
298.0,1139,13,3151
304.0,1129,13,3141
331.0,151,0,2163
1440.0,119,51493,2131
1554.0,67,267662,2079
1555.0,68,7415,2080
1556.0,68,28716,2080
127.0,162,2768,2174
127.0,171,1958,2183
128.0,358,102447,2370
129.0,157,12566,2169
129.0,161,3565,2173
130.0,155,62,2167
130.0,156,5617,2168
140.0,160,4723,2172
161.0,1299,1764,3311
288.0,1162,0,3174
298.0,10,36596,2022
335.0,161,0,2173
341.0,1119,13,3131
346.0,1105,13,3117
1456.0,28,51493,2040
1548.0,64,267662,2076
1549.0,66,7415,2078
1550.0,63,28716,2075
102.0,144,2768,2156
103.0,30,1958,2042
103.0,270,102447,2282
104.0,28,12566,2040
104.0,27,3565,2039
105.0,26,62,2038
105.0,27,5617,2039
171.0,221,4723,2233
191.0,1215,1784,3227
241.0,1168,0,3180
245.0,144,36596,2156
399.0,140,0,2152
446.0,968,13,2980
451.0,954,13,2966
1413.0,1353,51493,3365
3014.0,66,267662,2078
3014.0,66,7415,2078
3015.0,61,28716,2073
479.0,394,2768,2406
480.0,108,1958,2120
481.0,616,102447,2628
482.0,106,12566,2118
483.0,106,3565,2118
485.0,117,62,2129
485.0,117,5617,2129
886.0,223,4723,2235
906.0,1003,1791,3015
953.0,963,0,2975
957.0,146,36596,2158
1118.0,793,0,2805
1174.0,735,13,2747
1180.0,731,13,2743
1915.0,102,51493,2114
2112.0,67,267662,2079
2113.0,8,7415,2020
2113.0,68,28716,2080
105.0,268,2768,2280
106.0,37,1958,2049
106.0,165,102447,2177
107.0,36,12566,2048
108.0,35,3565,2047
108.0,36,62,2048
109.0,34,5617,2046
169.0,1212,4723,3224
190.0,1191,1791,3203
272.0,1108,0,3120
277.0,117,36596,2129
404.0,137,0,2149
1388.0,1376,51493,3388
2832.0,477,13,2489
2838.0,468,13,2480
2981.0,47,267662,2059
2982.0,47,7415,2059
2982.0,44,28716,2056
446.0,318,2768,2330
447.0,23,1958,2035
447.0,526,102447,2538
448.0,19,12566,2031
448.0,18,3565,2030
449.0,20,62,2032
449.0,16,5617,2028
767.0,208,4723,2220
786.0,1715,1975,3727
832.0,1678,0,3690
836.0,139,36596,2151
999.0,139,0,2151
1008.0,1500,13,3512
1013.0,1489,13,3501
2506.0,94,51493,2106
2598.0,866,267662,2878
2598.0,864,7415,2876
2599.0,863,28716,2875
493.0,340,2768,2352
494.0,35,1958,2047
495.0,539,102447,2551
496.0,35,12566,2047
496.0,35,3565,2047
497.0,35,62,2047
497.0,30,5617,2042
840.0,207,4723,2219
859.0,1092,1970,3104
906.0,1049,0,3061
910.0,138,36596,2150
1060.0,892,0,2904
1090.0,862,13,2874
1096.0,857,13,2869
1959.0,52,51493,2064
2044.0,67,267662,2079
2045.0,65,7415,2077
2045.0,66,28716,2078
116.0,153,2768,2165
116.0,22,1958,2034
117.0,255,102447,2267
118.0,20,12566,2032
118.0,22,3565,2034
119.0,100,62,2112
119.0,19,5617,2031
147.0,235,4723,2247
169.0,1323,1970,3335
264.0,1220,0,3232
268.0,115,36596,2127
397.0,145,0,2157
429.0,1061,13,3073
435.0,1048,13,3060
1488.0,30,51493,2042
1583.0,1417,267662,3429
1584.0,1415,7415,3427
1585.0,1415,28716,3427
104.0,199,2768,2211
105.0,59,1958,2071
107.0,297,102447,2309
111.0,55,12566,2067
112.0,53,3565,2065
113.0,53,62,2065
114.0,51,5617,2063
189.0,230,4723,2242
209.0,1195,1999,3207
298.0,1106,0,3118
303.0,119,36596,2131
429.0,959,0,2971
462.0,941,13,2953
468.0,918,13,2930
1402.0,86,51493,2098
1548.0,72,267662,2084
1549.0,75,7415,2087
1549.0,72,28716,2084
452.0,407,2768,2419
453.0,39,1958,2051
453.0,623,102447,2635
454.0,26,12566,2038
454.0,27,3565,2039
455.0,37,62,2049
455.0,25,5617,2037
866.0,2041,4723,4053
890.0,2018,1999,4030
937.0,1964,0,3976
942.0,150,36596,2162
1107.0,120,0,2132
2906.0,99,51493,2111
3002.0,1254,267662,3266
3003.0,1255,7415,3267
3004.0,1253,28716,3265
4273.0,376,13,2388
4278.0,372,13,2384
118.0,134,4723,2146
139.0,1475,1999,3487
242.0,105,2768,2117
243.0,12,1958,2024
243.0,125,102447,2137
244.0,126,12566,2138
244.0,97,3565,2109
244.0,181,62,2193
245.0,11,5617,2023
331.0,1293,13,3305
342.0,1281,0,3293
346.0,131,36596,2143
433.0,1179,13,3191
437.0,1188,0,3200
1621.0,1887,51493,3899
4202.0,37,267662,2049
4203.0,34,7415,2046
4203.0,34,28716,2046
108.0,70,2768,2082
108.0,40,1958,2052
109.0,308,102447,2320
110.0,20,12566,2032
110.0,19,3565,2031
111.0,38,62,2050
111.0,37,5617,2049
186.0,248,4723,2260
205.0,1620,1926,3632
255.0,1567,0,3579
259.0,170,36596,2182
308.0,119,0,2131
495.0,1325,13,3337
501.0,1322,13,3334
1831.0,107,51493,2119
2003.0,45,267662,2057
2003.0,42,7415,2054
2004.0,42,28716,2054
461.0,494,2768,2506
461.0,32,1958,2044
462.0,574,102447,2586
463.0,34,12566,2046
463.0,32,3565,2044
464.0,32,62,2044
465.0,30,5617,2042
821.0,226,4723,2238
841.0,2392,1926,4404
949.0,2282,0,4294
954.0,96,36596,2108
1073.0,104,0,2116
1137.0,2092,13,4104
1144.0,2089,13,4101
3238.0,1448,51722,3460
4919.0,172,483654,2184
4920.0,104,29973,2116
4921.0,104,7326,2116
118.0,260,2768,2272
119.0,117,1958,2129
119.0,177,102447,2189
120.0,123,12566,2135
120.0,122,3565,2134
121.0,116,62,2128
121.0,97,5617,2109
125.0,115,4723,2127
143.0,1760,1753,3772
297.0,1601,0,3613
303.0,82,36596,2094
429.0,1474,13,3486
436.0,1464,13,3476
486.0,1413,0,3425
1910.0,25,51493,2037
1999.0,65,267662,2077
1999.0,62,7415,2074
2000,61,28716,2073
97.0,63,2768,2075
98.0,24,1958,2036
98.0,293,102447,2305
99.0,23,12566,2035
100.0,22,3565,2034
100.0,22,62,2034
101.0,20,5617,2032
166.0,1556,4723,3568
185.0,1538,1745,3550
232.0,1491,0,3503
236.0,204,36596,2216
410.0,139,0,2151
1717.0,35,51493,2047
1815.0,2135,267662,4147
1816.0,2136,7415,4148
1816.0,2135,28716,4147
4075.0,463,13,2475
4079.0,460,13,2472
134.0,295,2768,2307
135.0,32,1958,2044
135.0,207,102447,2219
136.0,31,12566,2043
136.0,31,3565,2043
137.0,30,62,2042
137.0,30,5617,2042
198.0,240,4723,2252
218.0,1507,1745,3519
343.0,1371,0,3383
348.0,156,36596,2168
449.0,1266,0,3278
486.0,1231,13,3243
492.0,1232,13,3244
1721.0,66,51493,2078
1852.0,91,267662,2103
1853.0,89,7415,2101
1853.0,91,28716,2103
123.0,266,2768,2278
123.0,125,1958,2137
124.0,181,102447,2193
124.0,117,12566,2129
125.0,118,3565,2130
125.0,118,62,2130
126.0,112,5617,2124
129.0,108,4723,2120
149.0,1728,1805,3740
307.0,1570,0,3582
311.0,86,36596,2098
438.0,1441,13,3453
444.0,1436,13,3448
499.0,1377,0,3389
1887.0,88,51493,2100
1973.0,70,267662,2082
1974.0,66,7415,2078
1974.0,70,28716,2082
117.0,239,2768,2251
118.0,168,1958,2180
118.0,317,102447,2329
119.0,202,12566,2214
119.0,201,3565,2213
120.0,203,62,2215
120.0,199,5617,2211
126.0,165,4723,2177
144.0,1514,1805,3526
311.0,1347,13,3359
351.0,1307,0,3319
355.0,151,36596,2163
446.0,1216,13,3228
451.0,1206,0,3218
1655.0,2087,51493,4099
4488.0,149,267662,2161
4489.0,135,7415,2147
4489.0,203,28716,2215
476.0,324,2768,2336
477.0,20,1958,2032
478.0,549,102447,2561
478.0,18,12566,2030
479.0,19,3565,2031
479.0,18,62,2030
480.0,17,5617,2029
809.0,222,4723,2234
830.0,2469,1847,4481
879.0,430,0,2442
884.0,9,36596,2021
1082.0,148,0,2160
1116.0,2186,13,4198
1122.0,2179,13,4191
3310.0,1578,51493,3590
5173.0,69,267662,2081
5174.0,69,7415,2081
5174.0,66,28716,2078
115.0,93,2768,2105
115.0,85,1958,2097
116.0,137,102447,2149
117.0,84,12566,2096
117.0,216,3565,2228
118.0,159,62,2171
118.0,135,5617,2147
126.0,1608,4723,3620
149.0,1591,1847,3603
202.0,1533,0,3545
206.0,180,36596,2192
432.0,1302,0,3314
1739.0,24,51493,2036
1830.0,62,267662,2074
1830.0,62,7415,2074
1831.0,62,28716,2074
1941.0,2311,13,4323
1955.0,2299,13,4311
433.0,333,2768,2345
433.0,32,1958,2044
434.0,564,102447,2576
435.0,34,12566,2046
435.0,34,3565,2046
436.0,30,62,2042
436.0,29,5617,2041
769.0,247,4723,2259
788.0,2637,1847,4649
835.0,2591,0,4603
839.0,176,36596,2188
1062.0,2363,0,4375
1151.0,2275,13,4287
1157.0,2263,13,4275
3415.0,68,51493,2080
3515.0,1295,267662,3307
3516.0,1294,7415,3306
3516.0,1292,28716,3304
474.0,322,2768,2334
475.0,21,1958,2033
475.0,545,102447,2557
476.0,18,12566,2030
476.0,19,3565,2031
477.0,18,62,2030
477.0,17,5617,2029
830.0,299,4723,2311
851.0,2811,1830,4823
912.0,2755,0,4767
916.0,213,36596,2225
1084.0,128,0,2140
1170.0,2497,13,4509
1177.0,2482,13,4494
3666.0,70,51493,2082
3788.0,1399,267662,3411
3789.0,1397,7415,3409
3789.0,1400,28716,3412
109.0,259,2768,2271
110.0,247,1958,2259
111.0,340,102447,2352
111.0,241,12566,2253
112.0,241,3565,2253
112.0,243,62,2255
113.0,243,5617,2255
130.0,224,4723,2236
149.0,1727,1792,3739
360.0,1514,0,3526
367.0,86,36596,2098
513.0,1354,13,3366
519.0,1348,13,3360
575.0,1405,0,3417
1872.0,33,51722,2045
1973.0,78,483654,2090
1973.0,73,29973,2085
1974.0,71,7326,2083
106.0,185,2768,2197
109.0,55,1958,2067
110.0,276,102447,2288
111.0,48,12566,2060
111.0,53,3565,2065
112.0,47,62,2059
112.0,52,5617,2064
167.0,229,4723,2241
186.0,1471,1788,3483
287.0,1369,0,3381
291.0,116,36596,2128
416.0,1242,0,3254
447.0,1208,13,3220
453.0,1202,13,3214
1664.0,80,51493,2092
1807.0,65,267662,2077
1807.0,69,7415,2081
1808.0,66,28716,2078
499.0,328,2768,2340
500.0,217,1958,2229
500.0,569,102447,2581
501.0,216,12566,2228
501.0,215,3565,2227
502.0,214,62,2226
502.0,213,5617,2225
841.0,1697,4723,3709
862.0,1678,1788,3690
911.0,1629,0,3641
916.0,157,36596,2169
1105.0,103,0,2115
2534.0,59,51493,2071
2628.0,86,267662,2098
2628.0,29,7415,2041
2629.0,27,28716,2039
2821.0,3765,13,5777
2826.0,3761,13,5773
103.0,249,2768,2261
104.0,183,1958,2195
105.0,378,102447,2390
105.0,180,12566,2192
106.0,179,3565,2191
106.0,185,62,2197
107.0,238,5617,2250
125.0,216,4723,2228
144.0,1746,1760,3758
346.0,1536,0,3548
351.0,133,36596,2145
367.0,1512,13,3524
373.0,1508,13,3520
385.0,164,0,2176
1888.0,101,51493,2113
2060.0,100,267662,2112
2060.0,97,7415,2109
2061.0,97,28716,2109
100.0,156,2768,2168
100.0,38,1958,2050
101.0,264,102447,2276
101.0,36,12566,2048
102.0,39,3565,2051
102.0,23,62,2035
103.0,35,5617,2047
177.0,240,4723,2252
198.0,1691,1760,3703
250.0,1636,0,3648
255.0,169,36596,2181
452.0,1444,0,3456
486.0,1409,13,3421
492.0,1403,13,3415
1893.0,35,51493,2047
1988.0,64,267662,2076
1988.0,66,7415,2078
1989.0,61,28716,2073
457.0,349,2768,2361
458.0,34,1958,2046
458.0,581,102447,2593
459.0,33,12566,2045
459.0,34,3565,2046
460.0,33,62,2045
460.0,32,5617,2044
809.0,301,4723,2313
829.0,2822,1842,4834
877.0,2782,0,4794
880.0,163,36596,2175
1083.0,153,0,2165
1164.0,2494,13,4506
1171.0,2476,13,4488
3657.0,31,51493,2043
3747.0,64,267662,2076
3748.0,62,7415,2074
3749.0,59,28716,2071
112.0,199,2768,2211
112.0,137,1958,2149
113.0,273,102447,2285
114.0,134,12566,2146
114.0,127,3565,2139
115.0,134,62,2146
115.0,131,5617,2143
132.0,115,4723,2127
150.0,1906,1838,3918
304.0,1748,0,3760
309.0,80,36596,2092
438.0,1614,13,3626
444.0,1616,13,3628
494.0,1570,0,3582
2068.0,53,51493,2065
2155.0,69,267662,2081
2156.0,62,7415,2074
2156.0,72,28716,2084
472.0,348,2768,2360
472.0,36,1958,2048
473.0,609,102447,2621
473.0,34,12566,2046
474.0,32,3565,2044
474.0,31,62,2043
475.0,30,5617,2042
828.0,1483,4723,3495
850.0,1463,1847,3475
905.0,1405,0,3417
909.0,174,36596,2186
1121.0,1190,0,3202
2307.0,62,51493,2074
2393.0,64,267662,2076
2394.0,60,7415,2072
2394.0,63,28716,2075
2517.0,2122,13,4134
2523.0,2079,13,4091
521.0,320,2768,2332
522.0,19,1958,2031
523.0,537,102447,2549
523.0,18,12566,2030
524.0,18,3565,2030
524.0,16,62,2028
525.0,14,5617,2026
852.0,128,4723,2140
872.0,1568,1847,3580
920.0,1521,0,3533
924.0,58,36596,2070
1111.0,121,0,2133
1119.0,1312,13,3324
1125.0,1318,13,3330
2437.0,33,51493,2045
2535.0,65,267662,2077
2535.0,68,7415,2080
2536.0,68,28716,2080
119.0,180,4723,2192
144.0,1879,1728,3891
195.0,110,2768,2122
196.0,117,1958,2129
196.0,141,102447,2153
196.0,143,12566,2155
196.0,146,3565,2158
197.0,206,62,2218
197.0,109,5617,2121
304.0,1723,0,3735
312.0,33,36596,2045
447.0,1577,13,3589
453.0,1575,13,3587
515.0,1513,0,3525
2021.0,63,51493,2075
2117.0,68,267662,2080
2117.0,65,7415,2077
2118.0,62,28716,2074
123.0,254,2768,2266
123.0,241,1958,2253
124.0,366,102447,2378
124.0,241,12566,2253
125.0,241,3565,2253
126.0,253,62,2265
126.0,240,5617,2252
143.0,240,4723,2252
162.0,1541,1728,3553
370.0,1325,0,3337
376.0,174,36596,2186
514.0,1181,0,3193
526.0,1178,13,3190
531.0,1172,13,3184
1701.0,162,51493,2174
1861.0,98,267662,2110
1862.0,92,7415,2104
1863.0,92,28716,2104
471.0,439,2768,2451
472.0,21,1958,2033
472.0,545,102447,2557
473.0,19,12566,2031
473.0,19,3565,2031
474.0,18,62,2030
474.0,18,5617,2030
829.0,246,4723,2258
849.0,494,1718,2506
905.0,439,0,2451
909.0,169,36596,2181
1153.0,159,0,2171
1209.0,2720,13,4732
1217.0,2709,13,4721
3934.0,141,51493,2153
4073.0,2005,267662,4017
4074.0,2006,7415,4018
4075.0,2005,28716,4017
164.0,322,2768,2334
165.0,38,1958,2050
165.0,228,102447,2240
166.0,26,12566,2038
166.0,24,3565,2036
167.0,37,62,2049
167.0,35,5617,2047
239.0,1637,4723,3649
259.0,1629,1718,3641
395.0,1490,0,3502
404.0,93,36596,2105
517.0,115,0,2127
1883.0,28,51493,2040
1973.0,67,267662,2079
1974.0,68,7415,2080
1974.0,67,28716,2079
2012.0,372,13,2384
2019.0,369,13,2381
108.0,207,2768,2219
108.0,141,1958,2153
109.0,278,102447,2290
109.0,146,12566,2158
110.0,145,3565,2157
110.0,136,62,2148
111.0,144,5617,2156
128.0,120,4723,2132
149.0,1913,1718,3925
308.0,1745,0,3757
313.0,87,36596,2099
442.0,1610,13,3622
448.0,1604,13,3616
498.0,1562,0,3574
2057.0,2327,51493,4339
5253.0,87,267662,2099
5254.0,87,7415,2099
5254.0,87,28716,2099
124.0,357,2768,2369
125.0,194,1958,2206
125.0,188,102447,2200
126.0,189,12566,2201
127.0,189,3565,2201
127.0,185,62,2197
128.0,186,5617,2198
148.0,173,4723,2185
169.0,1775,1752,3787
380.0,1564,13,3576
393.0,1553,0,3565
398.0,1550,36596,3562
502.0,1436,13,3448
508.0,1428,0,3440
1942.0,27,51493,2039
2038.0,67,267662,2079
2038.0,64,7415,2076
2039.0,64,28716,2076
109.0,281,2768,2293
110.0,272,1958,2284
110.0,388,102447,2400
111.0,193,12566,2205
112.0,188,3565,2200
112.0,186,62,2198
113.0,187,5617,2199
132.0,169,4723,2181
152.0,1716,1752,3728
361.0,1515,13,3527
383.0,1486,0,3498
389.0,172,36596,2184
511.0,1356,13,3368
516.0,1356,0,3368
1882.0,64,51493,2076
2088.0,93,267662,2105
2088.0,12,7415,2024
2089.0,11,28716,2023
113.0,257,2768,2269
114.0,193,1958,2205
114.0,341,102447,2353
115.0,181,12566,2193
115.0,188,3565,2200
116.0,189,62,2201
117.0,191,5617,2203
132.0,177,4723,2189
151.0,1751,1751,3763
363.0,1540,0,3552
369.0,135,36596,2147
465.0,1448,13,3460
471.0,1426,13,3438
484.0,1418,0,3430
1908.0,29,51493,2041
2003.0,65,267662,2077
2004.0,65,7415,2077
2004.0,62,28716,2074
462.0,331,2768,2343
463.0,237,1958,2249
463.0,656,102447,2668
464.0,236,12566,2248
465.0,234,3565,2246
466.0,233,62,2245
466.0,233,5617,2245
805.0,1977,4723,3989
824.0,1967,1751,3979
871.0,1921,0,3933
876.0,67,36596,2079
995.0,177,0,2189
2791.0,2895,51493,4907
5779.0,2236,13,4248
5793.0,2223,13,4235
5871.0,116,267662,2128
5872.0,116,7415,2128
5872.0,117,28716,2129
112.0,209,2768,2221
112.0,129,1958,2141
113.0,300,102447,2312
114.0,135,12566,2147
114.0,132,3565,2144
115.0,134,62,2146
115.0,133,5617,2145
133.0,109,4723,2121
152.0,2001,1745,4013
315.0,1838,0,3850
320.0,99,36596,2111
498.0,1653,13,3665
505.0,1647,13,3659
567.0,1594,0,3606
2160.0,25,51493,2037
2248.0,68,267662,2080
2248.0,71,7415,2083
2249.0,69,28716,2081
462.0,311,2768,2323
462.0,46,1958,2058
463.0,521,102447,2533
463.0,45,12566,2057
464.0,45,3565,2057
464.0,45,62,2057
465.0,43,5617,2055
782.0,216,4723,2228
802.0,1883,1745,3895
848.0,1838,0,3850
852.0,146,36596,2158
1037.0,154,0,2166
1138.0,1548,13,3560
1145.0,1545,13,3557
2681.0,2799,51493,4811
6481.0,103,267662,2115
6481.0,103,7415,2115
6482.0,101,28716,2113
500.0,399,2768,2411
500.0,167,1958,2179
501.0,623,102447,2635
502.0,165,12566,2177
502.0,164,3565,2176
503.0,164,62,2176
504.0,162,5617,2174
909.0,232,4723,2244
930.0,1638,1745,3650
978.0,1588,0,3600
983.0,159,36596,2171
1182.0,117,0,2129
1251.0,1316,13,3328
1258.0,1310,13,3322
2577.0,65,51493,2077
2793.0,25,267662,2037
2794.0,25,7415,2037
2795.0,21,28716,2033
127.0,142,4723,2154
146.0,1736,1745,3748
263.0,110,2768,2122
264.0,11,1958,2023
265.0,136,102447,2148
265.0,111,12566,2123
265.0,192,3565,2204
266.0,102,62,2114
266.0,10,5617,2022
350.0,1528,13,3540
369.0,1515,0,3527
373.0,165,36596,2177
467.0,1417,13,3429
473.0,1407,0,3419
1889.0,160,51493,2172
2047.0,139,267662,2151
2048.0,143,7415,2155
2048.0,141,28716,2153
110.0,242,2768,2254
111.0,245,1958,2257
111.0,359,102447,2371
112.0,232,12566,2244
112.0,237,3565,2249
113.0,174,62,2186
113.0,229,5617,2241
131.0,1746,4723,3758
149.0,1740,1745,3752
350.0,1538,0,3550
355.0,34,36596,2046
379.0,1501,0,3513
1887.0,124,51722,2136
1981.0,3073,13,5085
1997.0,3058,13,5070
2078.0,2987,483689,4999
2078.0,58,29973,2070
2079.0,59,7326,2071
465.0,558,2768,2570
465.0,36,1958,2048
466.0,480,102447,2492
466.0,34,12566,2046
467.0,35,3565,2047
467.0,32,62,2044
468.0,30,5617,2042
818.0,220,4723,2232
839.0,2184,1745,4196
947.0,2087,0,4099
951.0,86,36596,2098
1082.0,118,0,2130
1180.0,1842,13,3854
1187.0,1835,13,3847
3028.0,2845,51722,4857
6255.0,32,483689,2044
6255.0,33,29973,2045
6256.0,32,7326,2044
114.0,201,2768,2213
114.0,142,1958,2154
117.0,293,102447,2305
118.0,125,12566,2137
119.0,131,3565,2143
119.0,129,62,2141
120.0,136,5617,2148
137.0,118,4723,2130
155.0,1922,1745,3934
310.0,1770,0,3782
314.0,99,36596,2111
473.0,1616,13,3628
479.0,1600,13,3612
535.0,1555,0,3567
2085.0,37,51722,2049
2189.0,79,483689,2091
2190.0,72,29973,2084
2190.0,69,7326,2081
115.0,283,2768,2295
115.0,134,1958,2146
116.0,193,102447,2205
117.0,138,12566,2150
117.0,128,3565,2140
118.0,127,62,2139
119.0,137,5617,2149
137.0,120,4723,2132
155.0,1920,1712,3932
310.0,1777,0,3789
316.0,172,36596,2184
471.0,1607,13,3619
477.0,1610,13,3622
500.0,1577,0,3589
2086.0,34,51722,2046
2187.0,69,483689,2081
2187.0,63,29973,2075
2188.0,62,7326,2074
458.0,627,2768,2639
459.0,36,1958,2048
459.0,538,102447,2550
460.0,33,12566,2045
461.0,32,3565,2044
461.0,34,62,2046
462.0,31,5617,2043
849.0,237,4723,2249
869.0,3218,1712,5230
999.0,3089,0,5101
1005.0,88,36596,2100
1152.0,148,0,2160
1208.0,2879,13,4891
1213.0,2874,13,4886
4084.0,79,51722,2091
4222.0,1662,483689,3674
4222.0,1670,29973,3682
4223.0,1667,7326,3679
117.0,281,2768,2293
118.0,136,1958,2148
119.0,193,102447,2205
119.0,136,12566,2148
120.0,138,3565,2150
120.0,130,62,2142
121.0,113,5617,2125
137.0,2049,4723,4061
157.0,2028,1712,4040
313.0,1879,0,3891
319.0,90,36596,2102
487.0,1704,0,3716
2190.0,97,51722,2109
2284.0,69,483689,2081
2285.0,65,29973,2077
2286.0,63,7326,2075
2408.0,3261,13,5273
2415.0,3254,13,5266
115.0,324,2768,2336
115.0,230,1958,2242
116.0,232,102447,2244
117.0,225,12566,2237
117.0,226,3565,2238
118.0,227,62,2239
118.0,229,5617,2241
135.0,1652,4723,3664
154.0,1631,1712,3643
351.0,1428,0,3440
356.0,1421,36596,3433
483.0,1308,0,3320
1783.0,2808,51722,4820
1911.0,2678,13,4690
1918.0,2736,13,4748
5583.0,23,483689,2035
5584.0,80,29973,2092
5584.0,22,7326,2034
156.0,96,2768,2108
157.0,87,1958,2099
157.0,142,102447,2154
158.0,87,12566,2099
158.0,197,3565,2209
159.0,84,62,2096
159.0,93,5617,2105
166.0,256,4723,2268
188.0,1936,1706,3948
245.0,1883,0,3895
251.0,177,36596,2189
511.0,1612,0,3624
558.0,1569,13,3581
564.0,1561,13,3573
2119.0,36,51722,2048
2219.0,67,483689,2079
2220.0,70,29973,2082
2220.0,68,7326,2080
128.0,45,4723,2057
223.0,1587,13,3599
402.0,1371,1706,3383
474.0,1289,2768,3301
475.0,1333,1958,3345
475.0,1295,102447,3307
476.0,1333,12566,3345
476.0,1392,3565,3404
477.0,1333,62,3345
477.0,1286,5617,3298
1762.0,255,0,2267
1777.0,166,51722,2178
1782.0,154,36596,2166
1931.0,159,13,2171
2012.0,77,483689,2089
2013.0,74,29973,2086
2014.0,76,7326,2088
2118.0,156,0,2168
115.0,67,2768,2079
117.0,63,1958,2075
118.0,186,102447,2198
119.0,61,12566,2073
119.0,63,3565,2075
120.0,241,62,2253
120.0,62,5617,2074
187.0,313,4723,2325
206.0,1934,1706,3946
253.0,1887,0,3899
257.0,238,36596,2250
456.0,120,0,2132
550.0,1582,13,3594
557.0,1585,13,3597
2138.0,75,51722,2087
2340.0,3070,483689,5082
2341.0,3066,29973,5078
2341.0,3099,7326,5111
474.0,428,2768,2440
475.0,23,1958,2035
476.0,655,102447,2667
476.0,21,12566,2033
477.0,19,3565,2031
477.0,18,62,2030
478.0,21,5617,2033
907.0,226,4723,2238
927.0,3655,1706,5667
974.0,3618,0,5630
977.0,154,36596,2166
1217.0,203,0,2215
1291.0,3297,13,5309
1297.0,3287,13,5299
4580.0,116,51722,2128
4722.0,2147,483689,4159
4723.0,2138,29973,4150
4724.0,2150,7326,4162
223.0,206,2768,2218
223.0,138,1958,2150
224.0,277,102447,2289
224.0,145,12566,2157
225.0,140,3565,2152
225.0,131,62,2143
226.0,144,5617,2156
245.0,1994,4723,4006
263.0,1969,1700,3981
424.0,1806,0,3818
428.0,79,36596,2091
608.0,1625,0,3637
2238.0,80,51722,2092
2381.0,69,483689,2081
2382.0,66,29973,2078
2383.0,72,7326,2084
2428.0,3823,13,5835
2433.0,3802,13,5814
