210	20
220	247
230	133
240	40
250	15
260	1
270	6
280	9
290	12
300	8
310	17
320	1
330	14
340	5
350	16
360	1
370	6
380	18
390	7
400	5
410	13
420	6
430	4
440	4
450	8
460	4
470	6
480	2
490	7
500	7
510	1
520	11
530	2
540	0
550	1
560	7
570	0
580	0
590	3
600	1
610	2
620	7
630	1
640	2
650	5
660	5
670	2
680	9
690	16
700	5
710	8
720	13
730	14
740	13
750	10
760	11
770	11
780	6
790	11
800	12
810	10
820	16
830	8
840	22
850	15
860	10
870	18
880	12
890	10
900	21
910	10
920	11
930	17
940	15
950	9
960	13
970	15
980	6
990	10
1000	9
1010	2
1020	8
1030	8
1040	3
1050	11
1060	6
1070	3
1080	24
1090	6
1100	18
1110	3
1120	6
1130	7
1140	6
1150	3
1160	13
1170	7
1180	3
1190	1
1200	6
1210	4
1220	0
1230	4
1240	8
1250	7
1260	2
1270	1
1280	4
1290	0
1300	1
1310	0
1320	0
1330	0
1340	0
1350	0
1360	0
1370	0
1380	0
1390	1
1400	1
1410	0
1420	0
1430	1
1440	0
1450	0
1460	0
1470	0
1480	2
1490	2
1500	1
1510	0
1520	2
1530	2
1540	1
1550	0
1560	0
1570	0
1580	0
1590	0
1600	0
1610	0
1620	0
1630	0
1640	0
1650	0
1660	0
1670	0
1680	0
1690	0
1700	0
1710	0
1720	0
1730	0
1740	0
1750	0
1760	0
1770	0
1780	0
1790	0
1800	0
1810	1
1820	0
1830	1
1840	0
1850	0
1860	0
1870	0
1880	0
1890	0
1900	0
1910	0
1920	0
1930	0
1940	4
1950	0
1960	1
1970	0
1980	0
1990	0
2000	0
2010	0
2020	0
2030	0
2040	0
2050	0
2060	0
2070	0
2080	0
2090	0
2100	0
2110	0
2120	0
2130	0
2140	0
2150	0
2160	0
2170	0
2180	0
2190	0
2200	0
2210	0
2220	0
2230	0
2240	0
2250	0
2260	0
2270	0
2280	0
2290	0
2300	0
2310	0
2320	0
2330	0
2340	0
2350	0
2360	0
2370	0
2380	0
2390	0
2400	0
2410	0
2420	0
2430	0
2440	0
2450	0
2460	0
2470	0
2480	0
2490	0
2500	0
2510	0
2520	0
2530	3
2540	1
2550	1
